# This file was generated by Animated Java via MC-Build. It is not recommended to edit this file directly.
$data merge entity $(bone_shell) {transformation: [-1f,0f,0f,0f,0f,0.9981f,0.061f,-0.2937f,0f,0.061f,-0.9981f,0f,0f,0f,0f,1f],start_interpolation: 0,interpolation_duration: 2}
$data merge entity $(bone_body) {transformation: [-1f,0.0021f,0.0085f,0f,0.0026f,0.9981f,0.0611f,-0.2937f,-0.0083f,0.0611f,-0.9981f,0f,0f,0f,0f,1f],start_interpolation: 0,interpolation_duration: 2}
$data merge entity $(bone_left_claw) {transformation: [-1f,0f,0f,0f,0f,0.9914f,0.1305f,-0.2937f,0f,0.1305f,-0.9914f,0f,0f,0f,0f,1f],start_interpolation: 0,interpolation_duration: 2}
$data merge entity $(bone_right_claw) {transformation: [-1f,0f,0f,0f,0f,0.9986f,0.0523f,-0.2937f,0f,0.0523f,-0.9986f,0f,0f,0f,0f,1f],start_interpolation: 0,interpolation_duration: 2}