# This file was generated by Animated Java via MC-Build. It is not recommended to edit this file directly.
$data merge entity $(bone_shell) {transformation: [-1f,0f,0f,0f,0f,0.9833f,0.1822f,-0.2937f,0f,0.1822f,-0.9833f,0f,0f,0f,0f,1f],start_interpolation: 0,interpolation_duration: 2}
$data merge entity $(bone_body) {transformation: [-0.9997f,0.0032f,0.026f,0f,0.0079f,0.9832f,0.1822f,-0.2937f,-0.025f,0.1823f,-0.9829f,0f,0f,0f,0f,1f],start_interpolation: 0,interpolation_duration: 2}
$data merge entity $(bone_left_claw) {transformation: [-1f,0f,0f,0f,0f,0.9239f,0.3827f,-0.2937f,0f,0.3827f,-0.9239f,0f,0f,0f,0f,1f],start_interpolation: 0,interpolation_duration: 2}
$data merge entity $(bone_right_claw) {transformation: [-1f,0f,0f,0f,0f,0.9877f,0.1564f,-0.2937f,0f,0.1564f,-0.9877f,0f,0f,0f,0f,1f],start_interpolation: 0,interpolation_duration: 2}