# This file was generated by Animated Java via MC-Build. It is not recommended to edit this file directly.
$data merge entity $(bone_shell) {transformation: [-1f,0f,0f,0f,0f,0.9703f,0.2419f,-0.2937f,0f,0.2419f,-0.9703f,0f,0f,0f,0f,1f],start_interpolation: 0,interpolation_duration: 1}
$data merge entity $(bone_body) {transformation: [-0.9994f,0.0021f,0.0348f,0f,0.0105f,0.9703f,0.2418f,-0.2937f,-0.0333f,0.242f,-0.9697f,0f,0f,0f,0f,1f],start_interpolation: 0,interpolation_duration: 1}
$data merge entity $(bone_left_claw) {transformation: [-1f,0f,0f,0f,0f,0.866f,0.5f,-0.2937f,0f,0.5f,-0.866f,0f,0f,0f,0f,1f],start_interpolation: 0,interpolation_duration: 1}
$data merge entity $(bone_right_claw) {transformation: [-1f,0f,0f,0f,0f,0.9781f,0.2079f,-0.2937f,0f,0.2079f,-0.9781f,0f,0f,0f,0f,1f],start_interpolation: 0,interpolation_duration: 1}