# This file was generated by Animated Java via MC-Build. It is not recommended to edit this file directly.
$data merge entity $(bone_body) {transformation: [-0.9999f,0f,0.0156f,0f,0.0047f,0.9537f,0.3008f,-0.2937f,-0.0149f,0.3008f,-0.9536f,0f,0f,0f,0f,1f],start_interpolation: 0,interpolation_duration: 1}
$data merge entity $(bone_left_claw) {transformation: [-1f,0f,0f,0f,0f,0.9659f,0.2588f,-0.2937f,0f,0.2588f,-0.9659f,0f,0f,0f,0f,1f],start_interpolation: 0,interpolation_duration: 1}
$data merge entity $(bone_right_claw) {transformation: [-1f,0f,0f,0f,0f,0.9239f,0.3827f,-0.2937f,0f,0.3827f,-0.9239f,0f,0f,0f,0f,1f],start_interpolation: 0,interpolation_duration: 1}