# This file was generated by Animated Java via MC-Build. It is not recommended to edit this file directly.
$data merge entity $(bone_shell) {transformation: [-1f,0f,0f,0f,0f,0.9833f,0.1822f,-0.2937f,0f,0.1822f,-0.9833f,0f,0f,0f,0f,1f],start_interpolation: 0,interpolation_duration: 1}
$data merge entity $(bone_body) {transformation: [-1f,-0.0002f,-0.0019f,0f,-0.0006f,0.9833f,0.1822f,-0.2937f,0.0018f,0.1822f,-0.9833f,0f,0f,0f,0f,1f],start_interpolation: 0,interpolation_duration: 1}
$data merge entity $(bone_left_claw) {transformation: [-1f,0f,0f,0f,0f,0.9659f,0.2588f,-0.2937f,0f,0.2588f,-0.9659f,0f,0f,0f,0f,1f],start_interpolation: 0,interpolation_duration: 1}
$data merge entity $(bone_right_claw) {transformation: [-1f,0f,0f,0f,0f,0.8788f,0.4772f,-0.2937f,0f,0.4772f,-0.8788f,0f,0f,0f,0f,1f],start_interpolation: 0,interpolation_duration: 1}