# This file was generated by Animated Java via MC-Build. It is not recommended to edit this file directly.
$data merge entity $(bone_shell) {transformation: [-1f,0f,0f,0f,0f,0.9925f,0.1219f,-0.2937f,0f,0.1219f,-0.9925f,0f,0f,0f,0f,1f],start_interpolation: 0,interpolation_duration: 2}
$data merge entity $(bone_body) {transformation: [-1f,-0.0002f,-0.0012f,0f,-0.0004f,0.9925f,0.1219f,-0.2937f,0.0012f,0.1219f,-0.9925f,0f,0f,0f,0f,1f],start_interpolation: 0,interpolation_duration: 2}
$data merge entity $(bone_left_claw) {transformation: [-1f,0f,0f,0f,0f,0.9239f,0.3827f,-0.2937f,0f,0.3827f,-0.9239f,0f,0f,0f,0f,1f],start_interpolation: 0,interpolation_duration: 2}
$data merge entity $(bone_right_claw) {transformation: [-1f,0f,0f,0f,0f,0.9135f,0.4067f,-0.2937f,0f,0.4067f,-0.9135f,0f,0f,0f,0f,1f],start_interpolation: 0,interpolation_duration: 2}