# This file was generated by Animated Java via MC-Build. It is not recommended to edit this file directly.
$data merge entity $(bone_body) {transformation: [-1f,0f,0.0062f,0f,0.0019f,0.9537f,0.3008f,-0.2937f,-0.0059f,0.3008f,-0.9537f,0f,0f,0f,0f,1f],start_interpolation: 0,interpolation_duration: 2}
$data merge entity $(bone_left_claw) {transformation: [-1f,0f,0f,0f,0f,0.9914f,0.1305f,-0.2937f,0f,0.1305f,-0.9914f,0f,0f,0f,0f,1f],start_interpolation: 0,interpolation_duration: 2}
$data merge entity $(bone_right_claw) {transformation: [-1f,0f,0f,0f,0f,0.8387f,0.5446f,-0.2937f,0f,0.5446f,-0.8387f,0f,0f,0f,0f,1f],start_interpolation: 0,interpolation_duration: 2}