# This file was generated by Animated Java via MC-Build. It is not recommended to edit this file directly.
$data merge entity $(bone_left_wing) {transformation: [-0.9703f,0.2419f,0f,-0.46f,0.2419f,0.9703f,0f,-0.4825f,0f,0f,-1f,-0.0188f,0f,0f,0f,1f],start_interpolation: 0,interpolation_duration: 1}
$data merge entity $(bone_right_wing) {transformation: [-0.9703f,-0.2419f,0f,0.1125f,-0.2419f,0.9703f,0f,-0.5675f,0f,0f,-1f,-0.0187f,0f,0f,0f,1f],start_interpolation: 0,interpolation_duration: 1}
$data merge entity $(bone_left_foot) {transformation: [-1f,0f,0f,-0.25f,0f,0.9749f,0.2225f,-0.5812f,0f,0.2225f,-0.9749f,-0.0188f,0f,0f,0f,1f],start_interpolation: 0,interpolation_duration: 1}
$data merge entity $(bone_right_foot) {transformation: [-1f,0f,0f,0f,0f,0.866f,0.5f,-0.5812f,0f,0.5f,-0.866f,0.0438f,0f,0f,0f,1f],start_interpolation: 0,interpolation_duration: 1}
$data merge entity $(bone_head) {transformation: [-1f,0f,0f,-0.0469f,0f,0.9983f,-0.0581f,-0.05f,0f,-0.0581f,-0.9983f,0.0437f,0f,0f,0f,1f],start_interpolation: 0,interpolation_duration: 1}