# This file was generated by Animated Java via MC-Build. It is not recommended to edit this file directly.
$data merge entity $(bone_left_wing) {transformation: [-0.8829f,0.4695f,0f,-0.545f,0.4695f,0.8829f,0f,-0.415f,0f,0f,-1f,-0.0188f,0f,0f,0f,1f],start_interpolation: 0,interpolation_duration: 2}
$data merge entity $(bone_right_wing) {transformation: [-0.8829f,-0.4695f,0f,0.225f,-0.4695f,0.8829f,0f,-0.585f,0f,0f,-1f,-0.0187f,0f,0f,0f,1f],start_interpolation: 0,interpolation_duration: 2}
$data merge entity $(bone_left_foot) {transformation: [-1f,0f,0f,-0.25f,0f,0.901f,0.4339f,-0.5812f,0f,0.4339f,-0.901f,-0.0188f,0f,0f,0f,1f],start_interpolation: 0,interpolation_duration: 2}
$data merge entity $(bone_right_foot) {transformation: [-1f,0f,0f,0f,0f,0.7818f,0.6235f,-0.5812f,0f,0.6235f,-0.7818f,0.0438f,0f,0f,0f,1f],start_interpolation: 0,interpolation_duration: 2}
$data merge entity $(bone_head) {transformation: [-1f,0f,0f,-0.0469f,0f,0.999f,-0.0436f,-0.05f,0f,-0.0436f,-0.999f,0.0437f,0f,0f,0f,1f],start_interpolation: 0,interpolation_duration: 2}