# This file was generated by Animated Java via MC-Build. It is not recommended to edit this file directly.
$data merge entity $(bone_left_wing) {transformation: [-0.9336f,0.3584f,0f,-0.5025f,0.3584f,0.9336f,0f,-0.4487f,0f,0f,-1f,-0.0188f,0f,0f,0f,1f],start_interpolation: 0,interpolation_duration: 2}
$data merge entity $(bone_right_wing) {transformation: [-0.9336f,-0.3584f,0f,0.1688f,-0.3584f,0.9336f,0f,-0.5762f,0f,0f,-1f,-0.0187f,0f,0f,0f,1f],start_interpolation: 0,interpolation_duration: 2}
$data merge entity $(bone_left_foot) {transformation: [-1f,0f,0f,-0.25f,0f,0.7071f,0.7071f,-0.5812f,0f,0.7071f,-0.7071f,-0.0188f,0f,0f,0f,1f],start_interpolation: 0,interpolation_duration: 2}
$data merge entity $(bone_right_foot) {transformation: [-1f,0f,0f,0f,0f,0.9439f,0.3303f,-0.5812f,0f,0.3303f,-0.9439f,0.0438f,0f,0f,0f,1f],start_interpolation: 0,interpolation_duration: 2}
$data merge entity $(bone_head) {transformation: [-1f,0f,0f,-0.0469f,0f,0.9962f,0.0872f,-0.05f,0f,0.0872f,-0.9962f,0.0437f,0f,0f,0f,1f],start_interpolation: 0,interpolation_duration: 2}