# This file was generated by Animated Java via MC-Build. It is not recommended to edit this file directly.
$data merge entity $(bone_left_wing) {transformation: [-0.9925f,0.1219f,0f,-0.4175f,0.1219f,0.9925f,0f,-0.5163f,0f,0f,-1f,-0.0188f,0f,0f,0f,1f],start_interpolation: 0,interpolation_duration: 1}
$data merge entity $(bone_right_wing) {transformation: [-0.9925f,-0.1219f,0f,0.0563f,-0.1219f,0.9925f,0f,-0.5588f,0f,0f,-1f,-0.0187f,0f,0f,0f,1f],start_interpolation: 0,interpolation_duration: 1}
$data merge entity $(bone_left_foot) {transformation: [-1f,0f,0f,-0.25f,0f,0.9659f,0.2588f,-0.5812f,0f,0.2588f,-0.9659f,-0.0188f,0f,0f,0f,1f],start_interpolation: 0,interpolation_duration: 1}
$data merge entity $(bone_right_foot) {transformation: [-1f,0f,0f,0f,0f,0.9937f,0.112f,-0.5812f,0f,0.112f,-0.9937f,0.0438f,0f,0f,0f,1f],start_interpolation: 0,interpolation_duration: 1}
$data merge entity $(bone_head) {transformation: [-1f,0f,0f,-0.0469f,0f,0.9996f,0.0291f,-0.05f,0f,0.0291f,-0.9996f,0.0437f,0f,0f,0f,1f],start_interpolation: 0,interpolation_duration: 1}