# This file was generated by Animated Java via MC-Build. It is not recommended to edit this file directly.
$data merge entity $(bone_head) { transformation: [-0.9990482215818578f,0.043619387365336f,1.2246467991473532e-16f,0f,0.043619387365336f,0.9990482215818578f,0f,0f,-1.223481206754078e-16f,5.341834311772723e-18f,-1f,0f,0f,0f,0f,1f], start_interpolation: 0, interpolation_duration: 1 }
$data merge entity $(bone_clothing) { transformation: [-0.9990482215818578f,0.043619387365336f,1.2246467991473532e-16f,0f,0.043619387365336f,0.9990482215818578f,0f,0f,-1.223481206754078e-16f,5.341834311772723e-18f,-1f,0f,0f,0f,0f,1f], start_interpolation: 0, interpolation_duration: 1 }
$data merge entity $(bone_left_leg) { transformation: [-1f,2.1265768495757713e-17f,1.2060416625018976e-16f,-7.654042494670958e-18f,0f,0.984807753012208f,-0.17364817766693033f,0f,-1.2246467991473532e-16f,-0.17364817766693033f,-0.984807753012208f,0.0625f,0f,0f,0f,1f], start_interpolation: 0, interpolation_duration: 1 }
$data merge entity $(bone_nose) { transformation: [-0.9990482215818578f,-0.043619387365336f,1.2246467991473532e-16f,0.0625f,-0.043619387365336f,0.9990482215818578f,0f,0f,-1.223481206754078e-16f,-5.341834311772723e-18f,-1f,7.654042494670958e-18f,0f,0f,0f,1f], start_interpolation: 0, interpolation_duration: 1 }
$data merge entity $(bone_right_leg) { transformation: [-1f,-2.1265768495757713e-17f,1.2060416625018976e-16f,7.654042494670958e-18f,0f,0.984807753012208f,0.17364817766693033f,0f,-1.2246467991473532e-16f,0.17364817766693033f,-0.984807753012208f,-0.0625f,0f,0f,0f,1f], start_interpolation: 0, interpolation_duration: 1 }
$data merge entity $(bone_left_arm) { transformation: [-0.9990482215818774f,0.04357787137337466f,0.0019026509541882307f,7.654042494670958e-18f,0.043453402426915665f,0.9904976071949362f,0.13048483420930768f,0f,0.003801680103898723f,0.13044331821780525f,-0.9914484797309016f,-0.0625f,0f,0f,0f,1f], start_interpolation: 0, interpolation_duration: 1 }
$data merge entity $(bone_right_arm) { transformation: [-0.9990482215818774f,0.04357787137337469f,-0.0019026509541879878f,-7.654042494670958e-18f,0.043453402426915665f,0.9904976071949362f,-0.13048483420930768f,0f,-0.0038016801038989675f,-0.13044331821780525f,-0.9914484797309016f,0.0625f,0f,0f,0f,1f], start_interpolation: 0, interpolation_duration: 1 }