# This file was generated by Animated Java via MC-Build. It is not recommended to edit this file directly.
$data merge entity $(bone_head) { transformation: [-0.9996573249755573f,0.026176948307873153f,1.2246467991473532e-16f,0f,0.026176948307873153f,0.9996573249755573f,0f,0f,-1.2242271432755217e-16f,3.205751595668258e-18f,-1f,0f,0f,0f,0f,1f], start_interpolation: 0, interpolation_duration: 1 }
$data merge entity $(bone_clothing) { transformation: [-0.9996573249755573f,0.026176948307873153f,1.2246467991473532e-16f,0f,0.026176948307873153f,0.9996573249755573f,0f,0f,-1.2242271432755217e-16f,3.205751595668258e-18f,-1f,0f,0f,0f,0f,1f], start_interpolation: 0, interpolation_duration: 1 }
$data merge entity $(bone_left_leg) { transformation: [-1f,1.280104479605235e-17f,1.217938055844715e-16f,-4.592425496802575e-18f,0f,0.9945218953682733f,-0.10452846326765347f,0f,-1.2246467991473532e-16f,-0.10452846326765347f,-0.9945218953682733f,0.037500000000000006f,0f,0f,0f,1f], start_interpolation: 0, interpolation_duration: 1 }
$data merge entity $(bone_nose) { transformation: [-0.9996573249755573f,-0.026176948307873153f,1.2246467991473532e-16f,0.037500000000000006f,-0.026176948307873153f,0.9996573249755573f,0f,0f,-1.2242271432755217e-16f,-3.205751595668258e-18f,-1f,4.592425496802575e-18f,0f,0f,0f,1f], start_interpolation: 0, interpolation_duration: 1 }
$data merge entity $(bone_right_leg) { transformation: [-1f,-1.280104479605235e-17f,1.217938055844715e-16f,4.592425496802575e-18f,0f,0.9945218953682733f,0.10452846326765347f,0f,-1.2246467991473532e-16f,0.10452846326765347f,-0.9945218953682733f,-0.037500000000000006f,0f,0f,0f,1f], start_interpolation: 0, interpolation_duration: 1 }
$data merge entity $(bone_left_arm) { transformation: [-0.9996573239268983f,0.026175991142004345f,-0.00022848861238986473f,4.592425496802575e-18f,0.026077417538735097f,0.9965775302475087f,0.07844230045253818f,0f,0.002281011578829255f,0.0784094617601059f,-0.9969186292234025f,-0.037500000000000006f,0f,0f,0f,1f], start_interpolation: 0, interpolation_duration: 1 }
$data merge entity $(bone_right_arm) { transformation: [-0.9996573239268983f,0.026175991142004366f,0.0002284886123901089f,-4.592425496802575e-18f,0.026077417538735097f,0.9965775302475087f,-0.07844230045253818f,0f,-0.0022810115788294994f,-0.0784094617601059f,-0.9969186292234025f,0.037500000000000006f,0f,0f,0f,1f], start_interpolation: 0, interpolation_duration: 1 }