# This file was generated by Animated Java via MC-Build. It is not recommended to edit this file directly.
$data merge entity $(bone_head) { transformation: [-0.9999619230641713f,0.008726535498373935f,1.2246467991473532e-16f,0f,0.008726535498373935f,0.9999619230641713f,0f,0f,-1.2246001683497691e-16f,1.0686923765729392e-18f,-1f,0f,0f,0f,0f,1f], start_interpolation: 0, interpolation_duration: 1 }
$data merge entity $(bone_clothing) { transformation: [-0.9999619230641713f,0.008726535498373935f,1.2246467991473532e-16f,0f,0.008726535498373935f,0.9999619230641713f,0f,0f,-1.2246001683497691e-16f,1.0686923765729392e-18f,-1f,0f,0f,0f,0f,1f], start_interpolation: 0, interpolation_duration: 1 }
$data merge entity $(bone_left_leg) { transformation: [-1f,4.273955692857142e-18f,1.2239007774061617e-16f,-1.5308084989341912e-18f,0f,0.9993908270190958f,-0.03489949670250097f,0f,-1.2246467991473532e-16f,-0.03489949670250097f,-0.9993908270190958f,0.012499999999999997f,0f,0f,0f,1f], start_interpolation: 0, interpolation_duration: 1 }
$data merge entity $(bone_nose) { transformation: [-0.9999619230641713f,-0.008726535498373935f,1.2246467991473532e-16f,0.012499999999999997f,-0.008726535498373935f,0.9999619230641713f,0f,0f,-1.2246001683497691e-16f,-1.0686923765729392e-18f,-1f,1.5308084989341912e-18f,0f,0f,0f,1f], start_interpolation: 0, interpolation_duration: 1 }
$data merge entity $(bone_right_leg) { transformation: [-1f,-4.273955692857142e-18f,1.2239007774061617e-16f,1.5308084989341912e-18f,0f,0.9993908270190958f,0.03489949670250097f,0f,-1.2246467991473532e-16f,0.03489949670250097f,-0.9993908270190958f,-0.012499999999999997f,0f,0f,0f,1f], start_interpolation: 0, interpolation_duration: 1 }
$data merge entity $(bone_left_arm) { transformation: [-0.9999619228893838f,0.00871028589272792f,-0.0005326265418521747f,1.5308084989341912e-18f,0.008693368612219756f,0.9996198094307767f,0.02616604547404412f,0f,0.0007603377790250882f,0.02616041882777524f,-0.9996574685227021f,-0.012499999999999997f,0f,0f,0f,1f], start_interpolation: 0, interpolation_duration: 1 }
$data merge entity $(bone_right_arm) { transformation: [-0.9999619228893838f,0.008710285892727926f,0.0005326265418524195f,-1.5308084989341912e-18f,0.008693368612219756f,0.9996198094307767f,-0.02616604547404412f,0f,-0.000760337779025333f,-0.02616041882777524f,-0.9996574685227021f,0.012499999999999997f,0f,0f,0f,1f], start_interpolation: 0, interpolation_duration: 1 }