# This file was generated by Animated Java via MC-Build. It is not recommended to edit this file directly.
$data merge entity $(bone_head) { transformation: [-0.999914327574007f,-0.013089595571344433f,1.2246467991473532e-16f,0f,-0.013089595571344433f,0.999914327574007f,0f,0f,-1.2245418806850857e-16f,-1.603013131858033e-18f,-1f,0f,0f,0f,0f,1f], start_interpolation: 0, interpolation_duration: 1 }
$data merge entity $(bone_clothing) { transformation: [-0.999914327574007f,-0.013089595571344433f,1.2246467991473532e-16f,0f,-0.013089595571344433f,0.999914327574007f,0f,0f,-1.2245418806850857e-16f,-1.603013131858033e-18f,-1f,0f,0f,0f,0f,1f], start_interpolation: 0, interpolation_duration: 1 }
$data merge entity $(bone_left_leg) { transformation: [-1f,-6.409306129323706e-18f,1.2229684632711994e-16f,2.296212748401286e-18f,0f,0.9986295347545738f,0.0523359562429438f,0f,-1.2246467991473532e-16f,0.0523359562429438f,-0.9986295347545738f,-0.01874999999999999f,0f,0f,0f,1f], start_interpolation: 0, interpolation_duration: 1 }
$data merge entity $(bone_nose) { transformation: [-0.999914327574007f,0.013089595571344433f,1.2246467991473532e-16f,-0.01874999999999999f,0.013089595571344433f,0.999914327574007f,0f,0f,-1.2245418806850857e-16f,1.603013131858033e-18f,-1f,-2.296212748401286e-18f,0f,0f,0f,1f], start_interpolation: 0, interpolation_duration: 1 }
$data merge entity $(bone_right_leg) { transformation: [-1f,6.409306129323706e-18f,1.2229684632711994e-16f,-2.296212748401286e-18f,0f,0.9986295347545738f,-0.0523359562429438f,0f,-1.2246467991473532e-16f,-0.0523359562429438f,-0.9986295347545738f,0.01874999999999999f,0f,0f,0f,1f], start_interpolation: 0, interpolation_duration: 1 }
$data merge entity $(bone_left_arm) { transformation: [-0.9999143274800972f,-0.013087610025040351f,-0.00022839408332631323f,-1.148106374200643e-18f,-0.013077151540318861f,0.9995719749593098f,-0.026169734112833857f,0f,0.0005707955994672689f,-0.026164505341728653f,-0.999657487768989f,0.009374999999999994f,0f,0f,0f,1f], start_interpolation: 0, interpolation_duration: 1 }
$data merge entity $(bone_right_arm) { transformation: [-0.9999143274800972f,-0.013087610025040358f,0.0002283940833265581f,2.296212748401286e-18f,-0.013077151540318861f,0.9995719749593098f,0.026169734112833857f,0f,-0.0005707955994675137f,0.026164505341728653f,-0.999657487768989f,-0.01874999999999999f,0f,0f,0f,1f], start_interpolation: 0, interpolation_duration: 1 }