# This file was generated by Animated Java via MC-Build. It is not recommended to edit this file directly.
$data merge entity $(bone_head) { transformation: [-0.9997620270799091f,-0.02181488503456112f,1.2246467991473532e-16f,0f,-0.02181488503456112f,0.9997620270799091f,0f,0f,-1.22435536637248e-16f,-2.6715529131342774e-18f,-1f,0f,0f,0f,0f,1f], start_interpolation: 0, interpolation_duration: 1 }
$data merge entity $(bone_clothing) { transformation: [-0.9997620270799091f,-0.02181488503456112f,1.2246467991473532e-16f,0f,-0.02181488503456112f,0.9997620270799091f,0f,0f,-1.22435536637248e-16f,-2.6715529131342774e-18f,-1f,0f,0f,0f,0f,1f], start_interpolation: 0, interpolation_duration: 1 }
$data merge entity $(bone_left_leg) { transformation: [-1f,-1.0673500138322974e-17f,1.2199866483456202e-16f,3.827021247335479e-18f,0f,0.9961946980917455f,0.08715574274765818f,0f,-1.2246467991473532e-16f,0.08715574274765818f,-0.9961946980917455f,-0.03125f,0f,0f,0f,1f], start_interpolation: 0, interpolation_duration: 1 }
$data merge entity $(bone_nose) { transformation: [-0.9997620270799091f,0.02181488503456112f,1.2246467991473532e-16f,-0.03125f,0.02181488503456112f,0.9997620270799091f,0f,0f,-1.22435536637248e-16f,2.6715529131342774e-18f,-1f,-3.827021247335479e-18f,0f,0f,0f,1f], start_interpolation: 0, interpolation_duration: 1 }
$data merge entity $(bone_right_leg) { transformation: [-1f,1.0673500138322974e-17f,1.2199866483456202e-16f,-3.827021247335479e-18f,0f,0.9961946980917455f,-0.08715574274765818f,0f,-1.2246467991473532e-16f,-0.08715574274765818f,-0.9961946980917455f,0.03125f,0f,0f,0f,1f], start_interpolation: 0, interpolation_duration: 1 }
$data merge entity $(bone_left_arm) { transformation: [-0.9997620268649204f,-0.021814894887351315f,4.302529643828601e-10f,-1.9135106236677394e-18f,-0.021794141826746324f,0.9988109271321849f,-0.04360902685661484f,0f,0.000951325907275371f,-0.04359864908915299f,-0.999048673877614f,0.015625f,0f,0f,0f,1f], start_interpolation: 0, interpolation_duration: 1 }
$data merge entity $(bone_right_arm) { transformation: [-0.9997620268649204f,-0.02181489488735133f,-4.30252719686508e-10f,3.827021247335479e-18f,-0.021794141826746324f,0.9988109271321849f,0.04360902685661484f,0f,-0.0009513259072756158f,0.04359864908915299f,-0.999048673877614f,-0.03125f,0f,0f,0f,1f], start_interpolation: 0, interpolation_duration: 1 }