# This file was generated by Animated Java via MC-Build. It is not recommended to edit this file directly.
$data merge entity $(bone_head) { transformation: [-0.9993908270190958f,-0.03489949670250096f,1.2246467991473532e-16f,0f,-0.03489949670250096f,0.9993908270190958f,0f,0f,-1.2239007774061617e-16f,-4.273955692857141e-18f,-1f,0f,0f,0f,0f,1f], start_interpolation: 0, interpolation_duration: 1 }
$data merge entity $(bone_clothing) { transformation: [-0.9993908270190958f,-0.03489949670250096f,1.2246467991473532e-16f,0f,-0.03489949670250096f,0.9993908270190958f,0f,0f,-1.2239007774061617e-16f,-4.273955692857141e-18f,-1f,0f,0f,0f,0f,1f], start_interpolation: 0, interpolation_duration: 1 }
$data merge entity $(bone_left_leg) { transformation: [-1f,-1.7043789261815554e-17f,1.2127286206821952e-16f,6.123233995736765e-18f,0f,0.9902680687415704f,0.1391731009600654f,0f,-1.2246467991473532e-16f,0.1391731009600654f,-0.9902680687415704f,-0.04999999999999999f,0f,0f,0f,1f], start_interpolation: 0, interpolation_duration: 1 }
$data merge entity $(bone_nose) { transformation: [-0.9993908270190958f,0.03489949670250096f,1.2246467991473532e-16f,-0.04999999999999999f,0.03489949670250096f,0.9993908270190958f,0f,0f,-1.2239007774061617e-16f,4.273955692857141e-18f,-1f,-6.123233995736765e-18f,0f,0f,0f,1f], start_interpolation: 0, interpolation_duration: 1 }
$data merge entity $(bone_right_leg) { transformation: [-1f,1.7043789261815554e-17f,1.2127286206821952e-16f,-6.123233995736765e-18f,0f,0.9902680687415704f,-0.1391731009600654f,0f,-1.2246467991473532e-16f,-0.1391731009600654f,-0.9902680687415704f,0.04999999999999999f,0f,0f,0f,1f], start_interpolation: 0, interpolation_duration: 1 }
$data merge entity $(bone_left_arm) { transformation: [-0.9993908267549348f,-0.034887546586006506f,0.0009135049518686561f,-3.0616169978683824e-18f,-0.03486629526440477f,0.9969561282087938f,-0.06973392202842488f,0f,0.0015221210934770815f,-0.06972329252222903f,-0.9975652087093037f,0.024999999999999994f,0f,0f,0f,1f], start_interpolation: 0, interpolation_duration: 1 }
$data merge entity $(bone_right_arm) { transformation: [-0.9993908267549348f,-0.03488754658600652f,-0.0009135049518684118f,6.123233995736765e-18f,-0.03486629526440477f,0.9969561282087938f,0.06973392202842488f,0f,-0.0015221210934773261f,0.06972329252222903f,-0.9975652087093037f,-0.04999999999999999f,0f,0f,0f,1f], start_interpolation: 0, interpolation_duration: 1 }