# This file was generated by Animated Java via MC-Build. It is not recommended to edit this file directly.
$data merge entity $(bone_head) { transformation: [-0.999914327574007f,0.01308959557134444f,1.2246467991473532e-16f,0f,0.01308959557134444f,0.999914327574007f,0f,0f,-1.2245418806850857e-16f,1.6030131318580337e-18f,-1f,0f,0f,0f,0f,1f], start_interpolation: 0, interpolation_duration: 1 }
$data merge entity $(bone_clothing) { transformation: [-0.999914327574007f,0.01308959557134444f,1.2246467991473532e-16f,0f,0.01308959557134444f,0.999914327574007f,0f,0f,-1.2245418806850857e-16f,1.6030131318580337e-18f,-1f,0f,0f,0f,0f,1f], start_interpolation: 0, interpolation_duration: 1 }
$data merge entity $(bone_left_leg) { transformation: [-1f,6.4093061293237094e-18f,1.2229684632711994e-16f,-2.296212748401287e-18f,0f,0.9986295347545738f,-0.05233595624294383f,0f,-1.2246467991473532e-16f,-0.05233595624294383f,-0.9986295347545738f,0.01875f,0f,0f,0f,1f], start_interpolation: 0, interpolation_duration: 1 }
$data merge entity $(bone_nose) { transformation: [-0.999914327574007f,-0.01308959557134444f,1.2246467991473532e-16f,0.01875f,-0.01308959557134444f,0.999914327574007f,0f,0f,-1.2245418806850857e-16f,-1.6030131318580337e-18f,-1f,2.296212748401287e-18f,0f,0f,0f,1f], start_interpolation: 0, interpolation_duration: 1 }
$data merge entity $(bone_right_leg) { transformation: [-1f,-6.4093061293237094e-18f,1.2229684632711994e-16f,2.296212748401287e-18f,0f,0.9986295347545738f,0.05233595624294383f,0f,-1.2246467991473532e-16f,0.05233595624294383f,-0.9986295347545738f,-0.01875f,0f,0f,0f,1f], start_interpolation: 0, interpolation_duration: 1 }
$data merge entity $(bone_left_arm) { transformation: [-0.9999143272012216f,0.013074554823937892f,-0.0006279123220053862f,2.296212748401287e-18f,0.013039842889415185f,0.9991444687234359f,0.03924656821662693f,0f,0.0011405065311746777f,0.03923501797525809f,-0.9992293593611696f,-0.01875f,0f,0f,0f,1f], start_interpolation: 0, interpolation_duration: 1 }
$data merge entity $(bone_right_arm) { transformation: [-0.9999143272012216f,0.013074554823937903f,0.000627912322005631f,-2.296212748401287e-18f,0.013039842889415185f,0.9991444687234359f,-0.03924656821662693f,0f,-0.0011405065311749227f,-0.03923501797525809f,-0.9992293593611696f,0.01875f,0f,0f,0f,1f], start_interpolation: 0, interpolation_duration: 1 }