# This file was generated by Animated Java via MC-Build. It is not recommended to edit this file directly.
$data merge entity $(bone_head) { transformation: [-0.9996573249755573f,-0.026176948307873153f,1.2246467991473532e-16f,0f,-0.026176948307873153f,0.9996573249755573f,0f,0f,-1.2242271432755217e-16f,-3.205751595668258e-18f,-1f,0f,0f,0f,0f,1f], start_interpolation: 0, interpolation_duration: 1 }
$data merge entity $(bone_clothing) { transformation: [-0.9996573249755573f,-0.026176948307873153f,1.2246467991473532e-16f,0f,-0.026176948307873153f,0.9996573249755573f,0f,0f,-1.2242271432755217e-16f,-3.205751595668258e-18f,-1f,0f,0f,0f,0f,1f], start_interpolation: 0, interpolation_duration: 1 }
$data merge entity $(bone_left_leg) { transformation: [-1f,-1.280104479605235e-17f,1.217938055844715e-16f,4.592425496802575e-18f,0f,0.9945218953682733f,0.10452846326765347f,0f,-1.2246467991473532e-16f,0.10452846326765347f,-0.9945218953682733f,-0.037500000000000006f,0f,0f,0f,1f], start_interpolation: 0, interpolation_duration: 1 }
$data merge entity $(bone_nose) { transformation: [-0.9996573249755573f,0.026176948307873153f,1.2246467991473532e-16f,-0.037500000000000006f,0.026176948307873153f,0.9996573249755573f,0f,0f,-1.2242271432755217e-16f,3.205751595668258e-18f,-1f,-4.592425496802575e-18f,0f,0f,0f,1f], start_interpolation: 0, interpolation_duration: 1 }
$data merge entity $(bone_right_leg) { transformation: [-1f,1.280104479605235e-17f,1.217938055844715e-16f,-4.592425496802575e-18f,0f,0.9945218953682733f,-0.10452846326765347f,0f,-1.2246467991473532e-16f,-0.10452846326765347f,-0.9945218953682733f,0.037500000000000006f,0f,0f,0f,1f], start_interpolation: 0, interpolation_duration: 1 }
$data merge entity $(bone_left_arm) { transformation: [-0.9996573247113844f,-0.026175961906718087f,0.00022840563910876666f,-2.2962127484012876e-18f,-0.026152053855042635f,0.9982877195182117f,-0.05232302684565613f,0f,0.001141591012965092f,-0.05231107031390531f,-0.9986301861512963f,0.018750000000000003f,0f,0f,0f,1f], start_interpolation: 0, interpolation_duration: 1 }
$data merge entity $(bone_right_arm) { transformation: [-0.9996573247113844f,-0.0261759619067181f,-0.00022840563910852207f,4.592425496802575e-18f,-0.026152053855042635f,0.9982877195182117f,0.05232302684565613f,0f,-0.001141591012965337f,0.05231107031390531f,-0.9986301861512963f,-0.037500000000000006f,0f,0f,0f,1f], start_interpolation: 0, interpolation_duration: 1 }