# This file was generated by Animated Java via MC-Build. It is not recommended to edit this file directly.
$data merge entity $(bone_head) { transformation: [-0.9998476951563913f,-0.017452406437283508f,1.2246467991473532e-16f,0f,-0.017452406437283508f,0.9998476951563913f,0f,0f,-1.2244602795081332e-16f,-2.137303368083791e-18f,-1f,0f,0f,0f,0f,1f], start_interpolation: 0, interpolation_duration: 1 }
$data merge entity $(bone_clothing) { transformation: [-0.9998476951563913f,-0.017452406437283508f,1.2246467991473532e-16f,0f,-0.017452406437283508f,0.9998476951563913f,0f,0f,-1.2244602795081332e-16f,-2.137303368083791e-18f,-1f,0f,0f,0f,0f,1f], start_interpolation: 0, interpolation_duration: 1 }
$data merge entity $(bone_left_leg) { transformation: [-1f,-8.542704229054942e-18f,1.221663621095163e-16f,3.0616169978683824e-18f,0f,0.9975640502598242f,0.06975647374412529f,0f,-1.2246467991473532e-16f,0.06975647374412529f,-0.9975640502598242f,-0.024999999999999994f,0f,0f,0f,1f], start_interpolation: 0, interpolation_duration: 1 }
$data merge entity $(bone_nose) { transformation: [-0.9998476951563913f,0.017452406437283508f,1.2246467991473532e-16f,-0.024999999999999994f,0.017452406437283508f,0.9998476951563913f,0f,0f,-1.2244602795081332e-16f,2.137303368083791e-18f,-1f,-3.0616169978683824e-18f,0f,0f,0f,1f], start_interpolation: 0, interpolation_duration: 1 }
$data merge entity $(bone_right_leg) { transformation: [-1f,8.542704229054942e-18f,1.221663621095163e-16f,-3.0616169978683824e-18f,0f,0.9975640502598242f,-0.06975647374412529f,0f,-1.2246467991473532e-16f,-0.06975647374412529f,-0.9975640502598242f,0.024999999999999994f,0f,0f,0f,1f], start_interpolation: 0, interpolation_duration: 1 }
$data merge entity $(bone_left_arm) { transformation: [-0.9998476950022849f,-0.01745175098758823f,-0.00015226977770180708f,-1.5308084989341912e-18f,-0.01743581329123187f,0.9992390200801873f,-0.03489087508304003f,0f,0.000761060767146843f,-0.03488290608097632f,-0.9993911164553417f,0.012499999999999997f,0f,0f,0f,1f], start_interpolation: 0, interpolation_duration: 1 }
$data merge entity $(bone_right_arm) { transformation: [-0.9998476950022849f,-0.017451750987588235f,0.00015226977770205183f,3.0616169978683824e-18f,-0.01743581329123187f,0.9992390200801873f,0.03489087508304003f,0f,-0.0007610607671470879f,0.03488290608097632f,-0.9993911164553417f,-0.024999999999999994f,0f,0f,0f,1f], start_interpolation: 0, interpolation_duration: 1 }