# This file was generated by Animated Java via MC-Build. It is not recommended to edit this file directly.
$data merge entity $(bone_head) { transformation: [-0.9996573249755573f,0.02617694830787315f,1.2246467991473532e-16f,0f,0.02617694830787315f,0.9996573249755573f,0f,0f,-1.2242271432755217e-16f,3.2057515956682574e-18f,-1f,0f,0f,0f,0f,1f], start_interpolation: 0, interpolation_duration: 1 }
$data merge entity $(bone_clothing) { transformation: [-0.9996573249755573f,0.02617694830787315f,1.2246467991473532e-16f,0f,0.02617694830787315f,0.9996573249755573f,0f,0f,-1.2242271432755217e-16f,3.2057515956682574e-18f,-1f,0f,0f,0f,0f,1f], start_interpolation: 0, interpolation_duration: 1 }
$data merge entity $(bone_left_leg) { transformation: [-1f,1.2801044796052349e-17f,1.217938055844715e-16f,-4.592425496802574e-18f,0f,0.9945218953682733f,-0.10452846326765346f,0f,-1.2246467991473532e-16f,-0.10452846326765346f,-0.9945218953682733f,0.0375f,0f,0f,0f,1f], start_interpolation: 0, interpolation_duration: 1 }
$data merge entity $(bone_nose) { transformation: [-0.9996573249755573f,-0.02617694830787315f,1.2246467991473532e-16f,0.0375f,-0.02617694830787315f,0.9996573249755573f,0f,0f,-1.2242271432755217e-16f,-3.2057515956682574e-18f,-1f,4.592425496802574e-18f,0f,0f,0f,1f], start_interpolation: 0, interpolation_duration: 1 }
$data merge entity $(bone_right_leg) { transformation: [-1f,-1.2801044796052349e-17f,1.217938055844715e-16f,4.592425496802574e-18f,0f,0.9945218953682733f,0.10452846326765346f,0f,-1.2246467991473532e-16f,0.10452846326765346f,-0.9945218953682733f,-0.0375f,0f,0f,0f,1f], start_interpolation: 0, interpolation_duration: 1 }
$data merge entity $(bone_left_arm) { transformation: [-0.9996573239268983f,0.02617599114200434f,-0.00022848861238986473f,4.592425496802574e-18f,0.026077417538735093f,0.9965775302475087f,0.07844230045253817f,0f,0.002281011578829254f,0.07840946176010588f,-0.9969186292234025f,-0.0375f,0f,0f,0f,1f], start_interpolation: 0, interpolation_duration: 1 }
$data merge entity $(bone_right_arm) { transformation: [-0.9996573239268983f,0.026175991142004362f,0.0002284886123901089f,-4.592425496802574e-18f,0.026077417538735093f,0.9965775302475087f,-0.07844230045253817f,0f,-0.0022810115788294985f,-0.07840946176010588f,-0.9969186292234025f,0.0375f,0f,0f,0f,1f], start_interpolation: 0, interpolation_duration: 1 }