# This file was generated by Animated Java via MC-Build. It is not recommended to edit this file directly.
$data merge entity $(bone_head) { transformation: [-0.9993908270190958f,0.03489949670250097f,1.2246467991473532e-16f,0f,0.03489949670250097f,0.9993908270190958f,0f,0f,-1.2239007774061617e-16f,4.273955692857142e-18f,-1f,0f,0f,0f,0f,1f], start_interpolation: 0, interpolation_duration: 1 }
$data merge entity $(bone_clothing) { transformation: [-0.9993908270190958f,0.03489949670250097f,1.2246467991473532e-16f,0f,0.03489949670250097f,0.9993908270190958f,0f,0f,-1.2239007774061617e-16f,4.273955692857142e-18f,-1f,0f,0f,0f,0f,1f], start_interpolation: 0, interpolation_duration: 1 }
$data merge entity $(bone_left_leg) { transformation: [-1f,1.7043789261815557e-17f,1.2127286206821952e-16f,-6.123233995736766e-18f,0f,0.9902680687415704f,-0.13917310096006544f,0f,-1.2246467991473532e-16f,-0.13917310096006544f,-0.9902680687415704f,0.05f,0f,0f,0f,1f], start_interpolation: 0, interpolation_duration: 1 }
$data merge entity $(bone_nose) { transformation: [-0.9993908270190958f,-0.03489949670250097f,1.2246467991473532e-16f,0.05f,-0.03489949670250097f,0.9993908270190958f,0f,0f,-1.2239007774061617e-16f,-4.273955692857142e-18f,-1f,6.123233995736766e-18f,0f,0f,0f,1f], start_interpolation: 0, interpolation_duration: 1 }
$data merge entity $(bone_right_leg) { transformation: [-1f,-1.7043789261815557e-17f,1.2127286206821952e-16f,6.123233995736766e-18f,0f,0.9902680687415704f,0.13917310096006544f,0f,-1.2246467991473532e-16f,0.13917310096006544f,-0.9902680687415704f,-0.05f,0f,0f,0f,1f], start_interpolation: 0, interpolation_duration: 1 }
$data merge entity $(bone_left_arm) { transformation: [-0.9993908259704982f,0.03489421333133799f,0.0006089679732765838f,6.123233995736766e-18f,0.034766753891198876f,0.9939165136029793f,0.10450472147787146f,0f,0.0030413467204859724f,0.10446223175524136f,-0.994524204002517f,-0.05f,0f,0f,0f,1f], start_interpolation: 0, interpolation_duration: 1 }
$data merge entity $(bone_right_arm) { transformation: [-0.9993908259704982f,0.03489421333133802f,-0.0006089679732763402f,-6.123233995736766e-18f,0.034766753891198876f,0.9939165136029793f,-0.10450472147787146f,0f,-0.003041346720486217f,-0.10446223175524136f,-0.994524204002517f,0.05f,0f,0f,0f,1f], start_interpolation: 0, interpolation_duration: 1 }