# This file was generated by Animated Java via MC-Build. It is not recommended to edit this file directly.
$data merge entity $(bone_tail) { transformation: [-1f,-3.3125843336610355e-18f,1.2241987016677873e-16f,-0.03124999999999997f,0f,0.9996341006403823f,0.02704930381533178f,-0.43125f,-1.2246467991473532e-16f,0.02704930381533178f,-0.9996341006403823f,-0.25625f,0f,0f,0f,1f], start_interpolation: 0, interpolation_duration: 1 }
$data merge entity $(bone_left_wing) { transformation: [-0.9994283018634346f,0.03380930987718488f,1.2246467991473532e-16f,-0.3846875f,0.03380930987718488f,0.9994283018634346f,0f,-0.55f,-1.2239466708543299e-16f,4.140446312247546e-18f,-1f,-0.018750000000000048f,0f,0f,0f,1f], start_interpolation: 0, interpolation_duration: 1 }
$data merge entity $(bone_right_wing) { transformation: [-0.9994283018634346f,-0.03380930987718488f,1.2246467991473532e-16f,0.01453125f,-0.03380930987718488f,0.9994283018634346f,0f,-0.55f,-1.2239466708543299e-16f,-4.140446312247546e-18f,-1f,-0.018749999999999996f,0f,0f,0f,1f], start_interpolation: 0, interpolation_duration: 1 }
$data merge entity $(bone_head) { transformation: [-1f,4.140446312247546e-18f,1.2239466708543299e-16f,-0.04687500000000001f,0f,0.9994283018634346f,-0.03380930987718488f,-0.05f,-1.2246467991473532e-16f,-0.03380930987718488f,-0.9994283018634346f,0.04374999999999999f,0f,0f,0f,1f], start_interpolation: 0, interpolation_duration: 1 }