# This file was generated by Animated Java via MC-Build. It is not recommended to edit this file directly.
$data merge entity $(bone_tail) { transformation: [-1f,-3.52624216025952e-18f,1.224139021632992e-16f,-0.03124999999999997f,0f,0.9995853681937397f,0.028793952368263463f,-0.43125f,-1.2246467991473532e-16f,0.028793952368263463f,-0.9995853681937397f,-0.25625f,0f,0f,0f,1f], start_interpolation: 0, interpolation_duration: 1 }
$data merge entity $(bone_left_wing) { transformation: [-0.9993521629879409f,0.035989642000498374f,1.2246467991473532e-16f,-0.3853125f,0.035989642000498374f,0.9993521629879409f,0f,-0.55f,-1.2238534276241658e-16f,4.407459987836948e-18f,-1f,-0.018750000000000048f,0f,0f,0f,1f], start_interpolation: 0, interpolation_duration: 1 }
$data merge entity $(bone_right_wing) { transformation: [-0.9993521629879409f,-0.035989642000498374f,1.2246467991473532e-16f,0.01546875f,-0.035989642000498374f,0.9993521629879409f,0f,-0.55f,-1.2238534276241658e-16f,-4.407459987836948e-18f,-1f,-0.018749999999999996f,0f,0f,0f,1f], start_interpolation: 0, interpolation_duration: 1 }
$data merge entity $(bone_head) { transformation: [-1f,4.407459987836948e-18f,1.2238534276241658e-16f,-0.04687500000000001f,0f,0.9993521629879409f,-0.035989642000498374f,-0.05f,-1.2246467991473532e-16f,-0.035989642000498374f,-0.9993521629879409f,0.04374999999999999f,0f,0f,0f,1f], start_interpolation: 0, interpolation_duration: 1 }