# This file was generated by Animated Java via MC-Build. It is not recommended to edit this file directly.
$data merge entity $(bone_tail) { transformation: [-1f,-3.633067086155499e-18f,1.2241077832513796e-16f,-0.03124999999999997f,0f,0.999559860119384f,0.029666244085110757f,-0.43125f,-1.2246467991473532e-16f,0.029666244085110757f,-0.999559860119384f,-0.25625f,0f,0f,0f,1f], start_interpolation: 0, interpolation_duration: 1 }
$data merge entity $(bone_left_wing) { transformation: [-0.9993123098159769f,0.03707974447400048f,1.2246467991473532e-16f,-0.385625f,0.03707974447400048f,0.9993123098159769f,0f,-0.55f,-1.2238046215646843e-16f,4.540959038328645e-18f,-1f,-0.018750000000000048f,0f,0f,0f,1f], start_interpolation: 0, interpolation_duration: 1 }
$data merge entity $(bone_right_wing) { transformation: [-0.9993123098159769f,-0.03707974447400048f,1.2246467991473532e-16f,0.015937500000000004f,-0.03707974447400048f,0.9993123098159769f,0f,-0.55f,-1.2238046215646843e-16f,-4.540959038328645e-18f,-1f,-0.018749999999999996f,0f,0f,0f,1f], start_interpolation: 0, interpolation_duration: 1 }
$data merge entity $(bone_head) { transformation: [-1f,4.540959038328645e-18f,1.2238046215646843e-16f,-0.04687500000000001f,0f,0.9993123098159769f,-0.03707974447400048f,-0.05f,-1.2246467991473532e-16f,-0.03707974447400048f,-0.9993123098159769f,0.04374999999999999f,0f,0f,0f,1f], start_interpolation: 0, interpolation_duration: 1 }