# This file was generated by Animated Java via MC-Build. It is not recommended to edit this file directly.
$data merge entity $(bone_tail) { transformation: [-1f,-3.739889245312848e-18f,1.2240756126584407e-16f,-0.03124999999999997f,0f,0.9995335908367129f,0.030538513209822656f,-0.43125f,-1.2246467991473532e-16f,0.030538513209822656f,-0.9995335908367129f,-0.25625f,0f,0f,0f,1f], start_interpolation: 0, interpolation_duration: 1 }
$data merge entity $(bone_left_wing) { transformation: [-0.9992712675506252f,0.03816980282588161f,1.2246467991473532e-16f,-0.3859375f,0.03816980282588161f,0.9992712675506252f,0f,-0.55f,-1.2237543592857915e-16f,4.674452685480151e-18f,-1f,-0.018750000000000048f,0f,0f,0f,1f], start_interpolation: 0, interpolation_duration: 1 }
$data merge entity $(bone_right_wing) { transformation: [-0.9992712675506252f,-0.03816980282588161f,1.2246467991473532e-16f,0.016406250000000004f,-0.03816980282588161f,0.9992712675506252f,0f,-0.55f,-1.2237543592857915e-16f,-4.674452685480151e-18f,-1f,-0.018749999999999996f,0f,0f,0f,1f], start_interpolation: 0, interpolation_duration: 1 }
$data merge entity $(bone_head) { transformation: [-1f,4.674452685480151e-18f,1.2237543592857915e-16f,-0.04687500000000001f,0f,0.9992712675506252f,-0.03816980282588161f,-0.05f,-1.2246467991473532e-16f,-0.03816980282588161f,-0.9992712675506252f,0.04374999999999999f,0f,0f,0f,1f], start_interpolation: 0, interpolation_duration: 1 }