# This file was generated by Animated Java via MC-Build. It is not recommended to edit this file directly.
$data merge entity $(bone_tail) { transformation: [-1f,-4.06033830886682e-18f,1.223973507860204e-16f,-0.031249999999999997f,0f,0.9994502159417572f,0.033155178388526274f,-0.7562500000000001f,-1.2246467991473532e-16f,0.033155178388526274f,-0.9994502159417572f,-0.2562500000000001f,0f,0f,0f,1f], start_interpolation: 0, interpolation_duration: 1 }
$data merge entity $(bone_left_wing) { transformation: [-0.9991410066896868f,0.041439700181339335f,1.2246467991473532e-16f,-0.386875f,0.041439700181339335f,0.9991410066896868f,0f,-0.875f,-1.2235948357393892e-16f,5.074899618470321e-18f,-1f,-0.018750000000000072f,0f,0f,0f,1f], start_interpolation: 0, interpolation_duration: 1 }
$data merge entity $(bone_right_wing) { transformation: [-0.9991410066896868f,-0.041439700181339335f,1.2246467991473532e-16f,0.017812499999999974f,-0.041439700181339335f,0.9991410066896868f,0f,-0.875f,-1.2235948357393892e-16f,-5.074899618470321e-18f,-1f,-0.01875000000000002f,0f,0f,0f,1f], start_interpolation: 0, interpolation_duration: 1 }
$data merge entity $(bone_beak) { transformation: [-1f,0f,1.2246467991473532e-16f,-0.15625000000000003f,0f,1f,0f,-0.3184375f,-1.2246467991473532e-16f,0f,-1f,-0.018750000000000044f,0f,0f,0f,1f], start_interpolation: 0, interpolation_duration: 1 }
$data merge entity $(bone_left_eyebrow) { transformation: [-1f,0f,1.2246467991473532e-16f,-0.25625f,0f,1f,0f,-0.15656249999999997f,-1.2246467991473532e-16f,0f,-1f,0.16874999999999996f,0f,0f,0f,1f], start_interpolation: 0, interpolation_duration: 1 }
$data merge entity $(bone_right_eyebrow) { transformation: [-1f,0f,1.2246467991473532e-16f,0.03749999999999996f,0f,1f,0f,-0.15656249999999997f,-1.2246467991473532e-16f,0f,-1f,0.16874999999999998f,0f,0f,0f,1f], start_interpolation: 0, interpolation_duration: 1 }