# This file was generated by Animated Java via MC-Build. It is not recommended to edit this file directly.
$data merge entity $(bone_tail) { transformation: [-1f,-4.273955692857142e-18f,1.2239007774061617e-16f,-0.031249999999999997f,0f,0.9993908270190958f,0.03489949670250097f,-0.43125000000000013f,-1.2246467991473532e-16f,0.03489949670250097f,-0.9993908270190958f,-0.2562500000000001f,0f,0f,0f,1f], start_interpolation: 0, interpolation_duration: 1 }
$data merge entity $(bone_left_wing) { transformation: [-0.9990482215818578f,0.043619387365336f,1.2246467991473532e-16f,-0.3875f,0.043619387365336f,0.9990482215818578f,0f,-0.55f,-1.223481206754078e-16f,5.341834311772723e-18f,-1f,-0.018750000000000072f,0f,0f,0f,1f], start_interpolation: 0, interpolation_duration: 1 }
$data merge entity $(bone_right_wing) { transformation: [-0.9990482215818578f,-0.043619387365336f,1.2246467991473532e-16f,0.018749999999999975f,-0.043619387365336f,0.9990482215818578f,0f,-0.55f,-1.223481206754078e-16f,-5.341834311772723e-18f,-1f,-0.01875000000000002f,0f,0f,0f,1f], start_interpolation: 0, interpolation_duration: 1 }
$data merge entity $(bone_beak) { transformation: [-1f,0f,1.2246467991473532e-16f,-0.15625000000000003f,0f,1f,0f,0.006250000000000002f,-1.2246467991473532e-16f,0f,-1f,-0.018750000000000044f,0f,0f,0f,1f], start_interpolation: 0, interpolation_duration: 1 }
$data merge entity $(bone_left_eyebrow) { transformation: [-1f,0f,1.2246467991473532e-16f,-0.25625f,0f,1f,0f,0.16875000000000004f,-1.2246467991473532e-16f,0f,-1f,0.16874999999999996f,0f,0f,0f,1f], start_interpolation: 0, interpolation_duration: 1 }
$data merge entity $(bone_right_eyebrow) { transformation: [-1f,0f,1.2246467991473532e-16f,0.03749999999999996f,0f,1f,0f,0.16875000000000004f,-1.2246467991473532e-16f,0f,-1f,0.16874999999999998f,0f,0f,0f,1f], start_interpolation: 0, interpolation_duration: 1 }