# This file was generated by Animated Java via MC-Build. It is not recommended to edit this file directly.
$data merge entity $(bone_tail) { transformation: [-1f,-4.167148587594445e-18f,1.2239376086740487e-16f,-0.03124999999999997f,0f,0.9994209020316729f,0.03402735050216745f,-0.43125f,-1.2246467991473532e-16f,0.03402735050216745f,-0.9994209020316729f,-0.25625f,0f,0f,0f,1f], start_interpolation: 0, interpolation_duration: 1 }
$data merge entity $(bone_left_wing) { transformation: [-0.9990952085533004f,0.04252956907655312f,1.2246467991473532e-16f,-0.3871875f,0.04252956907655312f,0.9990952085533004f,0f,-0.55f,-1.2235387491982565e-16f,5.208370063871703e-18f,-1f,-0.018750000000000048f,0f,0f,0f,1f], start_interpolation: 0, interpolation_duration: 1 }
$data merge entity $(bone_right_wing) { transformation: [-0.9990952085533004f,-0.04252956907655312f,1.2246467991473532e-16f,0.018281250000000006f,-0.04252956907655312f,0.9990952085533004f,0f,-0.55f,-1.2235387491982565e-16f,-5.208370063871703e-18f,-1f,-0.018749999999999996f,0f,0f,0f,1f], start_interpolation: 0, interpolation_duration: 1 }
$data merge entity $(bone_head) { transformation: [-1f,5.208370063871703e-18f,1.2235387491982565e-16f,-0.04687500000000001f,0f,0.9990952085533004f,-0.04252956907655312f,-0.05f,-1.2246467991473532e-16f,-0.04252956907655312f,-0.9990952085533004f,0.04374999999999999f,0f,0f,0f,1f], start_interpolation: 0, interpolation_duration: 1 }