# This file was generated by Animated Java via MC-Build. It is not recommended to edit this file directly.
$data merge entity $(bone_tail) { transformation: [-1f,-4.06033830886682e-18f,1.223973507860204e-16f,-0.03124999999999997f,0f,0.9994502159417572f,0.033155178388526274f,-0.43125f,-1.2246467991473532e-16f,0.033155178388526274f,-0.9994502159417572f,-0.25625f,0f,0f,0f,1f], start_interpolation: 0, interpolation_duration: 1 }
$data merge entity $(bone_left_wing) { transformation: [-0.9991410066896868f,0.041439700181339335f,1.2246467991473532e-16f,-0.386875f,0.041439700181339335f,0.9991410066896868f,0f,-0.55f,-1.2235948357393892e-16f,5.074899618470321e-18f,-1f,-0.018750000000000048f,0f,0f,0f,1f], start_interpolation: 0, interpolation_duration: 1 }
$data merge entity $(bone_right_wing) { transformation: [-0.9991410066896868f,-0.041439700181339335f,1.2246467991473532e-16f,0.017812500000000002f,-0.041439700181339335f,0.9991410066896868f,0f,-0.55f,-1.2235948357393892e-16f,-5.074899618470321e-18f,-1f,-0.018749999999999996f,0f,0f,0f,1f], start_interpolation: 0, interpolation_duration: 1 }
$data merge entity $(bone_head) { transformation: [-1f,5.074899618470321e-18f,1.2235948357393892e-16f,-0.04687500000000001f,0f,0.9991410066896868f,-0.041439700181339335f,-0.05f,-1.2246467991473532e-16f,-0.041439700181339335f,-0.9991410066896868f,0.04374999999999999f,0f,0f,0f,1f], start_interpolation: 0, interpolation_duration: 1 }