# This file was generated by Animated Java via MC-Build. It is not recommended to edit this file directly.
$data merge entity $(bone_tail) { transformation: [-1f,-3.953524938014946e-18f,1.2240084749372887e-16f,-0.03124999999999997f,0f,0.9994787687270248f,0.03228298102577449f,-0.43125f,-1.2246467991473532e-16f,0.03228298102577449f,-0.9994787687270248f,-0.25625f,0f,0f,0f,1f], start_interpolation: 0, interpolation_duration: 1 }
$data merge entity $(bone_left_wing) { transformation: [-0.9991856159365213f,0.04034978197654236f,1.2246467991473532e-16f,-0.3865625f,0.04034978197654236f,0.9991856159365213f,0f,-0.55f,-1.2236494663107373e-16f,4.941423134386617e-18f,-1f,-0.018750000000000048f,0f,0f,0f,1f], start_interpolation: 0, interpolation_duration: 1 }
$data merge entity $(bone_right_wing) { transformation: [-0.9991856159365213f,-0.04034978197654236f,1.2246467991473532e-16f,0.017343750000000005f,-0.04034978197654236f,0.9991856159365213f,0f,-0.55f,-1.2236494663107373e-16f,-4.941423134386617e-18f,-1f,-0.018749999999999996f,0f,0f,0f,1f], start_interpolation: 0, interpolation_duration: 1 }
$data merge entity $(bone_head) { transformation: [-1f,4.941423134386617e-18f,1.2236494663107373e-16f,-0.04687500000000001f,0f,0.9991856159365213f,-0.04034978197654236f,-0.05f,-1.2246467991473532e-16f,-0.04034978197654236f,-0.9991856159365213f,0.04374999999999999f,0f,0f,0f,1f], start_interpolation: 0, interpolation_duration: 1 }