# This file was generated by Animated Java via MC-Build. It is not recommended to edit this file directly.
$data merge entity $(bone_tail) { transformation: [-1f,-3.846708556381847e-18f,1.224042509878674e-16f,-0.03124999999999997f,0f,0.9995065603657316f,0.031410759078128285f,-0.43125f,-1.2246467991473532e-16f,0.031410759078128285f,-0.9995065603657316f,-0.25625f,0f,0f,0f,1f], start_interpolation: 0, interpolation_duration: 1 }
$data merge entity $(bone_left_wing) { transformation: [-0.9992290362407229f,0.0392598157590686f,1.2246467991473532e-16f,-0.38625f,0.0392598157590686f,0.9992290362407229f,0f,-0.55f,-1.223702640847296e-16f,4.807940770445818e-18f,-1f,-0.018750000000000048f,0f,0f,0f,1f], start_interpolation: 0, interpolation_duration: 1 }
$data merge entity $(bone_right_wing) { transformation: [-0.9992290362407229f,-0.0392598157590686f,1.2246467991473532e-16f,0.016875f,-0.0392598157590686f,0.9992290362407229f,0f,-0.55f,-1.223702640847296e-16f,-4.807940770445818e-18f,-1f,-0.018749999999999996f,0f,0f,0f,1f], start_interpolation: 0, interpolation_duration: 1 }
$data merge entity $(bone_head) { transformation: [-1f,4.807940770445818e-18f,1.223702640847296e-16f,-0.04687500000000001f,0f,0.9992290362407229f,-0.0392598157590686f,-0.05f,-1.2246467991473532e-16f,-0.0392598157590686f,-0.9992290362407229f,0.04374999999999999f,0f,0f,0f,1f], start_interpolation: 0, interpolation_duration: 1 }