# This file was generated by Animated Java via MC-Build. It is not recommended to edit this file directly.
$data merge entity $(bone_tail) { transformation: [-1f,-3.419414548976742e-18f,1.2241693277794874e-16f,-0.03124999999999997f,0f,0.9996101150403544f,0.02792163872356888f,-0.43125f,-1.2246467991473532e-16f,0.02792163872356888f,-0.9996101150403544f,-0.25625f,0f,0f,0f,1f], start_interpolation: 0, interpolation_duration: 1 }
$data merge entity $(bone_left_wing) { transformation: [-0.9993908270190958f,0.03489949670250097f,1.2246467991473532e-16f,-0.385f,0.03489949670250097f,0.9993908270190958f,0f,-0.55f,-1.2239007774061617e-16f,4.273955692857142e-18f,-1f,-0.018750000000000048f,0f,0f,0f,1f], start_interpolation: 0, interpolation_duration: 1 }
$data merge entity $(bone_right_wing) { transformation: [-0.9993908270190958f,-0.03489949670250097f,1.2246467991473532e-16f,0.015000000000000001f,-0.03489949670250097f,0.9993908270190958f,0f,-0.55f,-1.2239007774061617e-16f,-4.273955692857142e-18f,-1f,-0.018749999999999996f,0f,0f,0f,1f], start_interpolation: 0, interpolation_duration: 1 }
$data merge entity $(bone_head) { transformation: [-1f,4.273955692857142e-18f,1.2239007774061617e-16f,-0.04687500000000001f,0f,0.9993908270190958f,-0.03489949670250097f,-0.05f,-1.2246467991473532e-16f,-0.03489949670250097f,-0.9993908270190958f,0.04374999999999999f,0f,0f,0f,1f], start_interpolation: 0, interpolation_duration: 1 }