# This file was generated by Animated Java via MC-Build. It is not recommended to edit this file directly.
$data merge entity $(bone_tail) { transformation: [-1f,-3.2057515956682574e-18f,1.2242271432755217e-16f,-0.03124999999999997f,0f,0.9996573249755573f,0.02617694830787315f,-0.43125f,-1.2246467991473532e-16f,0.02617694830787315f,-0.9996573249755573f,-0.25625f,0f,0f,0f,1f], start_interpolation: 0, interpolation_duration: 1 }
$data merge entity $(bone_left_wing) { transformation: [-0.9994645874763657f,0.03271908282177614f,1.2246467991473532e-16f,-0.384375f,0.03271908282177614f,0.9994645874763657f,0f,-0.55f,-1.223991107914061e-16f,4.006932004872529e-18f,-1f,-0.018750000000000048f,0f,0f,0f,1f], start_interpolation: 0, interpolation_duration: 1 }
$data merge entity $(bone_right_wing) { transformation: [-0.9994645874763657f,-0.03271908282177614f,1.2246467991473532e-16f,0.0140625f,-0.03271908282177614f,0.9994645874763657f,0f,-0.55f,-1.223991107914061e-16f,-4.006932004872529e-18f,-1f,-0.01875f,0f,0f,0f,1f], start_interpolation: 0, interpolation_duration: 1 }
$data merge entity $(bone_head) { transformation: [-1f,4.006932004872529e-18f,1.223991107914061e-16f,-0.04687500000000001f,0f,0.9994645874763657f,-0.03271908282177614f,-0.05f,-1.2246467991473532e-16f,-0.03271908282177614f,-0.9994645874763657f,0.04374999999999999f,0f,0f,0f,1f], start_interpolation: 0, interpolation_duration: 1 }