# This file was generated by Animated Java via MC-Build. It is not recommended to edit this file directly.
$data merge entity $(bone_tail) { transformation: [-1f,-3.0989164163561863e-18f,1.2242546525810314e-16f,-0.03124999999999997f,0f,0.9996797880281931f,0.02530457286552966f,-0.43125f,-1.2246467991473532e-16f,0.02530457286552966f,-0.9996797880281931f,-0.25625f,0f,0f,0f,1f], start_interpolation: 0, interpolation_duration: 1 }
$data merge entity $(bone_left_wing) { transformation: [-0.9994996838147123f,0.031628816833548665f,1.2246467991473532e-16f,-0.3840625f,0.031628816833548665f,0.9994996838147123f,0f,-0.55f,-1.224034088532479e-16f,3.87341292960233e-18f,-1f,-0.018750000000000048f,0f,0f,0f,1f], start_interpolation: 0, interpolation_duration: 1 }
$data merge entity $(bone_right_wing) { transformation: [-0.9994996838147123f,-0.031628816833548665f,1.2246467991473532e-16f,0.013593750000000003f,-0.031628816833548665f,0.9994996838147123f,0f,-0.55f,-1.224034088532479e-16f,-3.87341292960233e-18f,-1f,-0.01875f,0f,0f,0f,1f], start_interpolation: 0, interpolation_duration: 1 }
$data merge entity $(bone_head) { transformation: [-1f,3.87341292960233e-18f,1.224034088532479e-16f,-0.04687500000000001f,0f,0.9994996838147123f,-0.031628816833548665f,-0.05f,-1.2246467991473532e-16f,-0.031628816833548665f,-0.9994996838147123f,0.04374999999999999f,0f,0f,0f,1f], start_interpolation: 0, interpolation_duration: 1 }