# This file was generated by Animated Java via MC-Build. It is not recommended to edit this file directly.
$data merge entity $(bone_body) { transformation: [-1.0066666666666666f,0f,1.2328111111416688e-16f,0f,0f,1.0066666666666666f,0f,-0.1875f,-1.2328111111416688e-16f,0f,-1.0066666666666666f,0f,0f,0f,0f,1f], start_interpolation: 0, interpolation_duration: 1 }
$data merge entity $(bone_head) { transformation: [-0.9997323100182066f,0.002528554101594513f,0.02299814600822712f,0f,0.002002276357541806f,0.9997362639215899f,-0.022877794681509644f,-0.1875f,-0.023049928308965576f,-0.02282562188104831f,-0.9994737074033989f,0f,0f,0f,0f,1f], start_interpolation: 0, interpolation_duration: 1 }
$data merge entity $(bone_1) { transformation: [-0.9793406217655515f,0f,-0.2022175723320378f,0.02539919994729608f,0f,1f,0f,-0.1875f,0.2022175723320378f,0f,-0.9793406217655515f,0.002687331730692721f,0f,0f,0f,1f], start_interpolation: 0, interpolation_duration: 1 }
$data merge entity $(bone_2) { transformation: [-0.9999323080037622f,0f,0.011635265801397149f,-0.015985731625284876f,0f,1f,0f,-0.1875f,-0.011635265801397149f,0f,-0.9999323080037622f,0.007524536485910641f,0f,0f,0f,1f], start_interpolation: 0, interpolation_duration: 1 }
$data merge entity $(bone_3) { transformation: [-0.9492426435730339f,0f,-0.31454475615161354f,0.06726785199539884f,0f,1f,0f,-0.1875f,0.31454475615161354f,0f,-0.9492426435730339f,0.0019886201327328967f,0f,0f,0f,1f], start_interpolation: 0, interpolation_duration: 1 }
$data merge entity $(bone_4) { transformation: [-0.9983081582712682f,0f,-0.058144828910475684f,-0.010396077041461406f,0f,1f,0f,-0.1875f,0.058144828910475684f,0f,-0.9983081582712682f,0.019456295482163134f,0f,0f,0f,1f], start_interpolation: 0, interpolation_duration: 1 }