# This file was generated by Animated Java via MC-Build. It is not recommended to edit this file directly.
$data merge entity $(bone_body) { transformation: [-1.008f,0f,1.234443973540532e-16f,0f,0f,1.008f,0f,-0.1875f,-1.234443973540532e-16f,0f,-1.008f,0f,0f,0f,0f,1f], start_interpolation: 0, interpolation_duration: 1 }
$data merge entity $(bone_head) { transformation: [-0.9996145342187226f,0.0031602336469669016f,0.027582528926528568f,0f,0.002402449983042614f,0.9996199241395235f,-0.027463348254943364f,-0.1875f,-0.027658836070326338f,-0.027386496427799965f,-0.9992421971677562f,0f,0f,0f,0f,1f], start_interpolation: 0, interpolation_duration: 1 }
$data merge entity $(bone_1) { transformation: [-0.9702957262759965f,0f,-0.24192189559966754f,0.03054988653592388f,0f,1f,0f,-0.1875f,0.24192189559966754f,0f,-0.9702957262759965f,0.0028637438293068742f,0f,0f,0f,1f], start_interpolation: 0, interpolation_duration: 1 }
$data merge entity $(bone_2) { transformation: [-0.9999025240093042f,0f,0.013962180339145425f,-0.018963516901154637f,0f,1f,0f,-0.1875f,-0.013962180339145425f,0f,-0.9999025240093042f,0.009822398877310139f,0f,0f,0f,1f], start_interpolation: 0, interpolation_duration: 1 }
$data merge entity $(bone_3) { transformation: [-0.9271838545667875f,0f,-0.37460659341591185f,0.08075915547780273f,0f,1f,0f,-0.1875f,0.37460659341591185f,0f,-0.9271838545667875f,0.0008564291250114602f,0f,0f,0f,1f], start_interpolation: 0, interpolation_duration: 1 }
$data merge entity $(bone_4) { transformation: [-0.9975640502598242f,0f,-0.06975647374412515f,-0.011924580043045802f,0f,1f,0f,-0.1875f,0.06975647374412515f,0f,-0.9975640502598242f,0.023980554403633367f,0f,0f,0f,1f], start_interpolation: 0, interpolation_duration: 1 }