# This file was generated by Animated Java via MC-Build. It is not recommended to edit this file directly.
$data merge entity $(bone_body) { transformation: [-1.0093333333333334f,0f,1.2360768359393952e-16f,0f,0f,1.0093333333333334f,0f,-0.1875f,-1.2360768359393952e-16f,0f,-1.0093333333333334f,0f,0f,0f,0f,1f], start_interpolation: 0, interpolation_duration: 1 }
$data merge entity $(bone_head) { transformation: [-0.9994753507768366f,0.003833806512984316f,0.03216092531536427f,0f,0.0028024700001647294f,0.9994822737227061f,-0.03205199956301704f,-0.1875f,-0.03226715592390529f,-0.03194505347797163f,-0.9989686402519711f,0f,0f,0f,0f,1f], start_interpolation: 0, interpolation_duration: 1 }
$data merge entity $(bone_1) { transformation: [-0.9596418442823493f,0f,-0.2812250534756304f,0.03571436469675261f,0f,1f,0f,-0.1875f,0.2812250534756304f,0f,-0.9596418442823493f,0.0029179952829759526f,0f,0f,0f,1f], start_interpolation: 0, interpolation_duration: 1 }
$data merge entity $(bone_2) { transformation: [-0.9998673251243672f,0f,0.016289019265845972f,-0.02184672467648117f,0f,1f,0f,-0.1875f,-0.016289019265845972f,0f,-0.9998673251243672f,0.01237837413080071f,0f,0f,0f,1f], start_interpolation: 0, interpolation_duration: 1 }
$data merge entity $(bone_3) { transformation: [-0.9013291614454624f,0f,-0.43313478586696286f,0.09422149195476887f,0f,1f,0f,-0.1875f,0.43313478586696286f,0f,-0.9013291614454624f,-0.000786274627525427f,0f,0f,0f,1f], start_interpolation: 0, interpolation_duration: 1 }
$data merge entity $(bone_4) { transformation: [-0.9966848880445061f,0f,-0.08135867466785814f,-0.013252502084810366f,0f,1f,0f,-0.1875f,0.08135867466785814f,0f,-0.9966848880445061f,0.02870066305798837f,0f,0f,0f,1f], start_interpolation: 0, interpolation_duration: 1 }