# This file was generated by Animated Java via MC-Build. It is not recommended to edit this file directly.
$data merge entity $(bone_body) { transformation: [-1.01f,0f,1.2368932671388267e-16f,0f,0f,1.01f,0f,-0.1875f,-1.2368932671388267e-16f,0f,-1.01f,0f,0f,0f,0f,1f], start_interpolation: 0, interpolation_duration: 1 }
$data merge entity $(bone_head) { transformation: [-0.9993977321307462f,0.004186287953349131f,0.03444775762067491f,0f,0.0030024144092600253f,0.9994054421650902f,-0.034347455197083834f,-0.1875f,-0.03457106477440622f,-0.03422334238458098f,-0.9988161013501893f,0f,0f,0f,0f,1f], start_interpolation: 0, interpolation_duration: 1 }
$data merge entity $(bone_1) { transformation: [-0.9537169507482268f,0f,-0.30070579950427295f,0.03830044647939721f,0f,1f,0f,-0.1875f,0.30070579950427295f,0f,-0.9537169507482268f,0.002899145125071361f,0f,0f,0f,1f], start_interpolation: 0, interpolation_duration: 1 }
$data merge entity $(bone_2) { transformation: [-0.9998476951563912f,0f,0.017452406437283602f,-0.02325003808386578f,0f,1f,0f,-0.1875f,-0.017452406437283602f,0f,-0.9998476951563912f,0.013752156229254499f,0f,0f,0f,1f], start_interpolation: 0, interpolation_duration: 1 }
$data merge entity $(bone_3) { transformation: [-0.8870108331782217f,0f,-0.46174861323503374f,0.10093623215307854f,0f,1f,0f,-0.1875f,0.46174861323503374f,0f,-0.8870108331782217f,-0.0017988175227854786f,0f,0f,0f,1f], start_interpolation: 0, interpolation_duration: 1 }
$data merge entity $(bone_4) { transformation: [-0.9961946980917454f,0f,-0.08715574274765805f,-0.013839086296284542f,0f,1f,0f,-0.1875f,0.08715574274765805f,0f,-0.9961946980917454f,0.031132000487815087f,0f,0f,0f,1f], start_interpolation: 0, interpolation_duration: 1 }