# This file was generated by Animated Java via MC-Build. It is not recommended to edit this file directly.
$data merge entity $(bone_body) { transformation: [-1.0093333333333334f,0f,1.2360768359393952e-16f,0f,0f,1.0093333333333334f,0f,-0.1875f,-1.2360768359393952e-16f,0f,-1.0093333333333334f,0f,0f,0f,0f,1f], start_interpolation: 0, interpolation_duration: 1 }
$data merge entity $(bone_head) { transformation: [-0.9993147627619663f,0.004549224291641299f,0.036732948211917034f,0f,0.003202310821441257f,0.9993232651781926f,-0.03664364718472564f,-0.1875f,-0.03687478991666147f,-0.03650090727557484f,-0.9986530596942373f,0f,0f,0f,0f,1f], start_interpolation: 0, interpolation_duration: 1 }
$data merge entity $(bone_1) { transformation: [-0.9596418442823493f,0f,-0.2812250534756304f,0.03571436469675261f,0f,1f,0f,-0.1875f,0.2812250534756304f,0f,-0.9596418442823493f,0.0029179952829759535f,0f,0f,0f,1f], start_interpolation: 0, interpolation_duration: 1 }
$data merge entity $(bone_2) { transformation: [-0.9998673251243672f,0f,0.016289019265845972f,-0.02184672467648117f,0f,1f,0f,-0.1875f,-0.016289019265845972f,0f,-0.9998673251243672f,0.01237837413080071f,0f,0f,0f,1f], start_interpolation: 0, interpolation_duration: 1 }
$data merge entity $(bone_3) { transformation: [-0.9013291614454624f,0f,-0.43313478586696286f,0.09422149195476888f,0f,1f,0f,-0.1875f,0.43313478586696286f,0f,-0.9013291614454624f,-0.0007862746275254288f,0f,0f,0f,1f], start_interpolation: 0, interpolation_duration: 1 }
$data merge entity $(bone_4) { transformation: [-0.9966848880445061f,0f,-0.08135867466785814f,-0.013252502084810366f,0f,1f,0f,-0.1875f,0.08135867466785814f,0f,-0.9966848880445061f,0.028700663057988376f,0f,0f,0f,1f], start_interpolation: 0, interpolation_duration: 1 }