# This file was generated by Animated Java via MC-Build. It is not recommended to edit this file directly.
$data merge entity $(bone_body) { transformation: [-1.0086666666666666f,0f,1.2352604047399635e-16f,0f,0f,1.0086666666666666f,0f,-0.1875f,-1.2352604047399635e-16f,0f,-1.0086666666666666f,0f,0f,0f,0f,1f], start_interpolation: 0, interpolation_duration: 1 }
$data merge entity $(bone_head) { transformation: [-0.9992264431279282f,0.004922608918562294f,0.039016448779255364f,0f,0.003402156039286646f,0.9992357369043015f,-0.03894056275404781f,-0.1875f,-0.03917831910883508f,-0.03877769996728121f,-0.9984795187168607f,0f,0f,0f,0f,1f], start_interpolation: 0, interpolation_duration: 1 }
$data merge entity $(bone_1) { transformation: [-0.9651688666331494f,0f,-0.2616277104629434f,0.03313066721651277f,0f,1f,0f,-0.1875f,0.2616277104629434f,0f,-0.9651688666331494f,0.002906174823221925f,0f,0f,0f,1f], start_interpolation: 0, interpolation_duration: 1 }
$data merge entity $(bone_2) { transformation: [-0.9998856014169193f,0f,0.015125610041437448f,-0.020417509256247454f,0f,1f,0f,-0.1875f,-0.015125610041437448f,0f,-0.9998856014169193f,0.011068317570068922f,0f,0f,0f,1f], start_interpolation: 0, interpolation_duration: 1 }
$data merge entity $(bone_3) { transformation: [-0.9147247398859671f,0f,-0.4040775299871916f,0.08749505796395769f,0f,1f,0f,-0.1875f,0.4040775299871916f,0f,-0.9147247398859671f,0.00009884972365095f,0f,0f,0f,1f], start_interpolation: 0, interpolation_duration: 1 }
$data merge entity $(bone_4) { transformation: [-0.9971413439169775f,0f,-0.07555885289920797f,-0.012614048784917335f,0f,1f,0f,-0.1875f,0.07555885289920797f,0f,-0.9971413439169775f,0.026316556237212293f,0f,0f,0f,1f], start_interpolation: 0, interpolation_duration: 1 }