# This file was generated by Animated Java via MC-Build. It is not recommended to edit this file directly.
$data merge entity $(bone_body) { transformation: [-1.008f,0f,1.234443973540532e-16f,0f,0f,1.008f,0f,-0.1875f,-1.234443973540532e-16f,0f,-1.008f,0f,0f,0f,0f,1f], start_interpolation: 0, interpolation_duration: 1 }
$data merge entity $(bone_head) { transformation: [-0.9991327737155604f,0.005306435001682191f,0.04129821103902385f,0f,0.003601946865833545f,0.9991428515176849f,-0.04123818909560957f,-0.1875f,-0.041481640110132355f,-0.041053672292286625f,-0.9982954820718618f,0f,0f,0f,0f,1f], start_interpolation: 0, interpolation_duration: 1 }
$data merge entity $(bone_1) { transformation: [-0.9702957262759965f,0f,-0.2419218955996676f,0.03054988653592388f,0f,1f,0f,-0.1875f,0.2419218955996676f,0f,-0.9702957262759965f,0.0028637438293068734f,0f,0f,0f,1f], start_interpolation: 0, interpolation_duration: 1 }
$data merge entity $(bone_2) { transformation: [-0.9999025240093042f,0f,0.013962180339145397f,-0.018963516901154637f,0f,1f,0f,-0.1875f,-0.013962180339145397f,0f,-0.9999025240093042f,0.009822398877310139f,0f,0f,0f,1f], start_interpolation: 0, interpolation_duration: 1 }
$data merge entity $(bone_3) { transformation: [-0.9271838545667875f,0f,-0.37460659341591185f,0.08075915547780273f,0f,1f,0f,-0.1875f,0.37460659341591185f,0f,-0.9271838545667875f,0.0008564291250114585f,0f,0f,0f,1f], start_interpolation: 0, interpolation_duration: 1 }
$data merge entity $(bone_4) { transformation: [-0.9975640502598242f,0f,-0.06975647374412516f,-0.011924580043045804f,0f,1f,0f,-0.1875f,0.06975647374412516f,0f,-0.9975640502598242f,0.023980554403633367f,0f,0f,0f,1f], start_interpolation: 0, interpolation_duration: 1 }