# This file was generated by Animated Java via MC-Build. It is not recommended to edit this file directly.
$data merge entity $(bone_body) { transformation: [-1.0073333333333334f,0f,1.2336275423411005e-16f,0f,0f,1.0073333333333334f,0f,-0.1875f,-1.2336275423411005e-16f,0f,-1.0073333333333334f,0f,0f,0f,0f,1f], start_interpolation: 0, interpolation_duration: 1 }
$data merge entity $(bone_head) { transformation: [-0.9990337550412857f,0.005700695485546404f,0.04357818673475777f,0f,0.0038016801046071007f,0.99904460322481f,-0.04353651336251127f,-0.1875f,-0.04378474068086485f,-0.04332877610045037f,-0.9981009536340232f,0f,0f,0f,0f,1f], start_interpolation: 0, interpolation_duration: 1 }
$data merge entity $(bone_1) { transformation: [-0.9750202975952507f,0f,-0.22211577899210325f,0.027972554053053413f,0f,1f,0f,-0.1875f,0.22211577899210325f,0f,-0.9750202975952507f,0.0027907706198142777f,0f,0f,0f,1f], start_interpolation: 0, interpolation_duration: 1 }
$data merge entity $(bone_2) { transformation: [-0.9999180928786112f,0f,0.012798731734084995f,-0.017485878725921083f,0f,1f,0f,-0.1875f,-0.012798731734084995f,0f,-0.9999180928786112f,0.00864101281342486f,0f,0f,0f,1f], start_interpolation: 0, interpolation_duration: 1 }
$data merge entity $(bone_3) { transformation: [-0.9386937502743954f,0f,-0.3447521474853942f,0.07401601105138896f,0f,1f,0f,-0.1875f,0.3447521474853942f,0f,-0.9386937502743954f,0.0014863717041011465f,0f,0f,0f,1f], start_interpolation: 0, interpolation_duration: 1 }
$data merge entity $(bone_4) { transformation: [-0.9979529927660074f,0f,-0.06395173359158556f,-0.011184962789940467f,0f,1f,0f,-0.1875f,0.06395173359158556f,0f,-0.9979529927660074f,0.021693518427756152f,0f,0f,0f,1f], start_interpolation: 0, interpolation_duration: 1 }