# This file was generated by Animated Java via MC-Build. It is not recommended to edit this file directly.
$data merge entity $(bone_body) { transformation: [-1.0013333333333334f,0f,1.2262796615462164e-16f,0f,0f,1.0013333333333334f,0f,-0.1875f,-1.2262796615462164e-16f,0f,-1.0013333333333334f,0f,0f,0f,0f,1f], start_interpolation: 0, interpolation_duration: 1 }
$data merge entity $(bone_head) { transformation: [-0.9999892919284428f,0.00042161207022898926f,0.00460849994184118f,0f,0.00040055769466796454f,0.9999894838289075f,-0.004568564887169202f,-0.1875f,-0.004610377640167368f,-0.004566669996536895f,-0.9999789447499171f,0f,0f,0f,0f,1f], start_interpolation: 0, interpolation_duration: 1 }
$data merge entity $(bone_1) { transformation: [-0.9991708782897213f,0f,-0.04071309344359571f,0.005018713899927035f,0f,1f,0f,-0.1875f,0.04071309344359571f,0f,-0.9991708782897213f,0.0007749353100477447f,0f,0f,0f,1f], start_interpolation: 0, interpolation_duration: 1 }
$data merge entity $(bone_2) { transformation: [-0.9999972922908238f,0f,0.0023271035689503942f,-0.0033123631099018125f,0f,1f,0f,-0.1875f,-0.0023271035689503942f,0f,-0.9999972922908238f,0.0009688432798315463f,0f,0f,0f,1f], start_interpolation: 0, interpolation_duration: 1 }
$data merge entity $(bone_3) { transformation: [-0.9979529927660074f,0f,-0.06395173359158551f,0.013369181706734264f,0f,1f,0f,-0.1875f,0.06395173359158551f,0f,-0.9979529927660074f,0.0014141350412468277f,0f,0f,0f,1f], start_interpolation: 0, interpolation_duration: 1 }
$data merge entity $(bone_4) { transformation: [-0.9999323080037622f,0f,-0.011635265801396889f,-0.0024210830179837877f,0f,1f,0f,-0.1875f,0.011635265801396889f,0f,-0.9999323080037622f,0.003448775585801821f,0f,0f,0f,1f], start_interpolation: 0, interpolation_duration: 1 }