# This file was generated by Animated Java via MC-Build. It is not recommended to edit this file directly.
$data merge entity $(bone_body) { transformation: [-1.0066666666666666f,0f,1.2328111111416688e-16f,0f,0f,1.0066666666666666f,0f,-0.1875f,-1.2328111111416688e-16f,0f,-1.0066666666666666f,0f,0f,0f,0f,1f], start_interpolation: 0, interpolation_duration: 1 }
$data merge entity $(bone_head) { transformation: [-0.9992014274598917f,0.00502625353589346f,0.039638922002340496f,0f,0.0034566499752014665f,0.9992109360543817f,-0.039567118169955236f,-0.1875f,-0.039806518725752124f,-0.03939850307713708f,-0.998430367638233f,0f,0f,0f,0f,1f], start_interpolation: 0, interpolation_duration: 1 }
$data merge entity $(bone_1) { transformation: [-0.9793406217655515f,0f,-0.2022175723320378f,0.02539919994729608f,0f,1f,0f,-0.1875f,0.2022175723320378f,0f,-0.9793406217655515f,0.002687331730692722f,0f,0f,0f,1f], start_interpolation: 0, interpolation_duration: 1 }
$data merge entity $(bone_2) { transformation: [-0.9999323080037622f,0f,0.011635265801397163f,-0.01598573162528488f,0f,1f,0f,-0.1875f,-0.011635265801397163f,0f,-0.9999323080037622f,0.0075245364859106425f,0f,0f,0f,1f], start_interpolation: 0, interpolation_duration: 1 }
$data merge entity $(bone_3) { transformation: [-0.9492426435730339f,0f,-0.3145447561516136f,0.06726785199539884f,0f,1f,0f,-0.1875f,0.3145447561516136f,0f,-0.9492426435730339f,0.0019886201327328976f,0f,0f,0f,1f], start_interpolation: 0, interpolation_duration: 1 }
$data merge entity $(bone_4) { transformation: [-0.9983081582712682f,0f,-0.05814482891047569f,-0.010396077041461407f,0f,1f,0f,-0.1875f,0.05814482891047569f,0f,-0.9983081582712682f,0.019456295482163138f,0f,0f,0f,1f], start_interpolation: 0, interpolation_duration: 1 }