# This file was generated by Animated Java via MC-Build. It is not recommended to edit this file directly.
$data merge entity $(bone_body) { transformation: [-1.006f,0f,1.2319946799422373e-16f,0f,0f,1.006f,0f,-0.1875f,-1.2319946799422373e-16f,0f,-1.006f,0f,0f,0f,0f,1f], start_interpolation: 0, interpolation_duration: 1 }
$data merge entity $(bone_head) { transformation: [-0.9993531393956145f,0.004382957583953269f,0.035694431819917785f,0f,0.003111454970138313f,0.9993612813854016f,-0.03559983308524109f,-0.1875f,-0.03582766568028532f,-0.0354657433384032f,-0.9987284713180836f,0f,0f,0f,0f,1f], start_interpolation: 0, interpolation_duration: 1 }
$data merge entity $(bone_1) { transformation: [-0.9832549075639545f,0f,-0.1822355254921473f,0.02283035306014677f,0f,1f,0f,-0.1875f,0.1822355254921473f,0f,-0.9832549075639545f,0.002553511895869926f,0f,0f,0f,1f], start_interpolation: 0, interpolation_duration: 1 }
$data merge entity $(bone_2) { transformation: [-0.9999451693655121f,0f,0.010471784116245914f,-0.014464218016163473f,0f,1f,0f,-0.1875f,-0.010471784116245914f,0f,-0.9999451693655121f,0.006473329268406925f,0f,0f,0f,1f], start_interpolation: 0, interpolation_duration: 1 }
$data merge entity $(bone_3) { transformation: [-0.958819734868193f,0f,-0.2840153447039224f,0.06051690587371071f,0f,1f,0f,-0.1875f,0.2840153447039224f,0f,-0.958819734868193f,0.0023631516309639516f,0f,0f,0f,1f], start_interpolation: 0, interpolation_duration: 1 }
$data merge entity $(bone_4) { transformation: [-0.9986295347545738f,0f,-0.05233595624294369f,-0.009558815696771346f,0f,1f,0f,-0.1875f,0.05233595624294369f,0f,-0.9986295347545738f,0.0172697188540463f,0f,0f,0f,1f], start_interpolation: 0, interpolation_duration: 1 }