# This file was generated by Animated Java via MC-Build. It is not recommended to edit this file directly.
$data merge entity $(bone_body) { transformation: [-1.0053333333333334f,0f,1.2311782487428058e-16f,0f,0f,1.0053333333333334f,0f,-0.1875f,-1.2311782487428058e-16f,0f,-1.0053333333333334f,0f,0f,0f,0f,1f], start_interpolation: 0, interpolation_duration: 1 }
$data merge entity $(bone_head) { transformation: [-0.9994888883530024f,0.0037708427344239994f,0.03174496501733222f,0f,0.0027661115644082215f,0.9994956692541774f,-0.031634724101170374f,-0.1875f,-0.03184824462498133f,-0.03153074511038654f,-0.9989952459481933f,0f,0f,0f,0f,1f], start_interpolation: 0, interpolation_duration: 1 }
$data merge entity $(bone_1) { transformation: [-0.9867615321125792f,0f,-0.16217792310556728f,0.02026654077626268f,0f,1f,0f,-0.1875f,0.16217792310556728f,0f,-0.9867615321125792f,0.0023894040262054284f,0f,0f,0f,1f], start_interpolation: 0, interpolation_duration: 1 }
$data merge entity $(bone_2) { transformation: [-0.9999566769464485f,0f,0.009308288253816938f,-0.012922485578730792f,0f,1f,0f,-0.1875f,-0.009308288253816938f,0f,-0.9999566769464485f,0.005487732723851829f,0f,0f,0f,1f], start_interpolation: 0, interpolation_duration: 1 }
$data merge entity $(bone_3) { transformation: [-0.9674152194628641f,0f,-0.2531951681048016f,0.0537654000010208f,0f,1f,0f,-0.1875f,0.2531951681048016f,0f,-0.9674152194628641f,0.002609977964058374f,0f,0f,0f,1f], start_interpolation: 0, interpolation_duration: 1 }
$data merge entity $(bone_4) { transformation: [-0.9989171113385246f,0f,-0.04652531219774651f,-0.008674084333937527f,0f,1f,0f,-0.1875f,0.04652531219774651f,0f,-0.9989171113385246f,0.015134607760585232f,0f,0f,0f,1f], start_interpolation: 0, interpolation_duration: 1 }