# This file was generated by Animated Java via MC-Build. It is not recommended to edit this file directly.
$data merge entity $(bone_body) { transformation: [-1.0046666666666666f,0f,1.230361817543374e-16f,0f,0f,1.0046666666666666f,0f,-0.1875f,-1.230361817543374e-16f,0f,-1.0046666666666666f,0f,0f,0f,0f,1f], start_interpolation: 0, interpolation_duration: 1 }
$data merge entity $(bone_head) { transformation: [-0.9996086720991699f,0.0031899421054852996f,0.027790770653182487f,0f,0.0024206362369724784f,0.9996141299807854f,-0.027671856875998716f,-0.1875f,-0.02786831864936227f,-0.02759375675983888f,-0.9992306747711144f,0f,0f,0f,0f,1f], start_interpolation: 0, interpolation_duration: 1 }
$data merge entity $(bone_1) { transformation: [-0.9898590415514598f,0f,-0.1420530811310523f,0.017708288904837353f,0f,1f,0f,-0.1875f,0.1420530811310523f,0f,-0.9898590415514598f,0.0021951091867860517f,0f,0f,0f,1f], start_interpolation: 0, interpolation_duration: 1 }
$data merge entity $(bone_2) { transformation: [-0.9999668307309916f,0f,0.008144779789314896f,-0.011361686996460745f,0f,1f,0f,-0.1875f,-0.008144779789314896f,0f,-0.9999668307309916f,0.004568070531265249f,0f,0f,0f,1f], start_interpolation: 0, interpolation_duration: 1 }
$data merge entity $(bone_3) { transformation: [-0.9750202975952507f,0f,-0.22211577899210322f,0.047015560940583366f,0f,1f,0f,-0.1875f,0.22211577899210322f,0f,-0.9750202975952507f,0.0027291454324366647f,0f,0f,0f,1f], start_interpolation: 0, interpolation_duration: 1 }
$data merge entity $(bone_4) { transformation: [-0.9991708782897213f,0f,-0.040713093443595715f,-0.007742801002987182f,0f,1f,0f,-0.1875f,0.040713093443595715f,0f,-0.9991708782897213f,0.013051767167206761f,0f,0f,0f,1f], start_interpolation: 0, interpolation_duration: 1 }