# This file was generated by Animated Java via MC-Build. It is not recommended to edit this file directly.
$data merge entity $(bone_body) { transformation: [-1.004f,0f,1.2295453863439426e-16f,0f,0f,1.004f,0f,-0.1875f,-1.2295453863439426e-16f,0f,-1.004f,0f,0f,0f,0f,1f], start_interpolation: 0, interpolation_duration: 1 }
$data merge entity $(bone_head) { transformation: [-0.999712488663835f,0.002640286827290888f,0.023832097998942304f,0f,0.0020750454703220953f,0.9997166941656905f,-0.023711296732130988f,-0.1875f,-0.023887950850955204f,-0.023655026778524352f,-0.9994347429983859f,0f,0f,0f,0f,1f], start_interpolation: 0, interpolation_duration: 1 }
$data merge entity $(bone_1) { transformation: [-0.992546151641322f,0f,-0.12186934340514735f,0.015156121561308994f,0f,1f,0f,-0.1875f,0.12186934340514735f,0f,-0.992546151641322f,0.001970736572568623f,0f,0f,0f,1f], start_interpolation: 0, interpolation_duration: 1 }
$data merge entity $(bone_2) { transformation: [-0.9999756307053947f,0f,0.006981260297961672f,-0.009782979695186607f,0f,1f,0f,-0.1875f,-0.006981260297961672f,0f,-0.9999756307053947f,0.0037146484161717525f,0f,0f,0f,1f], start_interpolation: 0, interpolation_duration: 1 }
$data merge entity $(bone_3) { transformation: [-0.9816271834476639f,0f,-0.19080899537654467f,0.040269614002164916f,0f,1f,0f,-0.1875f,0.19080899537654467f,0f,-0.9816271834476639f,0.0027207348546150543f,0f,0f,0f,1f], start_interpolation: 0, interpolation_duration: 1 }
$data merge entity $(bone_4) { transformation: [-0.9993908270190957f,0f,-0.03489949670250085f,-0.006765896016456111f,0f,1f,0f,-0.1875f,0.03489949670250085f,0f,-0.9993908270190957f,0.011021987608760123f,0f,0f,0f,1f], start_interpolation: 0, interpolation_duration: 1 }