# This file was generated by Animated Java via MC-Build. It is not recommended to edit this file directly.
$data merge entity $(bone_body) { transformation: [-1.0033333333333334f,0f,1.2287289551445111e-16f,0f,0f,1.0033333333333334f,0f,-0.1875f,-1.2287289551445111e-16f,0f,-1.0033333333333334f,0f,0f,0f,0f,1f], start_interpolation: 0, interpolation_duration: 1 }
$data merge entity $(bone_head) { transformation: [-0.9998003363393526f,0.0021219060405883406f,0.019869196523069253f,0f,0.0017293557500367854f,0.9998033926863619f,-0.019753108654849073f,-0.1875f,-0.019907204334291828f,-0.0197148037676101f,-0.9996074378114628f,0f,0f,0f,0f,1f], start_interpolation: 0, interpolation_duration: 1 }
$data merge entity $(bone_1) { transformation: [-0.9948217482960331f,0f,-0.10163507818280175f,0.012610561049425584f,0f,1f,0f,-0.1875f,0.10163507818280175f,0f,-0.9948217482960331f,0.0017164034823746702f,0f,0f,0f,1f], start_interpolation: 0, interpolation_duration: 1 }
$data merge entity $(bone_2) { transformation: [-0.9999830768577442f,0f,0.0058177313549939574f,-0.008187525581225838f,0f,1f,0f,-0.1875f,-0.0058177313549939574f,0f,-0.9999830768577442f,0.002927754084676247f,0f,0f,0f,1f], start_interpolation: 0, interpolation_duration: 1 }
$data merge entity $(bone_3) { transformation: [-0.987229113117374f,0f,-0.15930686806752245f,0.033529782740307164f,0f,1f,0f,-0.1875f,0.15930686806752245f,0f,-0.987229113117374f,0.0025848615431382357f,0f,0f,0f,1f], start_interpolation: 0, interpolation_duration: 1 }
$data merge entity $(bone_4) { transformation: [-0.9995769500822005f,0f,-0.029084718743111283f,-0.005744311737470222f,0f,1f,0f,-0.1875f,0.029084718743111283f,0f,-0.9995769500822005f,0.009046045013641516f,0f,0f,0f,1f], start_interpolation: 0, interpolation_duration: 1 }