# This file was generated by Animated Java via MC-Build. It is not recommended to edit this file directly.
$data merge entity $(bone_body) { transformation: [-1.0026666666666666f,0f,1.2279125239450794e-16f,0f,0f,1.0026666666666666f,0f,-0.1875f,-1.2279125239450794e-16f,0f,-1.0026666666666666f,0f,0f,0f,0f,1f], start_interpolation: 0, interpolation_duration: 1 }
$data merge entity $(bone_head) { transformation: [-0.9998722136807434f,0.0016348268954660536f,0.01590231587510444f,0f,0.0013835835643438421f,0.9998742566938799f,-0.015797357291072105f,-0.1875f,-0.015926142209908067f,-0.0157733364220501f,-0.9997487483625206f,0f,0f,0f,0f,1f], start_interpolation: 0, interpolation_duration: 1 }
$data merge entity $(bone_1) { transformation: [-0.9966848880445061f,0f,-0.08135867466785815f,0.010072127743688864f,0f,1f,0f,-0.1875f,0.08135867466785815f,0f,-0.9966848880445061f,0.0014322352912421417f,0f,0f,0f,1f], start_interpolation: 0, interpolation_duration: 1 }
$data merge entity $(bone_2) { transformation: [-0.9999891691779588f,0f,0.0046541945356613f,-0.006576490778619874f,0f,1f,0f,-0.1875f,-0.0046541945356613f,0f,-0.9999891691779588f,0.002207657161204583f,0f,0f,0f,1f], start_interpolation: 0, interpolation_duration: 1 }
$data merge entity $(bone_3) { transformation: [-0.9918203515412617f,0f,-0.12764164786059445f,0.026798288452993847f,0f,1f,0f,-0.1875f,0.12764164786059445f,0f,-0.9918203515412617f,0.0023216752735105736f,0f,0f,0f,1f], start_interpolation: 0, interpolation_duration: 1 }
$data merge entity $(bone_4) { transformation: [-0.9997292411794617f,0f,-0.023268956374056193f,-0.004679002365400267f,0f,1f,0f,-0.1875f,0.023268956374056193f,0f,-0.9997292411794617f,0.007124700530900961f,0f,0f,0f,1f], start_interpolation: 0, interpolation_duration: 1 }