# This file was generated by Animated Java via MC-Build. It is not recommended to edit this file directly.
$data merge entity $(bone_body) { transformation: [-1.002f,0f,1.227096092745648e-16f,0f,0f,1.002f,0f,-0.1875f,-1.227096092745648e-16f,0f,-1.002f,0f,0f,0f,0f,1f], start_interpolation: 0, interpolation_duration: 1 }
$data merge entity $(bone_head) { transformation: [-0.9999281195057185f,0.0011790745502274953f,0.011931705869763842f,0f,0.001037745403676967f,0.9999293176095388f,-0.01184410694814906f,-0.1875f,-0.011944827593343421f,-0.011830873514962932f,-0.9998586657751376f,0f,0f,0f,0f,1f], start_interpolation: 0, interpolation_duration: 1 }
$data merge entity $(bone_1) { transformation: [-0.998134798421867f,0f,-0.06104853953485669f,0.007541339972199728f,0f,1f,0f,-0.1875f,0.06104853953485669f,0f,-0.998134798421867f,0.0011183654211394916f,0f,0f,0f,1f], start_interpolation: 0, interpolation_duration: 1 }
$data merge entity $(bone_2) { transformation: [-0.9999939076577903f,0f,0.0034906514152238527f,-0.00495104536553896f,0f,1f,0f,-0.1875f,-0.0034906514152238527f,0f,-0.9999939076577903f,0.0015546091299207514f,0f,0f,0f,1f], start_interpolation: 0, interpolation_duration: 1 }
$data merge entity $(bone_3) { transformation: [-0.9953961983671789f,0f,-0.09584575252022376f,0.02007734968081654f,0f,1f,0f,-0.1875f,0.09584575252022376f,0f,-0.9953961983671789f,0.0019313602461321008f,0f,0f,0f,1f], start_interpolation: 0, interpolation_duration: 1 }
$data merge entity $(bone_4) { transformation: [-0.9998476951563913f,0f,-0.01745240643728337f,-0.00357093371913071f,0f,1f,0f,-0.1875f,0.01745240643728337f,0f,-0.9998476951563913f,0.005258700360364233f,0f,0f,0f,1f], start_interpolation: 0, interpolation_duration: 1 }