# This file was generated by Animated Java via MC-Build. It is not recommended to edit this file directly.
$data merge entity $(bone_body) { transformation: [-1.0013333333333334f,0f,1.2262796615462164e-16f,0f,0f,1.0013333333333334f,0f,-0.1875f,-1.2262796615462164e-16f,0f,-1.0013333333333334f,0f,0f,0f,0f,1f], start_interpolation: 0, interpolation_duration: 1 }
$data merge entity $(bone_head) { transformation: [-0.9999680528946989f,0.0007546721703927978f,0.007957616471022727f,0f,0.0006918577602350529f,0.9999686071214434f,-0.007893421592684103f,-0.1875f,-0.007963323604140428f,-0.007887663882004846f,-0.9999371831448515f,0f,0f,0f,0f,1f], start_interpolation: 0, interpolation_duration: 1 }
$data merge entity $(bone_1) { transformation: [-0.9991708782897213f,0f,-0.040713093443595735f,0.0050187138999270384f,0f,1f,0f,-0.1875f,0.040713093443595735f,0f,-0.9991708782897213f,0.0007749353100477447f,0f,0f,0f,1f], start_interpolation: 0, interpolation_duration: 1 }
$data merge entity $(bone_2) { transformation: [-0.9999972922908238f,0f,0.0023271035689503873f,-0.003312363109901814f,0f,1f,0f,-0.1875f,-0.0023271035689503873f,0f,-0.9999972922908238f,0.0009688432798315465f,0f,0f,0f,1f], start_interpolation: 0, interpolation_duration: 1 }
$data merge entity $(bone_3) { transformation: [-0.9979529927660074f,0f,-0.06395173359158554f,0.013369181706734266f,0f,1f,0f,-0.1875f,0.06395173359158554f,0f,-0.9979529927660074f,0.0014141350412468277f,0f,0f,0f,1f], start_interpolation: 0, interpolation_duration: 1 }
$data merge entity $(bone_4) { transformation: [-0.9999323080037622f,0f,-0.011635265801396894f,-0.00242108301798379f,0f,1f,0f,-0.1875f,0.011635265801396894f,0f,-0.9999323080037622f,0.0034487755858018214f,0f,0f,0f,1f], start_interpolation: 0, interpolation_duration: 1 }