# This file was generated by Animated Java via MC-Build. It is not recommended to edit this file directly.
$data merge entity $(bone_body) { transformation: [-1.002f,0f,1.227096092745648e-16f,0f,0f,1.002f,0f,-0.1875f,-1.227096092745648e-16f,0f,-1.002f,0f,0f,0f,0f,1f], start_interpolation: 0, interpolation_duration: 1 }
$data merge entity $(bone_head) { transformation: [-0.9999759068943431f,0.000648200554804641f,0.006911256533860978f,0f,0.0006008285398660923f,0.9999763291808731f,-0.006854201850829944f,-0.1875f,-0.006915535836200076f,-0.006849884231648678f,-0.9999526261029126f,0f,0f,0f,0f,1f], start_interpolation: 0, interpolation_duration: 1 }
$data merge entity $(bone_1) { transformation: [-0.998134798421867f,0f,-0.06104853953485673f,0.007541339972199733f,0f,1f,0f,-0.1875f,0.06104853953485673f,0f,-0.998134798421867f,0.001118365421139492f,0f,0f,0f,1f], start_interpolation: 0, interpolation_duration: 1 }
$data merge entity $(bone_2) { transformation: [-0.9999939076577903f,0f,0.0034906514152238666f,-0.004951045365538961f,0f,1f,0f,-0.1875f,-0.0034906514152238666f,0f,-0.9999939076577903f,0.0015546091299207523f,0f,0f,0f,1f], start_interpolation: 0, interpolation_duration: 1 }
$data merge entity $(bone_3) { transformation: [-0.9953961983671787f,0f,-0.09584575252022384f,0.020077349680816557f,0f,1f,0f,-0.1875f,0.09584575252022384f,0f,-0.9953961983671787f,0.0019313602461321013f,0f,0f,0f,1f], start_interpolation: 0, interpolation_duration: 1 }
$data merge entity $(bone_4) { transformation: [-0.9998476951563913f,0f,-0.017452406437283383f,-0.003570933719130713f,0f,1f,0f,-0.1875f,0.017452406437283383f,0f,-0.9998476951563913f,0.005258700360364236f,0f,0f,0f,1f], start_interpolation: 0, interpolation_duration: 1 }