# This file was generated by Animated Java via MC-Build. It is not recommended to edit this file directly.
$data merge entity $(bone_body) { transformation: [-1.0013333333333334f,0f,1.2262796615462164e-16f,0f,0f,1.0013333333333334f,0f,-0.1875f,-1.2262796615462164e-16f,0f,-1.0013333333333334f,0f,0f,0f,0f,1f], start_interpolation: 0, interpolation_duration: 1 }
$data merge entity $(bone_head) { transformation: [-0.9999880690956146f,-0.00044626910469142426f,-0.004864412637790964f,0f,-0.0004228103854770936f,0.9999882823885194f,-0.004822480382190904f,-0.1875f,0.004866507762496145f,-0.004820366121456059f,-0.9999765403111478f,0f,0f,0f,0f,1f], start_interpolation: 0, interpolation_duration: 1 }
$data merge entity $(bone_1) { transformation: [-0.9991708782897213f,0f,0.040713093443595985f,-0.0049995487352991076f,0f,1f,0f,-0.1875f,-0.040713093443595985f,0f,-0.9991708782897213f,-0.00003878159395676121f,0f,0f,0f,1f], start_interpolation: 0, interpolation_duration: 1 }
$data merge entity $(bone_2) { transformation: [-0.9999972922908239f,0f,-0.002327103568950155f,0.0033121374775513675f,0f,1f,0f,-0.1875f,0.002327103568950155f,0f,-0.9999972922908239f,0.0009882340768099284f,0f,0f,0f,1f], start_interpolation: 0, interpolation_duration: 1 }
$data merge entity $(bone_3) { transformation: [-0.9979529927660074f,0f,0.06395173359158582f,-0.01333062574512796f,0f,1f,0f,-0.1875f,-0.06395173359158582f,0f,-0.9979529927660074f,-0.0002326895637405652f,0f,0f,0f,1f], start_interpolation: 0, interpolation_duration: 1 }
$data merge entity $(bone_4) { transformation: [-0.9999323080037622f,0f,0.011635265801397142f,0.00242085738563334f,0f,1f,0f,-0.1875f,-0.011635265801397142f,0f,-0.9999323080037622f,0.003468166382780204f,0f,0f,0f,1f], start_interpolation: 0, interpolation_duration: 1 }