# This file was generated by Animated Java via MC-Build. It is not recommended to edit this file directly.
$data merge entity $(bone_body) { transformation: [-1.002f,0f,1.227096092745648e-16f,0f,0f,1.002f,0f,-0.1875f,-1.227096092745648e-16f,0f,-1.002f,0f,0f,0f,0f,1f], start_interpolation: 0, interpolation_duration: 1 }
$data merge entity $(bone_head) { transformation: [-0.9999731555338423f,-0.0006869878694993806f,-0.007294947522582855f,0f,-0.000634206166930782f,0.999973624282194f,-0.007235227879708461f,-0.1875f,0.007299725626892014f,-0.007230407153172242f,-0.9999472162160218f,0f,0f,0f,0f,1f], start_interpolation: 0, interpolation_duration: 1 }
$data merge entity $(bone_1) { transformation: [-0.998134798421867f,0f,0.061048539534856956f,-0.0074984770675477356f,0f,1f,0f,-0.1875f,-0.061048539534856956f,0f,-0.998134798421867f,-0.00008724874175625325f,0f,0f,0f,1f], start_interpolation: 0, interpolation_duration: 1 }
$data merge entity $(bone_2) { transformation: [-0.9999939076577903f,0f,-0.003490651415223603f,0.004950283899312829f,0f,1f,0f,-0.1875f,0.003490651415223603f,0f,-0.9999939076577903f,0.0015982335007988788f,0f,0f,0f,1f], start_interpolation: 0, interpolation_duration: 1 }
$data merge entity $(bone_3) { transformation: [-0.9953961983671789f,0f,0.09584575252022404f,-0.01999086240528642f,0f,1f,0f,-0.1875f,-0.09584575252022404f,0f,-0.9953961983671789f,-0.0005234924505375163f,0f,0f,0f,1f], start_interpolation: 0, interpolation_duration: 1 }
$data merge entity $(bone_4) { transformation: [-0.9998476951563913f,0f,0.017452406437283626f,0.003570172252904579f,0f,1f,0f,-0.1875f,-0.017452406437283626f,0f,-0.9998476951563913f,0.00530232473124236f,0f,0f,0f,1f], start_interpolation: 0, interpolation_duration: 1 }