# This file was generated by Animated Java via MC-Build. It is not recommended to edit this file directly.
$data merge entity $(bone_body) { transformation: [-1.0026666666666666f,0f,1.2279125239450794e-16f,0f,0f,1.0026666666666666f,0f,-0.1875f,-1.2279125239450794e-16f,0f,-1.0026666666666666f,0f,0f,0f,0f,1f], start_interpolation: 0, interpolation_duration: 1 }
$data merge entity $(bone_head) { transformation: [-0.9999522766756187f,-0.000939423682815391f,-0.009724291973766043f,0f,-0.0008455906549479636f,0.9999530901637205f,-0.009648961004720938f,-0.1875f,0.009732900271304017f,-0.009640277753805966f,-0.9999061634459198f,0f,0f,0f,0f,1f], start_interpolation: 0, interpolation_duration: 1 }
$data merge entity $(bone_1) { transformation: [-0.9966848880445061f,0f,0.08135867466785839f,-0.009996390371128414f,0f,1f,0f,-0.1875f,-0.08135867466785839f,0f,-0.9966848880445061f,-0.00015508437399249f,0f,0f,0f,1f], start_interpolation: 0, interpolation_duration: 1 }
$data merge entity $(bone_2) { transformation: [-0.9999891691779589f,0f,-0.004654194535661037f,0.006574685964184081f,0f,1f,0f,-0.1875f,0.004654194535661037f,0f,-0.9999891691779589f,0.0022851993482008296f,0f,0f,0f,1f], start_interpolation: 0, interpolation_duration: 1 }
$data merge entity $(bone_3) { transformation: [-0.9918203515412617f,0f,0.1276416478605947f,-0.02664500889343715f,0f,1f,0f,-0.1875f,-0.1276416478605947f,0f,-0.9918203515412617f,-0.0009305062439549358f,0f,0f,0f,1f], start_interpolation: 0, interpolation_duration: 1 }
$data merge entity $(bone_4) { transformation: [-0.9997292411794617f,0f,0.023268956374056442f,0.004677197550964472f,0f,1f,0f,-0.1875f,-0.023268956374056442f,0f,-0.9997292411794617f,0.007202242717897207f,0f,0f,0f,1f], start_interpolation: 0, interpolation_duration: 1 }