# This file was generated by Animated Java via MC-Build. It is not recommended to edit this file directly.
$data merge entity $(bone_body) { transformation: [-1.0033333333333334f,0f,1.2287289551445111e-16f,0f,0f,1.0033333333333334f,0f,-0.1875f,-1.2287289551445111e-16f,0f,-1.0033333333333334f,0f,0f,0f,0f,1f], start_interpolation: 0, interpolation_duration: 1 }
$data merge entity $(bone_head) { transformation: [-0.9999254326492004f,-0.0012035718770561051f,-0.012152388902852643f,0f,-0.001056960085225336f,0.9999266727194337f,-0.012063665264786038f,-0.1875f,0.01216601728946893f,-0.012049921119215858f,-0.9998533829638888f,0f,0f,0f,0f,1f], start_interpolation: 0, interpolation_duration: 1 }
$data merge entity $(bone_1) { transformation: [-0.9948217482960331f,0f,0.10163507818280199f,-0.012492950659463618f,0f,1f,0f,-0.1875f,-0.10163507818280199f,0f,-0.9948217482960331f,-0.00024227012046031744f,0f,0f,0f,1f], start_interpolation: 0, interpolation_duration: 1 }
$data merge entity $(bone_2) { transformation: [-0.9999830768577442f,0f,-0.005817731354993708f,0.008184000910957645f,0f,1f,0f,-0.1875f,0.005817731354993708f,0f,-0.9999830768577442f,0.003048889144906407f,0f,0f,0f,1f], start_interpolation: 0, interpolation_duration: 1 }
$data merge entity $(bone_3) { transformation: [-0.987229113117374f,0f,0.15930686806752267f,-0.03329103729011504f,0f,1f,0f,-0.1875f,-0.15930686806752267f,0f,-0.987229113117374f,-0.0014536207227618995f,0f,0f,0f,1f], start_interpolation: 0, interpolation_duration: 1 }
$data merge entity $(bone_4) { transformation: [-0.9995769500822005f,0f,0.029084718743111526f,0.005740787067202028f,0f,1f,0f,-0.1875f,-0.029084718743111526f,0f,-0.9995769500822005f,0.009167180073871675f,0f,0f,0f,1f], start_interpolation: 0, interpolation_duration: 1 }