# This file was generated by Animated Java via MC-Build. It is not recommended to edit this file directly.
$data merge entity $(bone_body) { transformation: [-1.004f,0f,1.2295453863439426e-16f,0f,0f,1.004f,0f,-0.1875f,-1.2295453863439426e-16f,0f,-1.004f,0f,0f,0f,0f,1f], start_interpolation: 0, interpolation_duration: 1 }
$data merge entity $(bone_head) { transformation: [-0.9998926236194873f,-0.0014794275065215792f,-0.014579181238717395f,0f,-0.0012683106936100526f,0.9998943646721408f,-0.014479326119691473f,-0.1875f,0.014599062275464694f,-0.014459280450591333f,-0.9997888760080942f,0f,0f,0f,0f,1f], start_interpolation: 0, interpolation_duration: 1 }
$data merge entity $(bone_1) { transformation: [-0.992546151641322f,0f,0.12186934340514761f,-0.014987820251299123f,0f,1f,0f,-0.1875f,-0.12186934340514761f,0f,-0.992546151641322f,-0.00034878236872062853f,0f,0f,0f,1f], start_interpolation: 0, interpolation_duration: 1 }
$data merge entity $(bone_2) { transformation: [-0.9999756307053947f,0f,-0.006981260297961409f,0.00977688982083617f,0f,1f,0f,-0.1875f,0.006981260297961409f,0f,-0.9999756307053947f,0.0038890396005320685f,0f,0f,0f,1f], start_interpolation: 0, interpolation_duration: 1 }
$data merge entity $(bone_3) { transformation: [-0.9816271834476639f,0f,0.19080899537654497f,-0.039926921507794734f,0f,1f,0f,-0.1875f,-0.19080899537654497f,0f,-0.9816271834476639f,-0.002092694212323765f,0f,0f,0f,1f], start_interpolation: 0, interpolation_duration: 1 }
$data merge entity $(bone_4) { transformation: [-0.9993908270190957f,0f,0.03489949670250111f,0.006759806142105668f,0f,1f,0f,-0.1875f,-0.03489949670250111f,0f,-0.9993908270190957f,0.011196378793120437f,0f,0f,0f,1f], start_interpolation: 0, interpolation_duration: 1 }