# This file was generated by Animated Java via MC-Build. It is not recommended to edit this file directly.
$data merge entity $(bone_body) { transformation: [-1.0046666666666666f,0f,1.230361817543374e-16f,0f,0f,1.0046666666666666f,0f,-0.1875f,-1.230361817543374e-16f,0f,-1.0046666666666666f,0f,0f,0f,0f,1f], start_interpolation: 0, interpolation_duration: 1 }
$data merge entity $(bone_head) { transformation: [-0.9998538497880215f,-0.0017669853474613743f,-0.017004611928955103f,0f,-0.0014796387161373358f,0.999856158781412f,-0.016895928981550255f,-0.1875f,0.017032020823795777f,-0.016868298955785052f,-0.9997126440917891f,0f,0f,0f,0f,1f], start_interpolation: 0, interpolation_duration: 1 }
$data merge entity $(bone_1) { transformation: [-0.9898590415514598f,0f,0.14205308113105256f,-0.01748066184692629f,0f,1f,0f,-0.1875f,-0.14205308113105256f,0f,-0.9898590415514598f,-0.0004745922688958424f,0f,0f,0f,1f], start_interpolation: 0, interpolation_duration: 1 }
$data merge entity $(bone_2) { transformation: [-0.9999668307309916f,0f,-0.00814477978931466f,0.011352017919923891f,0f,1f,0f,-0.1875f,0.00814477978931466f,0f,-0.9999668307309916f,0.004805366665713172f,0f,0f,0f,1f], start_interpolation: 0, interpolation_duration: 1 }
$data merge entity $(bone_3) { transformation: [-0.9750202975952506f,0f,0.2221157789921035f,-0.0465506377482244f,0f,1f,0f,-0.1875f,-0.2221157789921035f,0f,-0.9750202975952506f,-0.002847553613375047f,0f,0f,0f,1f], start_interpolation: 0, interpolation_duration: 1 }
$data merge entity $(bone_4) { transformation: [-0.9991708782897213f,0f,0.040713093443595964f,0.007733131926450315f,0f,1f,0f,-0.1875f,-0.040713093443595964f,0f,-0.9991708782897213f,0.013289063301654682f,0f,0f,0f,1f], start_interpolation: 0, interpolation_duration: 1 }