# This file was generated by Animated Java via MC-Build. It is not recommended to edit this file directly.
$data merge entity $(bone_body) { transformation: [-1.0053333333333334f,0f,1.2311782487428058e-16f,0f,0f,1.0053333333333334f,0f,-0.1875f,-1.2311782487428058e-16f,0f,-1.0053333333333334f,0f,0f,0f,0f,1f], start_interpolation: 0, interpolation_duration: 1 }
$data merge entity $(bone_head) { transformation: [-0.9998091113929864f,-0.0020662398981472854f,-0.019428623941237688f,0f,-0.0016909403890680839f,0.999812047843871f,-0.0193134592148976f,-0.1875f,0.019464878529478372f,-0.0192769198506452f,-0.99962468900328f,0f,0f,0f,0f,1f], start_interpolation: 0, interpolation_duration: 1 }
$data merge entity $(bone_1) { transformation: [-0.9867615321125792f,0f,0.16217792310556753f,-0.019971138604332025f,0f,1f,0f,-0.1875f,-0.16217792310556753f,0f,-0.9867615321125792f,-0.0006196657395292836f,0f,0f,0f,1f], start_interpolation: 0, interpolation_duration: 1 }
$data merge entity $(bone_2) { transformation: [-0.9999566769464486f,0f,-0.009308288253816688f,0.012908054880896807f,0f,1f,0f,-0.1875f,0.009308288253816688f,0f,-0.9999566769464486f,0.005797565593616473f,0f,0f,0f,1f], start_interpolation: 0, interpolation_duration: 1 }
$data merge entity $(bone_3) { transformation: [-0.967415219462864f,0f,0.2531951681048018f,-0.0531601649593255f,0f,1f,0f,-0.1875f,-0.2531951681048018f,0f,-0.967415219462864f,-0.003717994437175693f,0f,0f,0f,1f], start_interpolation: 0, interpolation_duration: 1 }
$data merge entity $(bone_4) { transformation: [-0.9989171113385247f,0f,0.04652531219774676f,0.008659653636103536f,0f,1f,0f,-0.1875f,-0.04652531219774676f,0f,-0.9989171113385247f,0.015444440630349875f,0f,0f,0f,1f], start_interpolation: 0, interpolation_duration: 1 }