# This file was generated by Animated Java via MC-Build. It is not recommended to edit this file directly.
$data merge entity $(bone_body) { transformation: [-1.006f,0f,1.2319946799422373e-16f,0f,0f,1.006f,0f,-0.1875f,-1.2319946799422373e-16f,0f,-1.006f,0f,0f,0f,0f,1f], start_interpolation: 0, interpolation_duration: 1 }
$data merge entity $(bone_head) { transformation: [-0.999758408709205f,-0.0023771853789527125f,-0.02185116026467108f,0f,-0.0019022119489264834f,0.999762024693486f,-0.021731902136789667f,-0.1875f,0.021897620988125813f,-0.021685086360347647f,-0.999525012805885f,0f,0f,0f,0f,1f], start_interpolation: 0, interpolation_duration: 1 }
$data merge entity $(bone_1) { transformation: [-0.9832549075639545f,0f,0.18223552549214755f,-0.022458914215262048f,0f,1f,0f,-0.1875f,-0.18223552549214755f,0f,-0.9832549075639545f,-0.0007839634745074037f,0f,0f,0f,1f], start_interpolation: 0, interpolation_duration: 1 }
$data merge entity $(bone_2) { transformation: [-0.9999451693655121f,0f,-0.010471784116245664f,0.014443675123794495f,0f,1f,0f,-0.1875f,0.010471784116245664f,0f,-0.9999451693655121f,0.006865311005660631f,0f,0f,0f,1f], start_interpolation: 0, interpolation_duration: 1 }
$data merge entity $(bone_3) { transformation: [-0.9588197348681929f,0f,0.2840153447039227f,-0.059753485291572296f,0f,1f,0f,-0.1875f,-0.2840153447039227f,0f,-0.9588197348681929f,-0.004703780847044412f,0f,0f,0f,1f], start_interpolation: 0, interpolation_duration: 1 }
$data merge entity $(bone_4) { transformation: [-0.9986295347545738f,0f,0.052335956242943946f,0.009538272804402368f,0f,1f,0f,-0.1875f,-0.052335956242943946f,0f,-0.9986295347545738f,0.0176617005913f,0f,0f,0f,1f], start_interpolation: 0, interpolation_duration: 1 }