# This file was generated by Animated Java via MC-Build. It is not recommended to edit this file directly.
$data merge entity $(bone_body) { transformation: [-1.0026666666666666f,0f,1.2279125239450794e-16f,0f,0f,1.0026666666666666f,0f,-0.1875f,-1.2279125239450794e-16f,0f,-1.0026666666666666f,0f,0f,0f,0f,1f], start_interpolation: 0, interpolation_duration: 1 }
$data merge entity $(bone_head) { transformation: [-0.9999571679499175f,0.0008853058123212766f,0.009212952794798385f,0f,0.0008010897825815683f,0.9999579018103725f,-0.009140725472182767f,-0.1875f,-0.009220657283553957f,-0.009132953553820232f,-0.9999157807728823f,0f,0f,0f,0f,1f], start_interpolation: 0, interpolation_duration: 1 }
$data merge entity $(bone_1) { transformation: [-0.9966848880445061f,0f,-0.08135867466785815f,0.010072127743688868f,0f,1f,0f,-0.1875f,0.08135867466785815f,0f,-0.9966848880445061f,0.0014322352912421424f,0f,0f,0f,1f], start_interpolation: 0, interpolation_duration: 1 }
$data merge entity $(bone_2) { transformation: [-0.9999891691779588f,0f,0.00465419453566128f,-0.006576490778619873f,0f,1f,0f,-0.1875f,-0.00465419453566128f,0f,-0.9999891691779588f,0.002207657161204584f,0f,0f,0f,1f], start_interpolation: 0, interpolation_duration: 1 }
$data merge entity $(bone_3) { transformation: [-0.9918203515412617f,0f,-0.12764164786059448f,0.026798288452993858f,0f,1f,0f,-0.1875f,0.12764164786059448f,0f,-0.9918203515412617f,0.0023216752735105745f,0f,0f,0f,1f], start_interpolation: 0, interpolation_duration: 1 }
$data merge entity $(bone_4) { transformation: [-0.9997292411794617f,0f,-0.0232689563740562f,-0.004679002365400268f,0f,1f,0f,-0.1875f,0.0232689563740562f,0f,-0.9997292411794617f,0.007124700530900963f,0f,0f,0f,1f], start_interpolation: 0, interpolation_duration: 1 }