# This file was generated by Animated Java via MC-Build. It is not recommended to edit this file directly.
$data merge entity $(bone_body) { transformation: [-1.0066666666666666f,0f,1.2328111111416688e-16f,0f,0f,1.0066666666666666f,0f,-0.1875f,-1.2328111111416688e-16f,0f,-1.0066666666666666f,0f,0f,0f,0f,1f], start_interpolation: 0, interpolation_duration: 1 }
$data merge entity $(bone_head) { transformation: [-0.9997017420481376f,-0.0026998157324386583f,-0.024272163911151626f,0f,-0.00211344963253761f,0.9997060822018585f,-0.02415124301690388f,-0.1875f,0.024330233796033718f,-0.024092741720727808f,-0.9994136178378843f,0f,0f,0f,0f,1f], start_interpolation: 0, interpolation_duration: 1 }
$data merge entity $(bone_1) { transformation: [-0.9793406217655515f,0f,0.20221757233203805f,-0.024943652981182857f,0f,1f,0f,-0.1875f,-0.20221757233203805f,0f,-0.9793406217655515f,-0.0009674409510435881f,0f,0f,0f,1f], start_interpolation: 0, interpolation_duration: 1 }
$data merge entity $(bone_2) { transformation: [-0.9999323080037622f,0f,-0.011635265801396899f,0.015957558115876302f,0f,1f,0f,-0.1875f,0.011635265801396899f,0f,-0.9999323080037622f,0.008008256961432437f,0f,0f,0f,1f], start_interpolation: 0, interpolation_duration: 1 }
$data merge entity $(bone_3) { transformation: [-0.9492426435730339f,0f,0.3145447561516138f,-0.06632858455376381f,0f,1f,0f,-0.1875f,-0.3145447561516138f,0f,-0.9492426435730339f,-0.005804645706261518f,0f,0f,0f,1f], start_interpolation: 0, interpolation_duration: 1 }
$data merge entity $(bone_4) { transformation: [-0.9983081582712682f,0f,0.05814482891047593f,0.01036790353205283f,0f,1f,0f,-0.1875f,-0.05814482891047593f,0f,-0.9983081582712682f,0.01994001595768493f,0f,0f,0f,1f], start_interpolation: 0, interpolation_duration: 1 }