# This file was generated by Animated Java via MC-Build. It is not recommended to edit this file directly.
$data merge entity $(bone_body) { transformation: [-1.0073333333333334f,0f,1.2336275423411005e-16f,0f,0f,1.0073333333333334f,0f,-0.1875f,-1.2336275423411005e-16f,0f,-1.0073333333333334f,0f,0f,0f,0f,1f], start_interpolation: 0, interpolation_duration: 1 }
$data merge entity $(bone_head) { transformation: [-0.9996391117578808f,-0.0030341246234463636f,-0.026691577916722255f,0f,-0.002324649677065035f,0.9996442132785148f,-0.026571467077640944f,-0.1875f,0.02676270255026536f,-0.0264998291796123f,-0.9992905067124661f,0f,0f,0f,0f,1f], start_interpolation: 0, interpolation_duration: 1 }
$data merge entity $(bone_1) { transformation: [-0.9750202975952507f,0f,0.22211577899210339f,-0.027425019889128224f,0f,1f,0f,-0.1875f,-0.22211577899210339f,0f,-0.9750202975952507f,-0.0011700484387221195f,0f,0f,0f,1f], start_interpolation: 0, interpolation_duration: 1 }
$data merge entity $(bone_2) { transformation: [-0.9999180928786112f,0f,-0.012798731734084745f,0.017448388670485197f,0f,1f,0f,-0.1875f,0.012798731734084745f,0f,-0.9999180928786112f,0.009226037032785916f,0f,0f,0f,1f], start_interpolation: 0, interpolation_duration: 1 }
$data merge entity $(bone_3) { transformation: [-0.9386937502743954f,0f,0.34475214748539423f,-0.0728834526681027f,0f,1f,0f,-0.1875f,-0.34475214748539423f,0f,-0.9386937502743954f,-0.007020290632332707f,0f,0f,0f,1f], start_interpolation: 0, interpolation_duration: 1 }
$data merge entity $(bone_4) { transformation: [-0.9979529927660074f,0f,0.06395173359158575f,0.011147472734504567f,0f,1f,0f,-0.1875f,-0.06395173359158575f,0f,-0.9979529927660074f,0.0222785426471172f,0f,0f,0f,1f], start_interpolation: 0, interpolation_duration: 1 }