# This file was generated by Animated Java via MC-Build. It is not recommended to edit this file directly.
$data merge entity $(bone_body) { transformation: [-1.008f,0f,1.234443973540532e-16f,0f,0f,1.008f,0f,-0.1875f,-1.234443973540532e-16f,0f,-1.008f,0f,0f,0f,0f,1f], start_interpolation: 0, interpolation_duration: 1 }
$data merge entity $(bone_head) { transformation: [-0.9995705182231647f,-0.0033801054391965754f,-0.02910934534292821f,0f,-0.0025358083200484266f,0.9995764108711938f,-0.02899255949422868f,-0.1875f,0.029195012848736948f,-0.028906291998150334f,-0.9991556823176655f,0f,0f,0f,0f,1f], start_interpolation: 0, interpolation_duration: 1 }
$data merge entity $(bone_1) { transformation: [-0.9702957262759965f,0f,0.24192189559966787f,-0.02990268068741571f,0f,1f,0f,-0.1875f,-0.24192189559966787f,0f,-0.9702957262759965f,-0.0013917310096006584f,0f,0f,0f,1f], start_interpolation: 0, interpolation_duration: 1 }
$data merge entity $(bone_2) { transformation: [-0.9999025240093042f,0f,-0.013962180339145175f,0.018914857244862485f,0f,1f,0f,-0.1875f,0.013962180339145175f,0f,-0.9999025240093042f,0.010518264382110475f,0f,0f,0f,1f], start_interpolation: 0, interpolation_duration: 1 }
$data merge entity $(bone_3) { transformation: [-0.9271838545667874f,0f,0.3746065934159122f,-0.07941608412449425f,0f,1f,0f,-0.1875f,-0.3746065934159122f,0f,-0.9271838545667874f,-0.008350386057603939f,0f,0f,0f,1f], start_interpolation: 0, interpolation_duration: 1 }
$data merge entity $(bone_4) { transformation: [-0.9975640502598243f,0f,0.0697564737441254f,0.011875920386753648f,0f,1f,0f,-0.1875f,-0.0697564737441254f,0f,-0.9975640502598243f,0.0246764199084337f,0f,0f,0f,1f], start_interpolation: 0, interpolation_duration: 1 }