# This file was generated by Animated Java via MC-Build. It is not recommended to edit this file directly.
$data merge entity $(bone_body) { transformation: [-1.0086666666666666f,0f,1.2352604047399635e-16f,0f,0f,1.0086666666666666f,0f,-0.1875f,-1.2352604047399635e-16f,0f,-1.0086666666666666f,0f,0f,0f,0f,1f], start_interpolation: 0, interpolation_duration: 1 }
$data merge entity $(bone_head) { transformation: [-0.9994959618653506f,-0.0037377512893954313f,-0.031525409278172226f,0f,-0.00274692179944114f,0.9995026679661371f,-0.03141450539482731f,-0.1875f,0.03162715029030279f,-0.03131207345214466f,-0.999009147816296f,0f,0f,0f,0f,1f], start_interpolation: 0, interpolation_duration: 1 }
$data merge entity $(bone_1) { transformation: [-0.9651688666331494f,0f,0.26162771046294364f,-0.03237630196121871f,0f,1f,0f,-0.1875f,-0.26162771046294364f,0f,-0.9651688666331494f,-0.0016324285493694041f,0f,0f,0f,1f], start_interpolation: 0, interpolation_duration: 1 }
$data merge entity $(bone_2) { transformation: [-0.9998856014169193f,0f,-0.015125610041437254f,0.02035566023685681f,0f,1f,0f,-0.1875f,0.015125610041437254f,0f,-0.9998856014169193f,0.011884531844753625f,0f,0f,0f,1f], start_interpolation: 0, interpolation_duration: 1 }
$data merge entity $(bone_3) { transformation: [-0.914724739885967f,0f,0.40407752998719176f,-0.08592447843397892f,0f,1f,0f,-0.1875f,-0.40407752998719176f,0f,-0.914724739885967f,-0.009794571296216411f,0f,0f,0f,1f], start_interpolation: 0, interpolation_duration: 1 }
$data merge entity $(bone_4) { transformation: [-0.9971413439169775f,0f,0.07555885289920818f,0.012552199765526677f,0f,1f,0f,-0.1875f,-0.07555885289920818f,0f,-0.9971413439169775f,0.02713277051189699f,0f,0f,0f,1f], start_interpolation: 0, interpolation_duration: 1 }