# This file was generated by Animated Java via MC-Build. It is not recommended to edit this file directly.
$data merge entity $(bone_body) { transformation: [-1.0093333333333334f,0f,1.2360768359393952e-16f,0f,0f,1.0093333333333334f,0f,-0.1875f,-1.2360768359393952e-16f,0f,-1.0093333333333334f,0f,0f,0f,0f,1f], start_interpolation: 0, interpolation_duration: 1 }
$data merge entity $(bone_head) { transformation: [-0.9994154431424283f,-0.004107055006347001f,-0.03393971283906957f,0f,-0.0029579863536478256f,0.9994229775883777f,-0.03383728986063688f,-0.1875f,0.03405910047484074f,-0.033717116833382514f,-0.9988509066458762f,0f,0f,0f,0f,1f], start_interpolation: 0, interpolation_duration: 1 }
$data merge entity $(bone_1) { transformation: [-0.9596418442823493f,0f,0.28122505347563076f,-0.0348455512079801f,0f,1f,0f,-0.1875f,-0.28122505347563076f,0f,-0.9596418442823493f,-0.0018920757695649586f,0f,0f,0f,1f], start_interpolation: 0, interpolation_duration: 1 }
$data merge entity $(bone_2) { transformation: [-0.9998673251243673f,0f,-0.016289019265845806f,0.021769500280471223f,0f,1f,0f,-0.1875f,0.016289019265845806f,0f,-0.9998673251243673f,0.0133244120155832f,0f,0f,0f,1f], start_interpolation: 0, interpolation_duration: 1 }
$data merge entity $(bone_3) { transformation: [-0.9013291614454623f,0f,0.4331347858669632f,-0.09240664058121391f,0f,1f,0f,-0.1875f,-0.4331347858669632f,0f,-0.9013291614454623f,-0.011352454617389738f,0f,0f,0f,1f], start_interpolation: 0, interpolation_duration: 1 }
$data merge entity $(bone_4) { transformation: [-0.9966848880445062f,0f,0.08135867466785839f,0.013175277688800401f,0f,1f,0f,-0.1875f,-0.08135867466785839f,0f,-0.9966848880445062f,0.029646700942770863f,0f,0f,0f,1f], start_interpolation: 0, interpolation_duration: 1 }