# This file was generated by Animated Java via MC-Build. It is not recommended to edit this file directly.
$data merge entity $(bone_body) { transformation: [-1.01f,0f,1.2368932671388267e-16f,0f,0f,1.01f,0f,-0.1875f,-1.2368932671388267e-16f,0f,-1.01f,0f,0f,0f,0f,1f], start_interpolation: 0, interpolation_duration: 1 }
$data merge entity $(bone_head) { transformation: [-0.9993289625490134f,-0.004488009145072406f,-0.036352199171802144f,0f,-0.0031689982215620006f,0.9993373328020281f,-0.03626089792600568f,-0.1875f,0.036490849003337295f,-0.03612136545096562f,-0.998680962518548f,0f,0f,0f,0f,1f], start_interpolation: 0, interpolation_duration: 1 }
$data merge entity $(bone_1) { transformation: [-0.9537169507482268f,0f,0.3007057995042732f,-0.0373100969126526f,0f,1f,0f,-0.1875f,-0.3007057995042732f,0f,-0.9537169507482268f,-0.0021706022208366335f,0f,0f,0f,1f], start_interpolation: 0, interpolation_duration: 1 }
$data merge entity $(bone_2) { transformation: [-0.9998476951563913f,0f,-0.01745240643728338f,0.023155086540192084f,0f,1f,0f,-0.1875f,0.01745240643728338f,0f,-0.9998476951563913f,0.01483745733967282f,0f,0f,0f,1f], start_interpolation: 0, interpolation_duration: 1 }
$data merge entity $(bone_3) { transformation: [-0.8870108331782217f,0f,0.4617486132350339f,-0.09886058147591559f,0f,1f,0f,-0.1875f,-0.4617486132350339f,0f,-0.8870108331782217f,-0.013023613325019787f,0f,0f,0f,1f], start_interpolation: 0, interpolation_duration: 1 }
$data merge entity $(bone_4) { transformation: [-0.9961946980917455f,0f,0.08715574274765825f,0.013744134752610833f,0f,1f,0f,-0.1875f,-0.08715574274765825f,0f,-0.9961946980917455f,0.03221730159823341f,0f,0f,0f,1f], start_interpolation: 0, interpolation_duration: 1 }