# This file was generated by Animated Java via MC-Build. It is not recommended to edit this file directly.
$data merge entity $(bone_body) { transformation: [-1.0086666666666666f,0f,1.2352604047399635e-16f,0f,0f,1.0086666666666666f,0f,-0.1875f,-1.2352604047399635e-16f,0f,-1.0086666666666666f,0f,0f,0f,0f,1f], start_interpolation: 0, interpolation_duration: 1 }
$data merge entity $(bone_head) { transformation: [-0.999138117912277f,-0.005284837522275802f,-0.041171492893456674f,0f,-0.0035908488567568024f,0.9991481524571365f,-0.04111052475922183f,-0.1875f,0.04135368350220735f,-0.040927251726127524f,-0.9983059816143273f,0f,0f,0f,0f,1f], start_interpolation: 0, interpolation_duration: 1 }
$data merge entity $(bone_1) { transformation: [-0.9651688666331494f,0f,0.26162771046294364f,-0.032376301961218705f,0f,1f,0f,-0.1875f,-0.26162771046294364f,0f,-0.9651688666331494f,-0.001632428549369404f,0f,0f,0f,1f], start_interpolation: 0, interpolation_duration: 1 }
$data merge entity $(bone_2) { transformation: [-0.9998856014169193f,0f,-0.015125610041437199f,0.020355660236856806f,0f,1f,0f,-0.1875f,0.015125610041437199f,0f,-0.9998856014169193f,0.011884531844753623f,0f,0f,0f,1f], start_interpolation: 0, interpolation_duration: 1 }
$data merge entity $(bone_3) { transformation: [-0.9147247398859673f,0f,0.4040775299871917f,-0.08592447843397892f,0f,1f,0f,-0.1875f,-0.4040775299871917f,0f,-0.9147247398859673f,-0.009794571296216411f,0f,0f,0f,1f], start_interpolation: 0, interpolation_duration: 1 }
$data merge entity $(bone_4) { transformation: [-0.9971413439169775f,0f,0.07555885289920818f,0.01255219976552668f,0f,1f,0f,-0.1875f,-0.07555885289920818f,0f,-0.9971413439169775f,0.027132770511896987f,0f,0f,0f,1f], start_interpolation: 0, interpolation_duration: 1 }