# This file was generated by Animated Java via MC-Build. It is not recommended to edit this file directly.
$data merge entity $(bone_body) { transformation: [-1.008f,0f,1.234443973540532e-16f,0f,0f,1.008f,0f,-0.1875f,-1.234443973540532e-16f,0f,-1.008f,0f,0f,0f,0f,1f], start_interpolation: 0, interpolation_duration: 1 }
$data merge entity $(bone_head) { transformation: [-0.9990337550412857f,-0.0057006954855463934f,-0.043578186734757524f,0f,-0.0038016801046071007f,0.99904460322481f,-0.04353651336251127f,-0.1875f,0.0437847406808646f,-0.04332877610045037f,-0.9981009536340232f,0f,0f,0f,0f,1f], start_interpolation: 0, interpolation_duration: 1 }
$data merge entity $(bone_1) { transformation: [-0.9702957262759965f,0f,0.24192189559966787f,-0.02990268068741571f,0f,1f,0f,-0.1875f,-0.24192189559966787f,0f,-0.9702957262759965f,-0.0013917310096006584f,0f,0f,0f,1f], start_interpolation: 0, interpolation_duration: 1 }
$data merge entity $(bone_2) { transformation: [-0.9999025240093042f,0f,-0.013962180339145175f,0.018914857244862485f,0f,1f,0f,-0.1875f,0.013962180339145175f,0f,-0.9999025240093042f,0.010518264382110475f,0f,0f,0f,1f], start_interpolation: 0, interpolation_duration: 1 }
$data merge entity $(bone_3) { transformation: [-0.9271838545667874f,0f,0.3746065934159122f,-0.07941608412449425f,0f,1f,0f,-0.1875f,-0.3746065934159122f,0f,-0.9271838545667874f,-0.008350386057603939f,0f,0f,0f,1f], start_interpolation: 0, interpolation_duration: 1 }
$data merge entity $(bone_4) { transformation: [-0.9975640502598243f,0f,0.0697564737441254f,0.011875920386753648f,0f,1f,0f,-0.1875f,-0.0697564737441254f,0f,-0.9975640502598243f,0.0246764199084337f,0f,0f,0f,1f], start_interpolation: 0, interpolation_duration: 1 }