# This file was generated by Animated Java via MC-Build. It is not recommended to edit this file directly.
$data merge entity $(bone_body) { transformation: [-1.0073333333333334f,0f,1.2336275423411005e-16f,0f,0f,1.0073333333333334f,0f,-0.1875f,-1.2336275423411005e-16f,0f,-1.0073333333333334f,0f,0f,0f,0f,1f], start_interpolation: 0, interpolation_duration: 1 }
$data merge entity $(bone_head) { transformation: [-0.9991880643238137f,-0.0050812679260611535f,-0.03996739707679159f,0f,-0.003485409010519224f,0.9991976860310965f,-0.039897821420870484f,-0.1875f,0.040138062196121746f,-0.039726124230358324f,-0.9984041120792594f,0f,0f,0f,0f,1f], start_interpolation: 0, interpolation_duration: 1 }
$data merge entity $(bone_1) { transformation: [-0.9750202975952507f,0f,0.22211577899210339f,-0.027425019889128228f,0f,1f,0f,-0.1875f,-0.22211577899210339f,0f,-0.9750202975952507f,-0.0011700484387221198f,0f,0f,0f,1f], start_interpolation: 0, interpolation_duration: 1 }
$data merge entity $(bone_2) { transformation: [-0.9999180928786112f,0f,-0.0127987317340848f,0.0174483886704852f,0f,1f,0f,-0.1875f,0.0127987317340848f,0f,-0.9999180928786112f,0.009226037032785918f,0f,0f,0f,1f], start_interpolation: 0, interpolation_duration: 1 }
$data merge entity $(bone_3) { transformation: [-0.9386937502743954f,0f,0.34475214748539423f,-0.0728834526681027f,0f,1f,0f,-0.1875f,-0.34475214748539423f,0f,-0.9386937502743954f,-0.007020290632332707f,0f,0f,0f,1f], start_interpolation: 0, interpolation_duration: 1 }
$data merge entity $(bone_4) { transformation: [-0.9979529927660074f,0f,0.06395173359158575f,0.01114747273450457f,0f,1f,0f,-0.1875f,-0.06395173359158575f,0f,-0.9979529927660074f,0.022278542647117202f,0f,0f,0f,1f], start_interpolation: 0, interpolation_duration: 1 }