# This file was generated by Animated Java via MC-Build. It is not recommended to edit this file directly.
$data merge entity $(bone_body) { transformation: [-1.0033333333333334f,0f,1.2287289551445111e-16f,0f,0f,1.0033333333333334f,0f,-0.1875f,-1.2287289551445111e-16f,0f,-1.0033333333333334f,0f,0f,0f,0f,1f], start_interpolation: 0, interpolation_duration: 1 }
$data merge entity $(bone_head) { transformation: [-0.9999330751984792f,0.0011329239176401827f,0.01151354018143248f,0f,0.0010013382221207953f,0.999934195493129f,-0.011428123436232706f,-0.1875f,-0.011525729732973153f,-0.01141582966348439f,-0.9998684095355832f,0f,0f,0f,0f,1f], start_interpolation: 0, interpolation_duration: 1 }
$data merge entity $(bone_1) { transformation: [-0.9948217482960331f,0f,-0.10163507818280174f,0.012610561049425583f,0f,1f,0f,-0.1875f,0.10163507818280174f,0f,-0.9948217482960331f,0.00171640348237467f,0f,0f,0f,1f], start_interpolation: 0, interpolation_duration: 1 }
$data merge entity $(bone_2) { transformation: [-0.9999830768577442f,0f,0.0058177313549939574f,-0.008187525581225836f,0f,1f,0f,-0.1875f,-0.0058177313549939574f,0f,-0.9999830768577442f,0.0029277540846762468f,0f,0f,0f,1f], start_interpolation: 0, interpolation_duration: 1 }
$data merge entity $(bone_3) { transformation: [-0.987229113117374f,0f,-0.15930686806752242f,0.033529782740307164f,0f,1f,0f,-0.1875f,0.15930686806752242f,0f,-0.987229113117374f,0.002584861543138235f,0f,0f,0f,1f], start_interpolation: 0, interpolation_duration: 1 }
$data merge entity $(bone_4) { transformation: [-0.9995769500822005f,0f,-0.029084718743111276f,-0.005744311737470221f,0f,1f,0f,-0.1875f,0.029084718743111276f,0f,-0.9995769500822005f,0.009046045013641514f,0f,0f,0f,1f], start_interpolation: 0, interpolation_duration: 1 }