# This file was generated by Animated Java via MC-Build. It is not recommended to edit this file directly.
$data merge entity $(bone_body) { transformation: [-1.0066666666666666f,0f,1.2328111111416688e-16f,0f,0f,1.0066666666666666f,0f,-0.1875f,-1.2328111111416688e-16f,0f,-1.0066666666666666f,0f,0f,0f,0f,1f], start_interpolation: 0, interpolation_duration: 1 }
$data merge entity $(bone_head) { transformation: [-0.9993289625490134f,-0.004488009145072405f,-0.03635219917180214f,0f,-0.0031689982215619998f,0.9993373328020281f,-0.03626089792600568f,-0.1875f,0.03649084900333729f,-0.03612136545096562f,-0.998680962518548f,0f,0f,0f,0f,1f], start_interpolation: 0, interpolation_duration: 1 }
$data merge entity $(bone_1) { transformation: [-0.9793406217655515f,0f,0.20221757233203808f,-0.02494365298118286f,0f,1f,0f,-0.1875f,-0.20221757233203808f,0f,-0.9793406217655515f,-0.0009674409510435885f,0f,0f,0f,1f], start_interpolation: 0, interpolation_duration: 1 }
$data merge entity $(bone_2) { transformation: [-0.9999323080037622f,0f,-0.011635265801396913f,0.015957558115876305f,0f,1f,0f,-0.1875f,0.011635265801396913f,0f,-0.9999323080037622f,0.00800825696143244f,0f,0f,0f,1f], start_interpolation: 0, interpolation_duration: 1 }
$data merge entity $(bone_3) { transformation: [-0.9492426435730339f,0f,0.3145447561516138f,-0.06632858455376382f,0f,1f,0f,-0.1875f,-0.3145447561516138f,0f,-0.9492426435730339f,-0.0058046457062615195f,0f,0f,0f,1f], start_interpolation: 0, interpolation_duration: 1 }
$data merge entity $(bone_4) { transformation: [-0.9983081582712682f,0f,0.05814482891047594f,0.01036790353205283f,0f,1f,0f,-0.1875f,-0.05814482891047594f,0f,-0.9983081582712682f,0.019940015957684933f,0f,0f,0f,1f], start_interpolation: 0, interpolation_duration: 1 }