# This file was generated by Animated Java via MC-Build. It is not recommended to edit this file directly.
$data merge entity $(bone_body) { transformation: [-1.006f,0f,1.2319946799422373e-16f,0f,0f,1.006f,0f,-0.1875f,-1.2319946799422373e-16f,0f,-1.006f,0f,0f,0f,0f,1f], start_interpolation: 0, interpolation_duration: 1 }
$data merge entity $(bone_head) { transformation: [-0.9994564477694728f,-0.003920946373340931f,-0.032732784659486716f,0f,-0.0028524604272737904f,0.9994635666457575f,-0.03262579374133717f,-0.1875f,0.03284314968966559f,-0.032514690945460695f,-0.998931490339144f,0f,0f,0f,0f,1f], start_interpolation: 0, interpolation_duration: 1 }
$data merge entity $(bone_1) { transformation: [-0.9832549075639545f,0f,0.18223552549214764f,-0.022458914215262058f,0f,1f,0f,-0.1875f,-0.18223552549214764f,0f,-0.9832549075639545f,-0.0007839634745074044f,0f,0f,0f,1f], start_interpolation: 0, interpolation_duration: 1 }
$data merge entity $(bone_2) { transformation: [-0.9999451693655121f,0f,-0.010471784116245664f,0.014443675123794502f,0f,1f,0f,-0.1875f,0.010471784116245664f,0f,-0.9999451693655121f,0.006865311005660635f,0f,0f,0f,1f], start_interpolation: 0, interpolation_duration: 1 }
$data merge entity $(bone_3) { transformation: [-0.9588197348681929f,0f,0.28401534470392276f,-0.059753485291572324f,0f,1f,0f,-0.1875f,-0.28401534470392276f,0f,-0.9588197348681929f,-0.0047037808470444175f,0f,0f,0f,1f], start_interpolation: 0, interpolation_duration: 1 }
$data merge entity $(bone_4) { transformation: [-0.9986295347545738f,0f,0.05233595624294397f,0.009538272804402372f,0f,1f,0f,-0.1875f,-0.05233595624294397f,0f,-0.9986295347545738f,0.01766170059130001f,0f,0f,0f,1f], start_interpolation: 0, interpolation_duration: 1 }