# This file was generated by Animated Java via MC-Build. It is not recommended to edit this file directly.
$data merge entity $(bone_body) { transformation: [-1.0053333333333334f,0f,1.2311782487428058e-16f,0f,0f,1.0053333333333334f,0f,-0.1875f,-1.2311782487428058e-16f,0f,-1.0053333333333334f,0f,0f,0f,0f,1f], start_interpolation: 0, interpolation_duration: 1 }
$data merge entity $(bone_head) { transformation: [-0.9995705182231647f,-0.003380105439196573f,-0.02910934534292819f,0f,-0.0025358083200484253f,0.9995764108711938f,-0.028992559494228663f,-0.1875f,0.02919501284873693f,-0.028906291998150316f,-0.9991556823176655f,0f,0f,0f,0f,1f], start_interpolation: 0, interpolation_duration: 1 }
$data merge entity $(bone_1) { transformation: [-0.9867615321125792f,0f,0.16217792310556753f,-0.019971138604332025f,0f,1f,0f,-0.1875f,-0.16217792310556753f,0f,-0.9867615321125792f,-0.0006196657395292836f,0f,0f,0f,1f], start_interpolation: 0, interpolation_duration: 1 }
$data merge entity $(bone_2) { transformation: [-0.9999566769464486f,0f,-0.009308288253816688f,0.012908054880896807f,0f,1f,0f,-0.1875f,0.009308288253816688f,0f,-0.9999566769464486f,0.005797565593616473f,0f,0f,0f,1f], start_interpolation: 0, interpolation_duration: 1 }
$data merge entity $(bone_3) { transformation: [-0.967415219462864f,0f,0.2531951681048018f,-0.0531601649593255f,0f,1f,0f,-0.1875f,-0.2531951681048018f,0f,-0.967415219462864f,-0.003717994437175693f,0f,0f,0f,1f], start_interpolation: 0, interpolation_duration: 1 }
$data merge entity $(bone_4) { transformation: [-0.9989171113385247f,0f,0.04652531219774676f,0.008659653636103536f,0f,1f,0f,-0.1875f,-0.04652531219774676f,0f,-0.9989171113385247f,0.015444440630349875f,0f,0f,0f,1f], start_interpolation: 0, interpolation_duration: 1 }