# This file was generated by Animated Java via MC-Build. It is not recommended to edit this file directly.
$data merge entity $(bone_body) { transformation: [-1.0046666666666666f,0f,1.230361817543374e-16f,0f,0f,1.0046666666666666f,0f,-0.1875f,-1.230361817543374e-16f,0f,-1.0046666666666666f,0f,0f,0f,0f,1f], start_interpolation: 0, interpolation_duration: 1 }
$data merge entity $(bone_head) { transformation: [-0.9996711723334708f,-0.0028655107675454733f,-0.025482073178317702f,0f,-0.002219054594849812f,0.9996758889858165f,-0.02536124557513844f,-0.1875f,0.025546487080010304f,-0.025296359984363047f,-0.9993535266207911f,0f,0f,0f,0f,1f], start_interpolation: 0, interpolation_duration: 1 }
$data merge entity $(bone_1) { transformation: [-0.9898590415514598f,0f,0.14205308113105256f,-0.01748066184692629f,0f,1f,0f,-0.1875f,-0.14205308113105256f,0f,-0.9898590415514598f,-0.0004745922688958424f,0f,0f,0f,1f], start_interpolation: 0, interpolation_duration: 1 }
$data merge entity $(bone_2) { transformation: [-0.9999668307309916f,0f,-0.00814477978931466f,0.011352017919923891f,0f,1f,0f,-0.1875f,0.00814477978931466f,0f,-0.9999668307309916f,0.004805366665713172f,0f,0f,0f,1f], start_interpolation: 0, interpolation_duration: 1 }
$data merge entity $(bone_3) { transformation: [-0.9750202975952506f,0f,0.2221157789921035f,-0.0465506377482244f,0f,1f,0f,-0.1875f,-0.2221157789921035f,0f,-0.9750202975952506f,-0.002847553613375047f,0f,0f,0f,1f], start_interpolation: 0, interpolation_duration: 1 }
$data merge entity $(bone_4) { transformation: [-0.9991708782897213f,0f,0.040713093443595964f,0.007733131926450315f,0f,1f,0f,-0.1875f,-0.040713093443595964f,0f,-0.9991708782897213f,0.013289063301654682f,0f,0f,0f,1f], start_interpolation: 0, interpolation_duration: 1 }