# This file was generated by Animated Java via MC-Build. It is not recommended to edit this file directly.
$data merge entity $(bone_body) { transformation: [-1.004f,0f,1.2295453863439426e-16f,0f,0f,1.004f,0f,-0.1875f,-1.2295453863439426e-16f,0f,-1.004f,0f,0f,0f,0f,1f], start_interpolation: 0, interpolation_duration: 1 }
$data merge entity $(bone_head) { transformation: [-0.999758408709205f,-0.0023771853789527108f,-0.021851160264671064f,0f,-0.0019022119489264819f,0.999762024693486f,-0.021731902136789657f,-0.1875f,0.021897620988125796f,-0.021685086360347636f,-0.999525012805885f,0f,0f,0f,0f,1f], start_interpolation: 0, interpolation_duration: 1 }
$data merge entity $(bone_1) { transformation: [-0.992546151641322f,0f,0.12186934340514755f,-0.014987820251299112f,0f,1f,0f,-0.1875f,-0.12186934340514755f,0f,-0.992546151641322f,-0.0003487823687206281f,0f,0f,0f,1f], start_interpolation: 0, interpolation_duration: 1 }
$data merge entity $(bone_2) { transformation: [-0.9999756307053947f,0f,-0.006981260297961409f,0.009776889820836163f,0f,1f,0f,-0.1875f,0.006981260297961409f,0f,-0.9999756307053947f,0.003889039600532065f,0f,0f,0f,1f], start_interpolation: 0, interpolation_duration: 1 }
$data merge entity $(bone_3) { transformation: [-0.981627183447664f,0f,0.19080899537654483f,-0.039926921507794706f,0f,1f,0f,-0.1875f,-0.19080899537654483f,0f,-0.981627183447664f,-0.0020926942123237623f,0f,0f,0f,1f], start_interpolation: 0, interpolation_duration: 1 }
$data merge entity $(bone_4) { transformation: [-0.9993908270190957f,0f,0.03489949670250109f,0.006759806142105664f,0f,1f,0f,-0.1875f,-0.03489949670250109f,0f,-0.9993908270190957f,0.011196378793120429f,0f,0f,0f,1f], start_interpolation: 0, interpolation_duration: 1 }