# This file was generated by Animated Java via MC-Build. It is not recommended to edit this file directly.
$data merge entity $(bone_body) { transformation: [-1.0033333333333334f,0f,1.2287289551445111e-16f,0f,0f,1.0033333333333334f,0f,-0.1875f,-1.2287289551445111e-16f,0f,-1.0033333333333334f,0f,0f,0f,0f,1f], start_interpolation: 0, interpolation_duration: 1 }
$data merge entity $(bone_head) { transformation: [-0.9998322261446324f,-0.0019151508888004592f,-0.01821679883353992f,0f,-0.0015852930815261261f,0.9998348418922487f,-0.01810457909336022f,-0.1875f,0.018248463182257296f,-0.018072662653167555f,-0.9996701318215477f,0f,0f,0f,0f,1f], start_interpolation: 0, interpolation_duration: 1 }
$data merge entity $(bone_1) { transformation: [-0.9948217482960331f,0f,0.101635078182802f,-0.01249295065946362f,0f,1f,0f,-0.1875f,-0.101635078182802f,0f,-0.9948217482960331f,-0.00024227012046031755f,0f,0f,0f,1f], start_interpolation: 0, interpolation_duration: 1 }
$data merge entity $(bone_2) { transformation: [-0.9999830768577442f,0f,-0.005817731354993708f,0.008184000910957646f,0f,1f,0f,-0.1875f,0.005817731354993708f,0f,-0.9999830768577442f,0.003048889144906408f,0f,0f,0f,1f], start_interpolation: 0, interpolation_duration: 1 }
$data merge entity $(bone_3) { transformation: [-0.987229113117374f,0f,0.1593068680675227f,-0.03329103729011504f,0f,1f,0f,-0.1875f,-0.1593068680675227f,0f,-0.987229113117374f,-0.0014536207227619001f,0f,0f,0f,1f], start_interpolation: 0, interpolation_duration: 1 }
$data merge entity $(bone_4) { transformation: [-0.9995769500822005f,0f,0.029084718743111533f,0.005740787067202028f,0f,1f,0f,-0.1875f,-0.029084718743111533f,0f,-0.9995769500822005f,0.009167180073871677f,0f,0f,0f,1f], start_interpolation: 0, interpolation_duration: 1 }