# This file was generated by Animated Java via MC-Build. It is not recommended to edit this file directly.
$data merge entity $(bone_body) { transformation: [-1.002f,0f,1.227096092745648e-16f,0f,0f,1.002f,0f,-0.1875f,-1.227096092745648e-16f,0f,-1.002f,0f,0f,0f,0f,1f], start_interpolation: 0, interpolation_duration: 1 }
$data merge entity $(bone_head) { transformation: [-0.9999396002989864f,-0.0010700340349087904f,-0.010938499945939583f,0f,-0.0009512774875676454f,0.9999406173129864f,-0.010856192650516672f,-0.1875f,0.010949466884046475f,-0.010845131390980103f,-0.9998812390979579f,0f,0f,0f,0f,1f], start_interpolation: 0, interpolation_duration: 1 }
$data merge entity $(bone_1) { transformation: [-0.998134798421867f,0f,0.06104853953485694f,-0.0074984770675477356f,0f,1f,0f,-0.1875f,-0.06104853953485694f,0f,-0.998134798421867f,-0.00008724874175625321f,0f,0f,0f,1f], start_interpolation: 0, interpolation_duration: 1 }
$data merge entity $(bone_2) { transformation: [-0.9999939076577903f,0f,-0.003490651415223603f,0.004950283899312829f,0f,1f,0f,-0.1875f,0.003490651415223603f,0f,-0.9999939076577903f,0.0015982335007988788f,0f,0f,0f,1f], start_interpolation: 0, interpolation_duration: 1 }
$data merge entity $(bone_3) { transformation: [-0.9953961983671789f,0f,0.09584575252022401f,-0.01999086240528642f,0f,1f,0f,-0.1875f,-0.09584575252022401f,0f,-0.9953961983671789f,-0.000523492450537516f,0f,0f,0f,1f], start_interpolation: 0, interpolation_duration: 1 }
$data merge entity $(bone_4) { transformation: [-0.9998476951563913f,0f,0.01745240643728362f,0.003570172252904579f,0f,1f,0f,-0.1875f,-0.01745240643728362f,0f,-0.9998476951563913f,0.005302324731242359f,0f,0f,0f,1f], start_interpolation: 0, interpolation_duration: 1 }