# This file was generated by Animated Java via MC-Build. It is not recommended to edit this file directly.
$data merge entity $(bone_body) { transformation: [-1.0013333333333334f,0f,1.2262796615462164e-16f,0f,0f,1.0013333333333334f,0f,-0.1875f,-1.2262796615462164e-16f,0f,-1.0013333333333334f,0f,0f,0f,0f,1f], start_interpolation: 0, interpolation_duration: 1 }
$data merge entity $(bone_head) { transformation: [-0.9999731555338423f,-0.0006869878694993813f,-0.007294947522582863f,0f,-0.0006342061669307827f,0.999973624282194f,-0.007235227879708467f,-0.1875f,0.007299725626892022f,-0.007230407153172248f,-0.9999472162160218f,0f,0f,0f,0f,1f], start_interpolation: 0, interpolation_duration: 1 }
$data merge entity $(bone_1) { transformation: [-0.9991708782897213f,0f,0.04071309344359598f,-0.004999548735299104f,0f,1f,0f,-0.1875f,-0.04071309344359598f,0f,-0.9991708782897213f,-0.00003878159395676117f,0f,0f,0f,1f], start_interpolation: 0, interpolation_duration: 1 }
$data merge entity $(bone_2) { transformation: [-0.9999972922908238f,0f,-0.0023271035689501444f,0.0033121374775513654f,0f,1f,0f,-0.1875f,0.0023271035689501444f,0f,-0.9999972922908238f,0.0009882340768099275f,0f,0f,0f,1f], start_interpolation: 0, interpolation_duration: 1 }
$data merge entity $(bone_3) { transformation: [-0.9979529927660074f,0f,0.06395173359158578f,-0.01333062574512796f,0f,1f,0f,-0.1875f,-0.06395173359158578f,0f,-0.9979529927660074f,-0.00023268956374056514f,0f,0f,0f,1f], start_interpolation: 0, interpolation_duration: 1 }
$data merge entity $(bone_4) { transformation: [-0.9999323080037622f,0f,0.011635265801397137f,0.0024208573856333406f,0f,1f,0f,-0.1875f,-0.011635265801397137f,0f,-0.9999323080037622f,0.003468166382780202f,0f,0f,0f,1f], start_interpolation: 0, interpolation_duration: 1 }