# This file was generated by Animated Java via MC-Build. It is not recommended to edit this file directly.
$data merge entity $(bone_body) { transformation: [-1.004f,0f,1.2295453863439426e-16f,0f,0f,1.004f,0f,-0.1875f,-1.2295453863439426e-16f,0f,-1.004f,0f,0f,0f,0f,1f], start_interpolation: 0, interpolation_duration: 1 }
$data merge entity $(bone_head) { transformation: [-0.9999036287728584f,0.0013910507215839176f,0.01381297016429809f,0f,0.0012015706579049943f,0.9999052040341957f,-0.013716383389489151f,-0.1875f,-0.013830740935462209f,-0.013698464265142023f,-0.9998105133883884f,0f,0f,0f,0f,1f], start_interpolation: 0, interpolation_duration: 1 }
$data merge entity $(bone_1) { transformation: [-0.992546151641322f,0f,-0.12186934340514732f,0.015156121561308992f,0f,1f,0f,-0.1875f,0.12186934340514732f,0f,-0.992546151641322f,0.0019707365725686226f,0f,0f,0f,1f], start_interpolation: 0, interpolation_duration: 1 }
$data merge entity $(bone_2) { transformation: [-0.9999756307053947f,0f,0.006981260297961672f,-0.009782979695186607f,0f,1f,0f,-0.1875f,-0.006981260297961672f,0f,-0.9999756307053947f,0.0037146484161717517f,0f,0f,0f,1f], start_interpolation: 0, interpolation_duration: 1 }
$data merge entity $(bone_3) { transformation: [-0.9816271834476639f,0f,-0.19080899537654464f,0.04026961400216491f,0f,1f,0f,-0.1875f,0.19080899537654464f,0f,-0.9816271834476639f,0.002720734854615054f,0f,0f,0f,1f], start_interpolation: 0, interpolation_duration: 1 }
$data merge entity $(bone_4) { transformation: [-0.9993908270190957f,0f,-0.034899496702500844f,-0.00676589601645611f,0f,1f,0f,-0.1875f,0.034899496702500844f,0f,-0.9993908270190957f,0.011021987608760121f,0f,0f,0f,1f], start_interpolation: 0, interpolation_duration: 1 }