# This file was generated by Animated Java via MC-Build. It is not recommended to edit this file directly.
$data merge entity $(bone_body) { transformation: [-1.0053333333333334f,0f,1.2311782487428058e-16f,0f,0f,1.0053333333333334f,0f,-0.1875f,-1.2311782487428058e-16f,0f,-1.0053333333333334f,0f,0f,0f,0f,1f], start_interpolation: 0, interpolation_duration: 1 }
$data merge entity $(bone_head) { transformation: [-0.9998286755779712f,0.0019388127087426898f,0.018408163875856913f,0f,0.001601974716639486f,0.9998313410594518f,-0.01829543965761665f,-0.1875f,-0.018440530605360397f,-0.018262815788882666f,-0.9996631514617582f,0f,0f,0f,0f,1f], start_interpolation: 0, interpolation_duration: 1 }
$data merge entity $(bone_1) { transformation: [-0.9867615321125792f,0f,-0.16217792310556733f,0.020266540776262686f,0f,1f,0f,-0.1875f,0.16217792310556733f,0f,-0.9867615321125792f,0.002389404026205429f,0f,0f,0f,1f], start_interpolation: 0, interpolation_duration: 1 }
$data merge entity $(bone_2) { transformation: [-0.9999566769464485f,0f,0.009308288253816924f,-0.012922485578730792f,0f,1f,0f,-0.1875f,-0.009308288253816924f,0f,-0.9999566769464485f,0.00548773272385183f,0f,0f,0f,1f], start_interpolation: 0, interpolation_duration: 1 }
$data merge entity $(bone_3) { transformation: [-0.9674152194628641f,0f,-0.25319516810480164f,0.05376540000102081f,0f,1f,0f,-0.1875f,0.25319516810480164f,0f,-0.9674152194628641f,0.002609977964058374f,0f,0f,0f,1f], start_interpolation: 0, interpolation_duration: 1 }
$data merge entity $(bone_4) { transformation: [-0.9989171113385246f,0f,-0.04652531219774653f,-0.00867408433393753f,0f,1f,0f,-0.1875f,0.04652531219774653f,0f,-0.9989171113385246f,0.015134607760585237f,0f,0f,0f,1f], start_interpolation: 0, interpolation_duration: 1 }