# This file was generated by Animated Java via MC-Build. It is not recommended to edit this file directly.
$data merge entity $(bone_leg_right) { transformation: [-1f,2.1265768495757713e-17f,1.2060416625018976e-16f,-0.09375f,0f,0.984807753012208f,-0.17364817766693033f,-0.5625f,-1.2246467991473532e-16f,-0.17364817766693033f,-0.984807753012208f,-0.03750000000000002f,0f,0f,0f,1f], start_interpolation: 0, interpolation_duration: 1 }
$data merge entity $(bone_leg_left) { transformation: [-1f,-2.1265768495757713e-17f,1.2060416625018976e-16f,7.654042494670958e-18f,0f,0.984807753012208f,0.17364817766693033f,-0.5625f,-1.2246467991473532e-16f,0.17364817766693033f,-0.984807753012208f,-0.0625f,0f,0f,0f,1f], start_interpolation: 0, interpolation_duration: 1 }
$data merge entity $(bone_hat) { transformation: [-0.9986295347545738f,-0.05233595624294383f,1.2246467991473532e-16f,0f,-0.05233595624294383f,0.9986295347545738f,0f,-0.5625f,-1.2229684632711994e-16f,-6.4093061293237094e-18f,-1f,0f,0f,0f,0f,1f], start_interpolation: 0, interpolation_duration: 1 }
$data merge entity $(bone_body) { transformation: [-0.9975640502598242f,-0.0697564737441253f,1.2246467991473532e-16f,0f,-0.0697564737441253f,0.9975640502598242f,0f,-0.5625f,-1.221663621095163e-16f,-8.542704229054943e-18f,-1f,0f,0f,0f,0f,1f], start_interpolation: 0, interpolation_duration: 1 }