# This file was generated by Animated Java via MC-Build. It is not recommended to edit this file directly.
$data merge entity $(bone_leg_right) { transformation: [-1f,1.7043789261815557e-17f,1.2127286206821952e-16f,-0.09375f,0f,0.9902680687415704f,-0.13917310096006544f,-0.5625f,-1.2246467991473532e-16f,-0.13917310096006544f,-0.9902680687415704f,-0.05000000000000002f,0f,0f,0f,1f], start_interpolation: 0, interpolation_duration: 1 }
$data merge entity $(bone_leg_left) { transformation: [-1f,-1.7043789261815557e-17f,1.2127286206821952e-16f,6.123233995736766e-18f,0f,0.9902680687415704f,0.13917310096006544f,-0.5625f,-1.2246467991473532e-16f,0.13917310096006544f,-0.9902680687415704f,-0.05f,0f,0f,0f,1f], start_interpolation: 0, interpolation_duration: 1 }
$data merge entity $(bone_hat) { transformation: [-0.9991228300988584f,-0.04187565372919964f,1.2246467991473532e-16f,0f,-0.04187565372919964f,0.9991228300988584f,0f,-0.5625f,-1.2235725758356118e-16f,-5.128288530166726e-18f,-1f,0f,0f,0f,0f,1f], start_interpolation: 0, interpolation_duration: 1 }
$data merge entity $(bone_body) { transformation: [-0.998440764181981f,-0.0558215049931638f,1.2246467991473532e-16f,0f,-0.0558215049931638f,0.998440764181981f,0f,-0.5625f,-1.2227372859937002e-16f,-6.836162741346604e-18f,-1f,0f,0f,0f,0f,1f], start_interpolation: 0, interpolation_duration: 1 }