# This file was generated by Animated Java via MC-Build. It is not recommended to edit this file directly.
$data merge entity $(bone_leg_right) { transformation: [-1f,1.4924690131530345e-17f,1.2155184676135683e-16f,-0.09375f,0f,0.992546151641322f,-0.12186934340514746f,-0.5625f,-1.2246467991473532e-16f,-0.12186934340514746f,-0.992546151641322f,-0.05625000000000002f,0f,0f,0f,1f], start_interpolation: 0, interpolation_duration: 1 }
$data merge entity $(bone_leg_left) { transformation: [-1f,-1.4924690131530345e-17f,1.2155184676135683e-16f,5.35782974626967e-18f,0f,0.992546151641322f,0.12186934340514746f,-0.5625f,-1.2246467991473532e-16f,0.12186934340514746f,-0.992546151641322f,-0.04375f,0f,0f,0f,1f], start_interpolation: 0, interpolation_duration: 1 }
$data merge entity $(bone_hat) { transformation: [-0.9993283937786562f,-0.03664370870655627f,1.2246467991473532e-16f,0f,-0.03664370870655627f,0.9993283937786562f,0f,-0.5625f,-1.2238243187380972e-16f,-4.487560057637213e-18f,-1f,0f,0f,0f,0f,1f], start_interpolation: 0, interpolation_duration: 1 }
$data merge entity $(bone_body) { transformation: [-0.9988061373414341f,-0.04884976979561326f,1.2246467991473532e-16f,0f,-0.04884976979561326f,0.9988061373414341f,0f,-0.5625f,-1.2231847390639188e-16f,-5.982371421928283e-18f,-1f,0f,0f,0f,0f,1f], start_interpolation: 0, interpolation_duration: 1 }