# This file was generated by Animated Java via MC-Build. It is not recommended to edit this file directly.
$data merge entity $(bone_leg_right) { transformation: [-1f,1.280104479605235e-17f,1.217938055844715e-16f,-0.09374999999999999f,0f,0.9945218953682733f,-0.10452846326765347f,-0.5625f,-1.2246467991473532e-16f,-0.10452846326765347f,-0.9945218953682733f,-0.06250000000000001f,0f,0f,0f,1f], start_interpolation: 0, interpolation_duration: 1 }
$data merge entity $(bone_leg_left) { transformation: [-1f,-1.280104479605235e-17f,1.217938055844715e-16f,4.592425496802575e-18f,0f,0.9945218953682733f,0.10452846326765347f,-0.5625f,-1.2246467991473532e-16f,0.10452846326765347f,-0.9945218953682733f,-0.037500000000000006f,0f,0f,0f,1f], start_interpolation: 0, interpolation_duration: 1 }
$data merge entity $(bone_hat) { transformation: [-0.9995065603657316f,-0.03141075907812829f,1.2246467991473532e-16f,0f,-0.03141075907812829f,0.9995065603657316f,0f,-0.5625f,-1.224042509878674e-16f,-3.846708556381848e-18f,-1f,0f,0f,0f,0f,1f], start_interpolation: 0, interpolation_duration: 1 }
$data merge entity $(bone_body) { transformation: [-0.9991228300988584f,-0.04187565372919964f,1.2246467991473532e-16f,0f,-0.04187565372919964f,0.9991228300988584f,0f,-0.5625f,-1.2235725758356118e-16f,-5.128288530166726e-18f,-1f,0f,0f,0f,0f,1f], start_interpolation: 0, interpolation_duration: 1 }