# This file was generated by Animated Java via MC-Build. It is not recommended to edit this file directly.
$data merge entity $(bone_leg_right) { transformation: [-1f,1.0673500138322974e-17f,1.2199866483456202e-16f,-0.09374999999999999f,0f,0.9961946980917455f,-0.08715574274765818f,-0.5625f,-1.2246467991473532e-16f,-0.08715574274765818f,-0.9961946980917455f,-0.06875000000000002f,0f,0f,0f,1f], start_interpolation: 0, interpolation_duration: 1 }
$data merge entity $(bone_leg_left) { transformation: [-1f,-1.0673500138322974e-17f,1.2199866483456202e-16f,3.827021247335479e-18f,0f,0.9961946980917455f,0.08715574274765818f,-0.5625f,-1.2246467991473532e-16f,0.08715574274765818f,-0.9961946980917455f,-0.03125f,0f,0f,0f,1f], start_interpolation: 0, interpolation_duration: 1 }
$data merge entity $(bone_hat) { transformation: [-0.9996573249755573f,-0.02617694830787315f,1.2246467991473532e-16f,0f,-0.02617694830787315f,0.9996573249755573f,0f,-0.5625f,-1.2242271432755217e-16f,-3.2057515956682574e-18f,-1f,0f,0f,0f,0f,1f], start_interpolation: 0, interpolation_duration: 1 }
$data merge entity $(bone_body) { transformation: [-0.9993908270190958f,-0.03489949670250097f,1.2246467991473532e-16f,0f,-0.03489949670250097f,0.9993908270190958f,0f,-0.5625f,-1.2239007774061617e-16f,-4.273955692857142e-18f,-1f,0f,0f,0f,0f,1f], start_interpolation: 0, interpolation_duration: 1 }