# This file was generated by Animated Java via MC-Build. It is not recommended to edit this file directly.
$data merge entity $(bone_leg_right) { transformation: [-1f,-6.40930612932371e-18f,1.2229684632711994e-16f,-0.09374999999999999f,0f,0.9986295347545738f,0.052335956242943835f,-0.5625f,-1.2246467991473532e-16f,0.052335956242943835f,-0.9986295347545738f,-0.1375f,0f,0f,0f,1f], start_interpolation: 0, interpolation_duration: 1 }
$data merge entity $(bone_leg_left) { transformation: [-1f,6.40930612932371e-18f,1.2229684632711994e-16f,-4.592425496802575e-18f,0f,0.9986295347545738f,-0.052335956242943835f,-0.5625f,-1.2246467991473532e-16f,-0.052335956242943835f,-0.9986295347545738f,0.037500000000000006f,0f,0f,0f,1f], start_interpolation: 0, interpolation_duration: 1 }
$data merge entity $(bone_hat) { transformation: [-0.9995065603657316f,0.03141075907812829f,1.2246467991473532e-16f,0f,0.03141075907812829f,0.9995065603657316f,0f,-0.5625f,-1.224042509878674e-16f,3.846708556381848e-18f,-1f,0f,0f,0f,0f,1f], start_interpolation: 0, interpolation_duration: 1 }
$data merge entity $(bone_body) { transformation: [-0.9989171113385246f,0.04652531219774666f,1.2246467991473532e-16f,0f,0.04652531219774666f,0.9989171113385246f,0f,-0.5625f,-1.2233206430142443e-16f,5.697707466230175e-18f,-1f,0f,0f,0f,0f,1f], start_interpolation: 0, interpolation_duration: 1 }