# This file was generated by Animated Java via MC-Build. It is not recommended to edit this file directly.
$data merge entity $(bone_leg_right) { transformation: [-1f,-7.476289853398312e-18f,1.2223625860049279e-16f,-0.09374999999999999f,0f,0.9981347984218669f,0.06104853953485688f,-0.5625f,-1.2246467991473532e-16f,0.06104853953485688f,-0.9981347984218669f,-0.14375000000000002f,0f,0f,0f,1f], start_interpolation: 0, interpolation_duration: 1 }
$data merge entity $(bone_leg_left) { transformation: [-1f,7.476289853398312e-18f,1.2223625860049279e-16f,-5.3578297462696715e-18f,0f,0.9981347984218669f,-0.06104853953485688f,-0.5625f,-1.2246467991473532e-16f,-0.06104853953485688f,-0.9981347984218669f,0.04375000000000001f,0f,0f,0f,1f], start_interpolation: 0, interpolation_duration: 1 }
$data merge entity $(bone_hat) { transformation: [-0.9993283937786562f,0.03664370870655628f,1.2246467991473532e-16f,0f,0.03664370870655628f,0.9993283937786562f,0f,-0.5625f,-1.2238243187380972e-16f,4.487560057637215e-18f,-1f,0f,0f,0f,0f,1f], start_interpolation: 0, interpolation_duration: 1 }
$data merge entity $(bone_body) { transformation: [-0.9985261642908916f,0.05427245366223372f,1.2246467991473532e-16f,0f,0.05427245366223372f,0.9985261642908916f,0f,-0.5625f,-1.2228418709637246e-16f,6.646458665932757e-18f,-1f,0f,0f,0f,0f,1f], start_interpolation: 0, interpolation_duration: 1 }