# This file was generated by Animated Java via MC-Build. It is not recommended to edit this file directly.
$data merge entity $(bone_leg_right) { transformation: [-1f,-8.542704229054942e-18f,1.221663621095163e-16f,-0.09374999999999999f,0f,0.9975640502598242f,0.06975647374412529f,-0.5625f,-1.2246467991473532e-16f,0.06975647374412529f,-0.9975640502598242f,-0.15f,0f,0f,0f,1f], start_interpolation: 0, interpolation_duration: 1 }
$data merge entity $(bone_leg_left) { transformation: [-1f,8.542704229054942e-18f,1.221663621095163e-16f,-6.123233995736765e-18f,0f,0.9975640502598242f,-0.06975647374412529f,-0.5625f,-1.2246467991473532e-16f,-0.06975647374412529f,-0.9975640502598242f,0.04999999999999999f,0f,0f,0f,1f], start_interpolation: 0, interpolation_duration: 1 }
$data merge entity $(bone_hat) { transformation: [-0.9991228300988584f,0.041875653729199616f,1.2246467991473532e-16f,0f,0.041875653729199616f,0.9991228300988584f,0f,-0.5625f,-1.2235725758356118e-16f,5.128288530166724e-18f,-1f,0f,0f,0f,0f,1f], start_interpolation: 0, interpolation_duration: 1 }
$data merge entity $(bone_body) { transformation: [-0.998075134885022f,0.06201632949671531f,1.2246467991473532e-16f,0f,0.06201632949671531f,0.998075134885022f,0f,-0.5625f,-1.222289519245505e-16f,7.594809941301999e-18f,-1f,0f,0f,0f,0f,1f], start_interpolation: 0, interpolation_duration: 1 }