# This file was generated by Animated Java via MC-Build. It is not recommended to edit this file directly.
$data merge entity $(bone_leg_right) { transformation: [-1f,-1.0673500138322974e-17f,1.2199866483456202e-16f,-0.09374999999999999f,0f,0.9961946980917455f,0.08715574274765818f,-0.5625f,-1.2246467991473532e-16f,0.08715574274765818f,-0.9961946980917455f,-0.1625f,0f,0f,0f,1f], start_interpolation: 0, interpolation_duration: 1 }
$data merge entity $(bone_leg_left) { transformation: [-1f,1.0673500138322974e-17f,1.2199866483456202e-16f,-7.654042494670958e-18f,0f,0.9961946980917455f,-0.08715574274765818f,-0.5625f,-1.2246467991473532e-16f,-0.08715574274765818f,-0.9961946980917455f,0.0625f,0f,0f,0f,1f], start_interpolation: 0, interpolation_duration: 1 }
$data merge entity $(bone_hat) { transformation: [-0.9986295347545738f,0.05233595624294383f,1.2246467991473532e-16f,0f,0.05233595624294383f,0.9986295347545738f,0f,-0.5625f,-1.2229684632711994e-16f,6.4093061293237094e-18f,-1f,0f,0f,0f,0f,1f], start_interpolation: 0, interpolation_duration: 1 }
$data merge entity $(bone_body) { transformation: [-0.9979866764718844f,0.0634239196565645f,1.2246467991473532e-16f,0f,0.0634239196565645f,0.9979866764718844f,0f,-0.5625f,-1.2221811889329985e-16f,7.767190019679061e-18f,-1f,0f,0f,0f,0f,1f], start_interpolation: 0, interpolation_duration: 1 }