# This file was generated by Animated Java via MC-Build. It is not recommended to edit this file directly.
$data merge entity $(bone_leg_right) { transformation: [-1f,-9.608468044710109e-18f,1.220871621770789e-16f,-0.09374999999999999f,0f,0.996917333733128f,0.07845909572784494f,-0.5625f,-1.2246467991473532e-16f,0.07845909572784494f,-0.996917333733128f,-0.15625f,0f,0f,0f,1f], start_interpolation: 0, interpolation_duration: 1 }
$data merge entity $(bone_leg_left) { transformation: [-1f,9.608468044710109e-18f,1.220871621770789e-16f,-6.888638245203861e-18f,0f,0.996917333733128f,-0.07845909572784494f,-0.5625f,-1.2246467991473532e-16f,-0.07845909572784494f,-0.996917333733128f,0.056249999999999994f,0f,0f,0f,1f], start_interpolation: 0, interpolation_duration: 1 }
$data merge entity $(bone_hat) { transformation: [-0.99888987496197f,0.04710645070964265f,1.2246467991473532e-16f,0f,0.04710645070964265f,0.99888987496197f,0f,-0.5625f,-1.2232872880728764e-16f,5.7688764080756435e-18f,-1f,0f,0f,0f,0f,1f], start_interpolation: 0, interpolation_duration: 1 }
$data merge entity $(bone_body) { transformation: [-0.9983691039261356f,0.057088810862767965f,1.2246467991473532e-16f,0f,0.057088810862767965f,0.9983691039261356f,0f,-0.5625f,-1.2226495274907532e-16f,6.991362949021743e-18f,-1f,0f,0f,0f,0f,1f], start_interpolation: 0, interpolation_duration: 1 }