# This file was generated by Animated Java via MC-Build. It is not recommended to edit this file directly.
$data merge entity $(bone_leg_right) { transformation: [-1f,-5.341834311772723e-18f,1.223481206754078e-16f,-0.09374999999999999f,0f,0.9990482215818578f,0.043619387365336f,-0.5625f,-1.2246467991473532e-16f,0.043619387365336f,-0.9990482215818578f,-0.13125f,0f,0f,0f,1f], start_interpolation: 0, interpolation_duration: 1 }
$data merge entity $(bone_leg_left) { transformation: [-1f,5.341834311772723e-18f,1.223481206754078e-16f,-3.827021247335479e-18f,0f,0.9990482215818578f,-0.043619387365336f,-0.5625f,-1.2246467991473532e-16f,-0.043619387365336f,-0.9990482215818578f,0.03125f,0f,0f,0f,1f], start_interpolation: 0, interpolation_duration: 1 }
$data merge entity $(bone_hat) { transformation: [-0.9996573249755573f,0.02617694830787315f,1.2246467991473532e-16f,0f,0.02617694830787315f,0.9996573249755573f,0f,-0.5625f,-1.2242271432755217e-16f,3.2057515956682574e-18f,-1f,0f,0f,0f,0f,1f], start_interpolation: 0, interpolation_duration: 1 }
$data merge entity $(bone_body) { transformation: [-0.9994965423831851f,0.03172793349806765f,1.2246467991473532e-16f,0f,0.03172793349806765f,0.9994965423831851f,0f,-0.5625f,-1.2240302413884145e-16f,3.885551220196863e-18f,-1f,0f,0f,0f,0f,1f], start_interpolation: 0, interpolation_duration: 1 }