# This file was generated by Animated Java via MC-Build. It is not recommended to edit this file directly.
$data merge entity $(bone_leg_right) { transformation: [-1f,1.9157696688784726e-17f,1.2095693648649962e-16f,-0.09375f,0f,0.9876883405951378f,-0.15643446504023087f,-0.5625f,-1.2246467991473532e-16f,-0.15643446504023087f,-0.9876883405951378f,-0.04375000000000002f,0f,0f,0f,1f], start_interpolation: 0, interpolation_duration: 1 }
$data merge entity $(bone_leg_left) { transformation: [-1f,-1.9157696688784726e-17f,1.2095693648649962e-16f,6.888638245203862e-18f,0f,0.9876883405951378f,0.15643446504023087f,-0.5625f,-1.2246467991473532e-16f,0.15643446504023087f,-0.9876883405951378f,-0.05625f,0f,0f,0f,1f], start_interpolation: 0, interpolation_duration: 1 }
$data merge entity $(bone_hat) { transformation: [-0.99888987496197f,-0.04710645070964266f,1.2246467991473532e-16f,0f,-0.04710645070964266f,0.99888987496197f,0f,-0.5625f,-1.2232872880728764e-16f,-5.768876408075644e-18f,-1f,0f,0f,0f,0f,1f], start_interpolation: 0, interpolation_duration: 1 }
$data merge entity $(bone_body) { transformation: [-0.9980267284282716f,-0.06279051952931337f,1.2246467991473532e-16f,0f,-0.06279051952931337f,0.9980267284282716f,0f,-0.5625f,-1.2222302384331876e-16f,-7.6896208758373e-18f,-1f,0f,0f,0f,0f,1f], start_interpolation: 0, interpolation_duration: 1 }