# This file was generated by Animated Java via MC-Build. It is not recommended to edit this file directly.
$data merge entity $(bone_body) { transformation: [-0.9755141853569047f,-0.21978093554579253f,-0.008271308123310945f,0f,-0.2191050148956587f,0.9744057191698116f,-0.050264171103634986f,-0.085375f,0.019106716489960596f,-0.047221126837237934f,-0.9987017064995902f,0f,0f,0f,0f,1f], start_interpolation: 0, interpolation_duration: 1 }
$data merge entity $(bone_wing_1) { transformation: [-0.9752857301587562f,0.13092647380082836f,0.17797753511829179f,0.022327408363180815f,0.11940971966647057f,0.9900838065040855f,-0.07399577655214921f,-0.07076232101039157f,-0.18590068154225978f,-0.05091477738792239f,-0.981248501678174f,-0.0009203659763481202f,0f,0f,0f,1f], start_interpolation: 0, interpolation_duration: 1 }
$data merge entity $(bone_wing_2) { transformation: [-0.8229573055030631f,-0.543399216572288f,-0.16570626043623632f,-0.026448300904664424f,-0.5233034538929451f,0.8386271258616903f,-0.1511887525997716f,-0.0817175717551745f,0.2211216146441869f,-0.03770723004391093f,-0.9745170066959135f,0.000034969848149909554f,0f,0f,0f,1f], start_interpolation: 0, interpolation_duration: 1 }