# This file was generated by Animated Java via MC-Build. It is not recommended to edit this file directly.
$data merge entity $(bone_body) { transformation: [-0.9866419556459223f,-0.162287896043234f,-0.014152390506565232f,0f,-0.16229252510441397f,0.986742342252649f,-0.0008284328513793909f,-0.103125f,0.014099207581385787f,0.0014794605829679178f,-0.9998995067215307f,0f,0f,0f,0f,1f], start_interpolation: 0, interpolation_duration: 1 }
$data merge entity $(bone_wing_1) { transformation: [-0.9780823737428528f,-0.20517015158046648f,-0.035497592509841976f,0.02314459986574274f,-0.2051122557880131f,0.978724081667998f,-0.005304195385438998f,-0.08981697741377107f,0.035830611201862816f,0.0020930512613513055f,-0.9993556856481672f,-0.0003386102465693205f,0f,0f,0f,1f], start_interpolation: 0, interpolation_duration: 1 }
$data merge entity $(bone_wing_2) { transformation: [-0.9928542673186702f,-0.11909671627204221f,0.00750839798645902f,-0.026187497916553375f,-0.11908669244065734f,0.9928822827060538f,0.0017698508299298123f,-0.09793160366899177f,-0.00766573875439696f,0.0008630536672778083f,-0.9999702453511888f,0.00036635013249996894f,0f,0f,0f,1f], start_interpolation: 0, interpolation_duration: 1 }