# This file was generated by Animated Java via MC-Build. It is not recommended to edit this file directly.
$data merge entity $(bone_body) { transformation: [-0.9915799307742588f,-0.12867514707459124f,-0.014558413754541045f,0f,-0.12901178689846263f,0.9913227721319422f,0.025201593082719777f,-0.112375f,0.011189268384562457f,0.026867600897244808f,-0.9995763764190532f,0f,0f,0f,0f,1f], start_interpolation: 0, interpolation_duration: 1 }
$data merge entity $(bone_wing_1) { transformation: [-0.9188743169467581f,-0.37025603152375286f,-0.13631016387603107f,0.02358316876553218f,-0.37062171161603463f,0.9284831326867572f,-0.02363512629512151f,-0.09985605433880149f,0.13531273603925698f,0.028801795716016675f,-0.9903842284836242f,-0.00002784795120239149f,0f,0f,0f,1f], start_interpolation: 0, interpolation_duration: 1 }
$data merge entity $(bone_wing_2) { transformation: [-0.9858832062272653f,0.12092398570800385f,0.1158088656344482f,-0.02599582777318076f,0.12279885432898603f,0.9923892382312761f,0.009167399753238024f,-0.10630664368372461f,-0.11381891343065817f,0.023259181482539075f,-0.9932292109187218f,0.0005316154680257314f,0f,0f,0f,1f], start_interpolation: 0, interpolation_duration: 1 }