# This file was generated by Animated Java via MC-Build. It is not recommended to edit this file directly.
$data merge entity $(bone_body) { transformation: [-0.9995928041160781f,-0.02812951678945528f,-0.00479126753038799f,0f,-0.02842849578840363f,0.9962048602973869f,0.08226601331699915f,-0.132625f,0.0024589807979554937f,0.08236872346379856f,-0.9965988896283096f,0f,0f,0f,0f,1f], start_interpolation: 0, interpolation_duration: 1 }
$data merge entity $(bone_wing_1) { transformation: [-0.6919768499802486f,-0.6674602138165702f,-0.2750725396388217f,0.02472610588300081f,-0.6498938813527235f,0.741851422932137f,-0.16521019724537483f,-0.12257486704000191f,0.31433418851869216f,0.06444632856495475f,-0.9471223197997147f,0.0007107322625242237f,0f,0f,0f,1f], start_interpolation: 0, interpolation_duration: 1 }
$data merge entity $(bone_wing_2) { transformation: [-0.7293312175795554f,0.6245278376505745f,0.2793581125784981f,-0.025253534322803098f,0.6094717712232114f,0.7785956619148101f,-0.1494421470987357f,-0.1239962918294221f,-0.3108377955557603f,0.06126806057756664f,-0.9484862094975862f,0.0008336813024219984f,0f,0f,0f,1f], start_interpolation: 0, interpolation_duration: 1 }