# This file was generated by Animated Java via MC-Build. It is not recommended to edit this file directly.
$data merge entity $(bone_body) { transformation: [-0.9954870823367442f,0.09401806664236902f,0.012886894331345027f,0f,0.09454316044427795f,0.9943048790437037f,0.049187379713635015f,-0.12087500000000001f,-0.008188999565496962f,0.05018376883731289f,-0.9987064281516362f,0f,0f,0f,0f,1f], start_interpolation: 0, interpolation_duration: 1 }
$data merge entity $(bone_wing_1) { transformation: [-0.9183202215927713f,-0.3391160661958508f,-0.2041770414656227f,0.025768596433190814f,-0.3403731496547097f,0.9398104979107769f,-0.030039091378237535f,-0.11391697077007225f,0.2020744655020418f,0.04191087763992567f,-0.9784729882462342f,0.0006751978219872322f,0f,0f,0f,1f], start_interpolation: 0, interpolation_duration: 1 }
$data merge entity $(bone_wing_2) { transformation: [-0.8344163179827542f,0.5092282891957406f,0.21079838179379484f,-0.0240057576836464f,0.5068336239470148f,0.8592417412419147f,-0.06945003775591826f,-0.10918981274785834f,-0.21649269253450407f,0.04888946297865891f,-0.9750593492135845f,0.00026574784371238396f,0f,0f,0f,1f], start_interpolation: 0, interpolation_duration: 1 }