# This file was generated by Animated Java via MC-Build. It is not recommended to edit this file directly.
$data merge entity $(bone_body) { transformation: [-0.9915799307742588f,0.12867514707459127f,0.014558413754541292f,0f,0.12901178689846265f,0.9913227721319422f,0.025201593082719777f,-0.112375f,-0.0111892683845627f,0.026867600897244843f,-0.9995763764190532f,0f,0f,0f,0f,1f], start_interpolation: 0, interpolation_duration: 1 }
$data merge entity $(bone_wing_1) { transformation: [-0.9858832062272654f,-0.1209239857080041f,-0.11580886563444795f,0.025995827773180765f,-0.1227988543289863f,0.9923892382312762f,0.009167399753238f,-0.10630664368372461f,0.11381891343065792f,0.023259181482539047f,-0.9932292109187218f,0.0005316154680257378f,0f,0f,0f,1f], start_interpolation: 0, interpolation_duration: 1 }
$data merge entity $(bone_wing_2) { transformation: [-0.9188743169467578f,0.37025603152375314f,0.1363101638760313f,-0.023583168765532177f,0.3706217116160349f,0.9284831326867571f,-0.023635126295121538f,-0.09985605433880149f,-0.1353127360392572f,0.028801795716016772f,-0.9903842284836241f,-0.000027847951202397236f,0f,0f,0f,1f], start_interpolation: 0, interpolation_duration: 1 }