# This file was generated by Animated Java via MC-Build. It is not recommended to edit this file directly.
$data merge entity $(bone_body) { transformation: [-0.9810890899969954f,0.1931934775934343f,0.011852329063208069f,0f,0.1928276764338398f,0.980869361489255f,-0.026697994171617813f,-0.09387499999999999f,-0.016783464779173526f,-0.023907653732989923f,-0.9995732786559421f,0f,0f,0f,0f,1f], start_interpolation: 0, interpolation_duration: 1 }
$data merge entity $(bone_wing_1) { transformation: [-0.9320655553798499f,0.349855878626117f,0.09409922776091026f,0.02633841610236333f,0.34576266983073317f,0.9365711067720778f,-0.057295184014440996f,-0.08950004164688422f,-0.10817567483485087f,-0.020866867289388056f,-0.9939127714359807f,0.00019545236573255778f,0f,0f,0f,1f], start_interpolation: 0, interpolation_duration: 1 }
$data merge entity $(bone_wing_2) { transformation: [-0.9966133815786565f,0.03140861145985918f,-0.07599517606084402f,-0.02271603839748644f,0.03330859066176287f,0.999160169498852f,-0.02386406241930781f,-0.07985865782519223f,0.07518181592966616f,-0.026314536157589736f,-0.9968225718453254f,-0.0006437208732261186f,0f,0f,0f,1f], start_interpolation: 0, interpolation_duration: 1 }