# This file was generated by Animated Java via MC-Build. It is not recommended to edit this file directly.
$data merge entity $(bone_body) { transformation: [-0.9672010773199585f,0.2540089379629446f,0.0012391392369321935f,0f,0.25304620425266017f,0.9639372895853133f,-0.08241674745002313f,-0.073625f,-0.022129043007607832f,-0.07940000744242308f,-0.9965971825535684f,0f,0f,0f,0f,1f], start_interpolation: 0, interpolation_duration: 1 }
$data merge entity $(bone_wing_1) { transformation: [-0.6083761118304388f,0.765761961483215f,0.2085356681708355f,0.026561360726401567f,0.6957635596067345f,0.6410136727399871f,-0.3240594705972331f,-0.07091424301645419f,-0.38182663039322384f,-0.05205852193226582f,-0.9227666739846992f,-0.0001911489945825201f,0f,0f,0f,1f], start_interpolation: 0, interpolation_duration: 1 }
$data merge entity $(bone_wing_2) { transformation: [-0.8867848594343432f,-0.35094463262221703f,-0.30074985937098875f,-0.02179869313959636f,-0.30458863497406263f,0.9331746013498878f,-0.19081647423667386f,-0.058261932803821186f,0.34761814757381343f,-0.07760817114927504f,-0.9344188542876344f,-0.0012976011449629117f,0f,0f,0f,1f], start_interpolation: 0, interpolation_duration: 1 }