# This file was generated by Animated Java via MC-Build. It is not recommended to edit this file directly.
$data merge entity $(bone_body) { transformation: [-0.9706318779905617f,0.24053017116538442f,0.004358232172120562f,0f,0.23965712795388242f,0.9683678344690299f,-0.0694852371850173f,-0.078375f,-0.02093366784420919f,-0.06640010485618635f,-0.9975734597640796f,0f,0f,0f,0f,1f], start_interpolation: 0, interpolation_duration: 1 }
$data merge entity $(bone_wing_1) { transformation: [-0.702179577481807f,0.6832413946839775f,0.20031234998812236f,0.026520767304439523f,0.6376765108963912f,0.7286285061071439f,-0.24993832747115105f,-0.07528797975069991f,-0.316721499773027f,-0.04776710875031972f,-0.9473150452215776f,-0.00009915928692151674f,0f,0f,0f,1f], start_interpolation: 0, interpolation_duration: 1 }
$data merge entity $(bone_wing_2) { transformation: [-0.9304460430295428f,-0.2632313047080156f,-0.2549106534305338f,-0.022010826595088566f,-0.2345675917398334f,0.9623205308247259f,-0.13753996095169044f,-0.0633051233530058f,0.2815105786929521f,-0.06817973434191058f,-0.9571328632478491f,-0.0011458426791319766f,0f,0f,0f,1f], start_interpolation: 0, interpolation_duration: 1 }