# This file was generated by Animated Java via MC-Build. It is not recommended to edit this file directly.
$data merge entity $(bone_body) { transformation: [-0.9915799307742588f,-0.12867514707459127f,-0.014558413754541045f,0f,-0.12901178689846265f,0.9913227721319422f,0.025201593082719777f,-0.112375f,0.011189268384562457f,0.026867600897244808f,-0.9995763764190532f,0f,0f,0f,0f,1f], start_interpolation: 0, interpolation_duration: 1 }
$data merge entity $(bone_wing_1) { transformation: [-0.9188743169467579f,-0.37025603152375314f,-0.13631016387603107f,0.023583168765532177f,-0.3706217116160349f,0.9284831326867571f,-0.023635126295121538f,-0.09985605433880149f,0.13531273603925698f,0.028801795716016678f,-0.9903842284836242f,-0.00002784795120239149f,0f,0f,0f,1f], start_interpolation: 0, interpolation_duration: 1 }
$data merge entity $(bone_wing_2) { transformation: [-0.9858832062272653f,0.1209239857080041f,0.1158088656344482f,-0.025995827773180765f,0.1227988543289863f,0.9923892382312762f,0.009167399753238f,-0.10630664368372461f,-0.11381891343065817f,0.02325918148253907f,-0.9932292109187218f,0.0005316154680257314f,0f,0f,0f,1f], start_interpolation: 0, interpolation_duration: 1 }