# This file was generated by Animated Java via MC-Build. It is not recommended to edit this file directly.
$data merge entity $(bone_body) { transformation: [-0.9706318779905617f,-0.24053017116538442f,-0.004358232172120328f,0f,-0.23965712795388242f,0.9683678344690299f,-0.06948523718501727f,-0.07837500000000001f,0.020933667844208956f,-0.06640010485618635f,-0.9975734597640796f,0f,0f,0f,0f,1f], start_interpolation: 0, interpolation_duration: 1 }
$data merge entity $(bone_wing_1) { transformation: [-0.9304460430295429f,0.2632313047080152f,0.25491065343053404f,0.022010826595088566f,0.2345675917398331f,0.962320530824726f,-0.1375399609516903f,-0.06330512335300581f,-0.28151057869295226f,-0.06817973434191048f,-0.957132863247849f,-0.0011458426791319705f,0f,0f,0f,1f], start_interpolation: 0, interpolation_duration: 1 }
$data merge entity $(bone_wing_2) { transformation: [-0.7021795774818074f,-0.6832413946839773f,-0.2003123499881222f,-0.026520767304439523f,-0.637676510896391f,0.7286285061071442f,-0.24993832747115094f,-0.07528797975069992f,0.3167214997730267f,-0.04776710875031986f,-0.9473150452215777f,-0.0000991592869215227f,0f,0f,0f,1f], start_interpolation: 0, interpolation_duration: 1 }