# This file was generated by Animated Java via MC-Build. It is not recommended to edit this file directly.
$data merge entity $(bone_body2) {transformation: [-1f,0f,0f,0.125f,0f,0.7327f,0.6805f,-0.3546f,0f,0.6805f,-0.7327f,0.0704f,0f,0f,0f,1f],start_interpolation: 0,interpolation_duration: 2}
$data merge entity $(bone_body3) {transformation: [-1f,0f,0f,-0.125f,0f,0.7327f,0.6805f,-0.3546f,0f,0.6805f,-0.7327f,0.0704f,0f,0f,0f,1f],start_interpolation: 0,interpolation_duration: 2}
$data merge entity $(bone_head2) {transformation: [-1f,0f,0f,0f,0f,0.9849f,0.1731f,-0.1498f,0f,0.1731f,-0.9849f,0.8495f,0f,0f,0f,1f],start_interpolation: 0,interpolation_duration: 2}
$data merge entity $(bone_left_tip) {transformation: [-0.8662f,0.4998f,0f,1.1161f,0.4998f,0.8662f,0f,-0.3325f,0f,0f,-1f,0.3125f,0f,0f,0f,1f],start_interpolation: 0,interpolation_duration: 2}
$data merge entity $(bone_left_wing) {transformation: [-0.966f,0.2587f,0f,0.1863f,0.2587f,0.966f,0f,0.0613f,0f,0f,-1f,0.5f,0f,0f,0f,1f],start_interpolation: 0,interpolation_duration: 2}
$data merge entity $(bone_right_tip) {transformation: [-0.8661f,-0.4999f,0f,-1.116f,-0.4999f,0.8661f,0f,-0.3326f,0f,0f,-1f,0.3125f,0f,0f,0f,1f],start_interpolation: 0,interpolation_duration: 2}
$data merge entity $(bone_right_wing) {transformation: [-0.9659f,-0.2588f,0f,-0.1863f,-0.2588f,0.9659f,0f,0.0613f,0f,0f,-1f,0.5f,0f,0f,0f,1f],start_interpolation: 0,interpolation_duration: 2}
$data merge entity $(bone_tail) {transformation: [-1f,0f,0f,0f,0f,0.9871f,0.1604f,0.0625f,0f,0.1604f,-0.9871f,-0.0625f,0f,0f,0f,1f],start_interpolation: 0,interpolation_duration: 2}