# This file was generated by Animated Java via MC-Build. It is not recommended to edit this file directly.
$data merge entity $(bone_body2) {transformation: [-1f,0f,0f,0.125f,0f,0.6903f,0.7235f,-0.3546f,0f,0.7235f,-0.6903f,0.0704f,0f,0f,0f,1f],start_interpolation: 0,interpolation_duration: 2}
$data merge entity $(bone_body3) {transformation: [-1f,0f,0f,-0.125f,0f,0.6903f,0.7235f,-0.3546f,0f,0.7235f,-0.6903f,0.0704f,0f,0f,0f,1f],start_interpolation: 0,interpolation_duration: 2}
$data merge entity $(bone_head2) {transformation: [-1f,0f,0f,0f,0f,0.9925f,0.1226f,-0.1369f,0f,0.1226f,-0.9925f,0.8495f,0f,0f,0f,1f],start_interpolation: 0,interpolation_duration: 2}
$data merge entity $(bone_left_tip) {transformation: [-0.97f,0.2431f,0f,1.1594f,0.2431f,0.97f,0f,-0.157f,0f,0f,-1f,0.3125f,0f,0f,0f,1f],start_interpolation: 0,interpolation_duration: 2}
$data merge entity $(bone_left_wing) {transformation: [-0.9947f,0.1027f,0f,0.1755f,0.1027f,0.9947f,0f,0.0505f,0f,0f,-1f,0.5f,0f,0f,0f,1f],start_interpolation: 0,interpolation_duration: 2}
$data merge entity $(bone_right_tip) {transformation: [-0.9604f,-0.2785f,0f,-1.1511f,-0.2785f,0.9604f,0f,-0.1929f,0f,0f,-1f,0.3125f,0f,0f,0f,1f],start_interpolation: 0,interpolation_duration: 2}
$data merge entity $(bone_right_wing) {transformation: [-0.9903f,-0.1391f,0f,-0.1755f,-0.1391f,0.9903f,0f,0.0505f,0f,0f,-1f,0.5f,0f,0f,0f,1f],start_interpolation: 0,interpolation_duration: 2}
$data merge entity $(bone_tail) {transformation: [-1f,0f,0f,0f,0f,0.9992f,0.0403f,0.0625f,0f,0.0403f,-0.9992f,-0.0625f,0f,0f,0f,1f],start_interpolation: 0,interpolation_duration: 2}