# This file was generated by Animated Java via MC-Build. It is not recommended to edit this file directly.
$data merge entity $(bone_body2) {transformation: [-1f,0f,0f,0.125f,0f,0.6854f,0.7281f,-0.3546f,0f,0.7281f,-0.6854f,0.0704f,0f,0f,0f,1f],start_interpolation: 0,interpolation_duration: 2}
$data merge entity $(bone_body3) {transformation: [-1f,0f,0f,-0.125f,0f,0.6854f,0.7281f,-0.3546f,0f,0.7281f,-0.6854f,0.0704f,0f,0f,0f,1f],start_interpolation: 0,interpolation_duration: 2}
$data merge entity $(bone_head2) {transformation: [-1f,0f,0f,0f,0f,0.9937f,0.1118f,-0.1354f,0f,0.1118f,-0.9937f,0.8495f,0f,0f,0f,1f],start_interpolation: 0,interpolation_duration: 2}
$data merge entity $(bone_left_tip) {transformation: [-0.9882f,0.1529f,0f,1.1679f,0.1529f,0.9882f,0f,-0.1023f,0f,0f,-1f,0.3125f,0f,0f,0f,1f],start_interpolation: 0,interpolation_duration: 2}
$data merge entity $(bone_left_wing) {transformation: [-0.9987f,0.0503f,0f,0.1743f,0.0503f,0.9987f,0f,0.0493f,0f,0f,-1f,0.5f,0f,0f,0f,1f],start_interpolation: 0,interpolation_duration: 2}
$data merge entity $(bone_right_tip) {transformation: [-0.9827f,-0.185f,0f,-1.1625f,-0.185f,0.9827f,0f,-0.1346f,0f,0f,-1f,0.3125f,0f,0f,0f,1f],start_interpolation: 0,interpolation_duration: 2}
$data merge entity $(bone_right_wing) {transformation: [-0.9966f,-0.0828f,0f,-0.1743f,-0.0828f,0.9966f,0f,0.0493f,0f,0f,-1f,0.5f,0f,0f,0f,1f],start_interpolation: 0,interpolation_duration: 2}
$data merge entity $(bone_tail) {transformation: [-1f,0f,0f,0f,0f,0.9996f,0.0268f,0.0625f,0f,0.0268f,-0.9996f,-0.0625f,0f,0f,0f,1f],start_interpolation: 0,interpolation_duration: 2}