# This file was generated by Animated Java via MC-Build. It is not recommended to edit this file directly.
$data merge entity $(bone_body2) {transformation: [-1f,0f,0f,0.125f,0f,0.6706f,0.7418f,-0.3546f,0f,0.7418f,-0.6706f,0.0704f,0f,0f,0f,1f],start_interpolation: 0,interpolation_duration: 2}
$data merge entity $(bone_body3) {transformation: [-1f,0f,0f,-0.125f,0f,0.6706f,0.7418f,-0.3546f,0f,0.7418f,-0.6706f,0.0704f,0f,0f,0f,1f],start_interpolation: 0,interpolation_duration: 2}
$data merge entity $(bone_head2) {transformation: [-1f,0f,0f,0f,0f,0.9972f,0.0743f,-0.1311f,0f,0.0743f,-0.9972f,0.8495f,0f,0f,0f,1f],start_interpolation: 0,interpolation_duration: 2}
$data merge entity $(bone_left_tip) {transformation: [-0.9764f,-0.216f,0f,1.1721f,-0.216f,0.9764f,0f,0.118f,0f,0f,-1f,0.3125f,0f,0f,0f,1f],start_interpolation: 0,interpolation_duration: 2}
$data merge entity $(bone_left_wing) {transformation: [-0.9869f,-0.1611f,0f,0.1707f,-0.1611f,0.9869f,0f,0.0457f,0f,0f,-1f,0.5f,0f,0f,0f,1f],start_interpolation: 0,interpolation_duration: 2}
$data merge entity $(bone_right_tip) {transformation: [-0.9716f,0.2365f,0f,-1.1703f,0.2365f,0.9716f,0f,0.1392f,0f,0f,-1f,0.3125f,0f,0f,0f,1f],start_interpolation: 0,interpolation_duration: 2}
$data merge entity $(bone_right_wing) {transformation: [-0.9833f,0.1819f,0f,-0.1707f,0.1819f,0.9833f,0f,0.0457f,0f,0f,-1f,0.5f,0f,0f,0f,1f],start_interpolation: 0,interpolation_duration: 2}
$data merge entity $(bone_tail) {transformation: [-1f,0f,0f,0f,0f,0.9999f,-0.0134f,0.0625f,0f,-0.0134f,-0.9999f,-0.0625f,0f,0f,0f,1f],start_interpolation: 0,interpolation_duration: 2}