# This file was generated by Animated Java via MC-Build. It is not recommended to edit this file directly.
$data merge entity $(bone_body2) {transformation: [-1f,0f,0f,0.125f,0f,0.6656f,0.7463f,-0.3546f,0f,0.7463f,-0.6656f,0.0704f,0f,0f,0f,1f],start_interpolation: 0,interpolation_duration: 2}
$data merge entity $(bone_body3) {transformation: [-1f,0f,0f,-0.125f,0f,0.6656f,0.7463f,-0.3546f,0f,0.7463f,-0.6656f,0.0704f,0f,0f,0f,1f],start_interpolation: 0,interpolation_duration: 2}
$data merge entity $(bone_head2) {transformation: [-1f,0f,0f,0f,0f,0.998f,0.0624f,-0.1296f,0f,0.0624f,-0.998f,0.8495f,0f,0f,0f,1f],start_interpolation: 0,interpolation_duration: 2}
$data merge entity $(bone_left_tip) {transformation: [-0.9467f,-0.3222f,0f,1.1635f,-0.3222f,0.9467f,0f,0.1835f,0f,0f,-1f,0.3125f,0f,0f,0f,1f],start_interpolation: 0,interpolation_duration: 2}
$data merge entity $(bone_left_wing) {transformation: [-0.9748f,-0.223f,0f,0.1695f,-0.223f,0.9748f,0f,0.0445f,0f,0f,-1f,0.5f,0f,0f,0f,1f],start_interpolation: 0,interpolation_duration: 2}
$data merge entity $(bone_right_tip) {transformation: [-0.9357f,0.3528f,0f,-1.1584f,0.3528f,0.9357f,0f,0.2158f,0f,0f,-1f,0.3125f,0f,0f,0f,1f],start_interpolation: 0,interpolation_duration: 2}
$data merge entity $(bone_right_wing) {transformation: [-0.9671f,0.2546f,0f,-0.1695f,0.2546f,0.9671f,0f,0.0445f,0f,0f,-1f,0.5f,0f,0f,0f,1f],start_interpolation: 0,interpolation_duration: 2}
$data merge entity $(bone_tail) {transformation: [-1f,0f,0f,0f,0f,0.9996f,-0.0268f,0.0625f,0f,-0.0268f,-0.9996f,-0.0625f,0f,0f,0f,1f],start_interpolation: 0,interpolation_duration: 2}