# This file was generated by Animated Java via MC-Build. It is not recommended to edit this file directly.
$data merge entity $(bone_body2) {transformation: [-1f,0f,0f,0.125f,0f,0.6606f,0.7507f,-0.3546f,0f,0.7507f,-0.6606f,0.0704f,0f,0f,0f,1f],start_interpolation: 0,interpolation_duration: 2}
$data merge entity $(bone_body3) {transformation: [-1f,0f,0f,-0.125f,0f,0.6606f,0.7507f,-0.3546f,0f,0.7507f,-0.6606f,0.0704f,0f,0f,0f,1f],start_interpolation: 0,interpolation_duration: 2}
$data merge entity $(bone_head2) {transformation: [-1f,0f,0f,0f,0f,0.9987f,0.0516f,-0.1282f,0f,0.0516f,-0.9987f,0.8495f,0f,0f,0f,1f],start_interpolation: 0,interpolation_duration: 2}
$data merge entity $(bone_left_tip) {transformation: [-0.9131f,-0.4078f,0f,1.1525f,-0.4078f,0.9131f,0f,0.2381f,0f,0f,-1f,0.3125f,0f,0f,0f,1f],start_interpolation: 0,interpolation_duration: 2}
$data merge entity $(bone_left_wing) {transformation: [-0.9618f,-0.2739f,0f,0.1683f,-0.2739f,0.9618f,0f,0.0433f,0f,0f,-1f,0.5f,0f,0f,0f,1f],start_interpolation: 0,interpolation_duration: 2}
$data merge entity $(bone_right_tip) {transformation: [-0.8975f,0.441f,0f,-1.1447f,0.441f,0.8975f,0f,0.2741f,0f,0f,-1f,0.3125f,0f,0f,0f,1f],start_interpolation: 0,interpolation_duration: 2}
$data merge entity $(bone_right_wing) {transformation: [-0.9511f,0.309f,0f,-0.1683f,0.309f,0.9511f,0f,0.0433f,0f,0f,-1f,0.5f,0f,0f,0f,1f],start_interpolation: 0,interpolation_duration: 2}
$data merge entity $(bone_tail) {transformation: [-1f,0f,0f,0f,0f,0.9992f,-0.0403f,0.0625f,0f,-0.0403f,-0.9992f,-0.0625f,0f,0f,0f,1f],start_interpolation: 0,interpolation_duration: 2}