# This file was generated by Animated Java via MC-Build. It is not recommended to edit this file directly.
$data merge entity $(bone_body2) {transformation: [-1f,0f,0f,0.125f,0f,0.6556f,0.7551f,-0.3546f,0f,0.7551f,-0.6556f,0.0704f,0f,0f,0f,1f],start_interpolation: 0,interpolation_duration: 2}
$data merge entity $(bone_body3) {transformation: [-1f,0f,0f,-0.125f,0f,0.6556f,0.7551f,-0.3546f,0f,0.7551f,-0.6556f,0.0704f,0f,0f,0f,1f],start_interpolation: 0,interpolation_duration: 2}
$data merge entity $(bone_head2) {transformation: [-1f,0f,0f,0f,0f,0.9991f,0.0418f,-0.1268f,0f,0.0418f,-0.9991f,0.8495f,0f,0f,0f,1f],start_interpolation: 0,interpolation_duration: 2}
$data merge entity $(bone_left_tip) {transformation: [-0.8798f,-0.4754f,0f,1.1408f,-0.4754f,0.8798f,0f,0.2827f,0f,0f,-1f,0.3125f,0f,0f,0f,1f],start_interpolation: 0,interpolation_duration: 2}
$data merge entity $(bone_left_wing) {transformation: [-0.9491f,-0.315f,0f,0.1671f,-0.315f,0.9491f,0f,0.0421f,0f,0f,-1f,0.5f,0f,0f,0f,1f],start_interpolation: 0,interpolation_duration: 2}
$data merge entity $(bone_right_tip) {transformation: [-0.8623f,0.5065f,0f,-1.1316f,0.5065f,0.8623f,0f,0.3173f,0f,0f,-1f,0.3125f,0f,0f,0f,1f],start_interpolation: 0,interpolation_duration: 2}
$data merge entity $(bone_right_wing) {transformation: [-0.9372f,0.3487f,0f,-0.1671f,0.3487f,0.9372f,0f,0.0421f,0f,0f,-1f,0.5f,0f,0f,0f,1f],start_interpolation: 0,interpolation_duration: 2}
$data merge entity $(bone_tail) {transformation: [-1f,0f,0f,0f,0f,0.9986f,-0.0537f,0.0625f,0f,-0.0537f,-0.9986f,-0.0625f,0f,0f,0f,1f],start_interpolation: 0,interpolation_duration: 2}