# This file was generated by Animated Java via MC-Build. It is not recommended to edit this file directly.
$data merge entity $(bone_body2) {transformation: [-1f,0f,0f,0.125f,0f,0.6454f,0.7639f,-0.3546f,0f,0.7639f,-0.6454f,0.0704f,0f,0f,0f,1f],start_interpolation: 0,interpolation_duration: 2}
$data merge entity $(bone_body3) {transformation: [-1f,0f,0f,-0.125f,0f,0.6454f,0.7639f,-0.3546f,0f,0.7639f,-0.6454f,0.0704f,0f,0f,0f,1f],start_interpolation: 0,interpolation_duration: 2}
$data merge entity $(bone_head2) {transformation: [-1f,0f,0f,0f,0f,0.9997f,0.0253f,-0.1239f,0f,0.0253f,-0.9997f,0.8495f,0f,0f,0f,1f],start_interpolation: 0,interpolation_duration: 2}
$data merge entity $(bone_left_tip) {transformation: [-0.8238f,-0.5669f,0f,1.119f,-0.5669f,0.8238f,0f,0.3467f,0f,0f,-1f,0.3125f,0f,0f,0f,1f],start_interpolation: 0,interpolation_duration: 2}
$data merge entity $(bone_left_wing) {transformation: [-0.928f,-0.3726f,0f,0.1647f,-0.3726f,0.928f,0f,0.0397f,0f,0f,-1f,0.5f,0f,0f,0f,1f],start_interpolation: 0,interpolation_duration: 2}
$data merge entity $(bone_right_tip) {transformation: [-0.8093f,0.5875f,0f,-1.111f,0.5875f,0.8093f,0f,0.3706f,0f,0f,-1f,0.3125f,0f,0f,0f,1f],start_interpolation: 0,interpolation_duration: 2}
$data merge entity $(bone_right_wing) {transformation: [-0.9183f,0.3958f,0f,-0.1647f,0.3958f,0.9183f,0f,0.0397f,0f,0f,-1f,0.5f,0f,0f,0f,1f],start_interpolation: 0,interpolation_duration: 2}
$data merge entity $(bone_tail) {transformation: [-1f,0f,0f,0f,0f,0.9968f,-0.0805f,0.0625f,0f,-0.0805f,-0.9968f,-0.0625f,0f,0f,0f,1f],start_interpolation: 0,interpolation_duration: 2}