# This file was generated by Animated Java via MC-Build. It is not recommended to edit this file directly.
$data merge entity $(bone_body2) {transformation: [-1f,0f,0f,0.125f,0f,0.7281f,0.6854f,-0.3546f,0f,0.6854f,-0.7281f,0.0704f,0f,0f,0f,1f],start_interpolation: 0,interpolation_duration: 2}
$data merge entity $(bone_body3) {transformation: [-1f,0f,0f,-0.125f,0f,0.7281f,0.6854f,-0.3546f,0f,0.6854f,-0.7281f,0.0704f,0f,0f,0f,1f],start_interpolation: 0,interpolation_duration: 2}
$data merge entity $(bone_head2) {transformation: [-1f,0f,0f,0f,0f,0.9852f,0.1716f,-0.1484f,0f,0.1716f,-0.9852f,0.8495f,0f,0f,0f,1f],start_interpolation: 0,interpolation_duration: 2}
$data merge entity $(bone_left_tip) {transformation: [-0.8671f,0.4981f,0f,1.1163f,0.4981f,0.8671f,0f,-0.329f,0f,0f,-1f,0.3125f,0f,0f,0f,1f],start_interpolation: 0,interpolation_duration: 2}
$data merge entity $(bone_left_wing) {transformation: [-0.9663f,0.2576f,0f,0.1851f,0.2576f,0.9663f,0f,0.0601f,0f,0f,-1f,0.5f,0f,0f,0f,1f],start_interpolation: 0,interpolation_duration: 2}
$data merge entity $(bone_right_tip) {transformation: [-0.8666f,-0.499f,0f,-1.1159f,-0.499f,0.8666f,0f,-0.33f,0f,0f,-1f,0.3125f,0f,0f,0f,1f],start_interpolation: 0,interpolation_duration: 2}
$data merge entity $(bone_right_wing) {transformation: [-0.966f,-0.2586f,0f,-0.1851f,-0.2586f,0.966f,0f,0.0601f,0f,0f,-1f,0.5f,0f,0f,0f,1f],start_interpolation: 0,interpolation_duration: 2}
$data merge entity $(bone_tail) {transformation: [-1f,0f,0f,0f,0f,0.9891f,0.1471f,0.0625f,0f,0.1471f,-0.9891f,-0.0625f,0f,0f,0f,1f],start_interpolation: 0,interpolation_duration: 2}