# This file was generated by Animated Java via MC-Build. It is not recommended to edit this file directly.
$data merge entity $(bone_body2) {transformation: [-1f,0f,0f,0.125f,0f,0.6402f,0.7682f,-0.3546f,0f,0.7682f,-0.6402f,0.0704f,0f,0f,0f,1f],start_interpolation: 0,interpolation_duration: 2}
$data merge entity $(bone_body3) {transformation: [-1f,0f,0f,-0.125f,0f,0.6402f,0.7682f,-0.3546f,0f,0.7682f,-0.6402f,0.0704f,0f,0f,0f,1f],start_interpolation: 0,interpolation_duration: 2}
$data merge entity $(bone_head2) {transformation: [-1f,0f,0f,0f,0f,0.9998f,0.0186f,-0.1224f,0f,0.0186f,-0.9998f,0.8495f,0f,0f,0f,1f],start_interpolation: 0,interpolation_duration: 2}
$data merge entity $(bone_left_tip) {transformation: [-0.8032f,-0.5956f,0f,1.1099f,-0.5956f,0.8032f,0f,0.3682f,0f,0f,-1f,0.3125f,0f,0f,0f,1f],start_interpolation: 0,interpolation_duration: 2}
$data merge entity $(bone_left_wing) {transformation: [-0.9203f,-0.3913f,0f,0.1635f,-0.3913f,0.9203f,0f,0.0385f,0f,0f,-1f,0.5f,0f,0f,0f,1f],start_interpolation: 0,interpolation_duration: 2}
$data merge entity $(bone_right_tip) {transformation: [-0.7921f,0.6104f,0f,-1.1036f,0.6104f,0.7921f,0f,0.3857f,0f,0f,-1f,0.3125f,0f,0f,0f,1f],start_interpolation: 0,interpolation_duration: 2}
$data merge entity $(bone_right_wing) {transformation: [-0.9129f,0.4082f,0f,-0.1635f,0.4082f,0.9129f,0f,0.0385f,0f,0f,-1f,0.5f,0f,0f,0f,1f],start_interpolation: 0,interpolation_duration: 2}
$data merge entity $(bone_tail) {transformation: [-1f,0f,0f,0f,0f,0.9956f,-0.0938f,0.0625f,0f,-0.0938f,-0.9956f,-0.0625f,0f,0f,0f,1f],start_interpolation: 0,interpolation_duration: 2}