# This file was generated by Animated Java via MC-Build. It is not recommended to edit this file directly.
$data merge entity $(bone_body2) {transformation: [-1f,0f,0f,0.125f,0f,0.635f,0.7725f,-0.3546f,0f,0.7725f,-0.635f,0.0704f,0f,0f,0f,1f],start_interpolation: 0,interpolation_duration: 2}
$data merge entity $(bone_body3) {transformation: [-1f,0f,0f,-0.125f,0f,0.635f,0.7725f,-0.3546f,0f,0.7725f,-0.635f,0.0704f,0f,0f,0f,1f],start_interpolation: 0,interpolation_duration: 2}
$data merge entity $(bone_head2) {transformation: [-1f,0f,0f,0f,0f,0.9999f,0.0129f,-0.121f,0f,0.0129f,-0.9999f,0.8495f,0f,0f,0f,1f],start_interpolation: 0,interpolation_duration: 2}
$data merge entity $(bone_left_tip) {transformation: [-0.7879f,-0.6158f,0f,1.1023f,-0.6158f,0.7879f,0f,0.3842f,0f,0f,-1f,0.3125f,0f,0f,0f,1f],start_interpolation: 0,interpolation_duration: 2}
$data merge entity $(bone_left_wing) {transformation: [-0.9145f,-0.4045f,0f,0.1623f,-0.4045f,0.9145f,0f,0.0373f,0f,0f,-1f,0.5f,0f,0f,0f,1f],start_interpolation: 0,interpolation_duration: 2}
$data merge entity $(bone_right_tip) {transformation: [-0.7803f,0.6254f,0f,-1.0979f,0.6254f,0.7803f,0f,0.3957f,0f,0f,-1f,0.3125f,0f,0f,0f,1f],start_interpolation: 0,interpolation_duration: 2}
$data merge entity $(bone_right_wing) {transformation: [-0.9095f,0.4157f,0f,-0.1623f,0.4157f,0.9095f,0f,0.0373f,0f,0f,-1f,0.5f,0f,0f,0f,1f],start_interpolation: 0,interpolation_duration: 2}
$data merge entity $(bone_tail) {transformation: [-1f,0f,0f,0f,0f,0.9942f,-0.1072f,0.0625f,0f,-0.1072f,-0.9942f,-0.0625f,0f,0f,0f,1f],start_interpolation: 0,interpolation_duration: 2}