# This file was generated by Animated Java via MC-Build. It is not recommended to edit this file directly.
$data merge entity $(bone_body2) {transformation: [-1f,0f,0f,0.125f,0f,0.6298f,0.7767f,-0.3546f,0f,0.7767f,-0.6298f,0.0704f,0f,0f,0f,1f],start_interpolation: 0,interpolation_duration: 2}
$data merge entity $(bone_body3) {transformation: [-1f,0f,0f,-0.125f,0f,0.6298f,0.7767f,-0.3546f,0f,0.7767f,-0.6298f,0.0704f,0f,0f,0f,1f],start_interpolation: 0,interpolation_duration: 2}
$data merge entity $(bone_head2) {transformation: [-1f,0f,0f,0f,0f,1f,0.0083f,-0.1195f,0f,0.0083f,-1f,0.8495f,0f,0f,0f,1f],start_interpolation: 0,interpolation_duration: 2}
$data merge entity $(bone_left_tip) {transformation: [-0.7774f,-0.6291f,0f,1.0961f,-0.6291f,0.7774f,0f,0.3956f,0f,0f,-1f,0.3125f,0f,0f,0f,1f],start_interpolation: 0,interpolation_duration: 2}
$data merge entity $(bone_left_wing) {transformation: [-0.9106f,-0.4134f,0f,0.1611f,-0.4134f,0.9106f,0f,0.0361f,0f,0f,-1f,0.5f,0f,0f,0f,1f],start_interpolation: 0,interpolation_duration: 2}
$data merge entity $(bone_right_tip) {transformation: [-0.7729f,0.6345f,0f,-1.0935f,0.6345f,0.7729f,0f,0.4022f,0f,0f,-1f,0.3125f,0f,0f,0f,1f],start_interpolation: 0,interpolation_duration: 2}
$data merge entity $(bone_right_wing) {transformation: [-0.9076f,0.4198f,0f,-0.1611f,0.4198f,0.9076f,0f,0.0361f,0f,0f,-1f,0.5f,0f,0f,0f,1f],start_interpolation: 0,interpolation_duration: 2}
$data merge entity $(bone_tail) {transformation: [-1f,0f,0f,0f,0f,0.9927f,-0.1205f,0.0625f,0f,-0.1205f,-0.9927f,-0.0625f,0f,0f,0f,1f],start_interpolation: 0,interpolation_duration: 2}