# This file was generated by Animated Java via MC-Build. It is not recommended to edit this file directly.
$data merge entity $(bone_body2) {transformation: [-1f,0f,0f,0.125f,0f,0.6246f,0.7809f,-0.3546f,0f,0.7809f,-0.6246f,0.0704f,0f,0f,0f,1f],start_interpolation: 0,interpolation_duration: 2}
$data merge entity $(bone_body3) {transformation: [-1f,0f,0f,-0.125f,0f,0.6246f,0.7809f,-0.3546f,0f,0.7809f,-0.6246f,0.0704f,0f,0f,0f,1f],start_interpolation: 0,interpolation_duration: 2}
$data merge entity $(bone_head2) {transformation: [-1f,0f,0f,0f,0f,1f,0.0046f,-0.1181f,0f,0.0046f,-1f,0.8495f,0f,0f,0f,1f],start_interpolation: 0,interpolation_duration: 2}
$data merge entity $(bone_left_tip) {transformation: [-0.7708f,-0.637f,0f,1.0911f,-0.637f,0.7708f,0f,0.4034f,0f,0f,-1f,0.3125f,0f,0f,0f,1f],start_interpolation: 0,interpolation_duration: 2}
$data merge entity $(bone_left_wing) {transformation: [-0.9081f,-0.4187f,0f,0.1599f,-0.4187f,0.9081f,0f,0.0349f,0f,0f,-1f,0.5f,0f,0f,0f,1f],start_interpolation: 0,interpolation_duration: 2}
$data merge entity $(bone_right_tip) {transformation: [-0.7687f,0.6396f,0f,-1.0899f,0.6396f,0.7687f,0f,0.4064f,0f,0f,-1f,0.3125f,0f,0f,0f,1f],start_interpolation: 0,interpolation_duration: 2}
$data merge entity $(bone_right_wing) {transformation: [-0.9067f,0.4217f,0f,-0.1599f,0.4217f,0.9067f,0f,0.0349f,0f,0f,-1f,0.5f,0f,0f,0f,1f],start_interpolation: 0,interpolation_duration: 2}
$data merge entity $(bone_tail) {transformation: [-1f,0f,0f,0f,0f,0.991f,-0.1339f,0.0625f,0f,-0.1339f,-0.991f,-0.0625f,0f,0f,0f,1f],start_interpolation: 0,interpolation_duration: 2}