# This file was generated by Animated Java via MC-Build. It is not recommended to edit this file directly.
$data merge entity $(bone_body2) {transformation: [-1f,0f,0f,0.125f,0f,0.6194f,0.7851f,-0.3546f,0f,0.7851f,-0.6194f,0.0704f,0f,0f,0f,1f],start_interpolation: 0,interpolation_duration: 2}
$data merge entity $(bone_body3) {transformation: [-1f,0f,0f,-0.125f,0f,0.6194f,0.7851f,-0.3546f,0f,0.7851f,-0.6194f,0.0704f,0f,0f,0f,1f],start_interpolation: 0,interpolation_duration: 2}
$data merge entity $(bone_head2) {transformation: [-1f,0f,0f,0f,0f,1f,0.0021f,-0.1167f,0f,0.0021f,-1f,0.8495f,0f,0f,0f,1f],start_interpolation: 0,interpolation_duration: 2}
$data merge entity $(bone_left_tip) {transformation: [-0.7675f,-0.6411f,0f,1.0872f,-0.6411f,0.7675f,0f,0.4085f,0f,0f,-1f,0.3125f,0f,0f,0f,1f],start_interpolation: 0,interpolation_duration: 2}
$data merge entity $(bone_left_wing) {transformation: [-0.9068f,-0.4215f,0f,0.1587f,-0.4215f,0.9068f,0f,0.0337f,0f,0f,-1f,0.5f,0f,0f,0f,1f],start_interpolation: 0,interpolation_duration: 2}
$data merge entity $(bone_right_tip) {transformation: [-0.7668f,0.6419f,0f,-1.0868f,0.6419f,0.7668f,0f,0.4095f,0f,0f,-1f,0.3125f,0f,0f,0f,1f],start_interpolation: 0,interpolation_duration: 2}
$data merge entity $(bone_right_wing) {transformation: [-0.9064f,0.4224f,0f,-0.1587f,0.4224f,0.9064f,0f,0.0337f,0f,0f,-1f,0.5f,0f,0f,0f,1f],start_interpolation: 0,interpolation_duration: 2}
$data merge entity $(bone_tail) {transformation: [-1f,0f,0f,0f,0f,0.9891f,-0.1471f,0.0625f,0f,-0.1471f,-0.9891f,-0.0625f,0f,0f,0f,1f],start_interpolation: 0,interpolation_duration: 2}