# This file was generated by Animated Java via MC-Build. It is not recommended to edit this file directly.
$data merge entity $(bone_body2) {transformation: [-1f,0f,0f,0.125f,0f,0.6141f,0.7892f,-0.3546f,0f,0.7892f,-0.6141f,0.0704f,0f,0f,0f,1f],start_interpolation: 0,interpolation_duration: 2}
$data merge entity $(bone_body3) {transformation: [-1f,0f,0f,-0.125f,0f,0.6141f,0.7892f,-0.3546f,0f,0.7892f,-0.6141f,0.0704f,0f,0f,0f,1f],start_interpolation: 0,interpolation_duration: 2}
$data merge entity $(bone_head2) {transformation: [-1f,0f,0f,0f,0f,1f,0.0005f,-0.1152f,0f,0.0005f,-1f,0.8495f,0f,0f,0f,1f],start_interpolation: 0,interpolation_duration: 2}
$data merge entity $(bone_left_tip) {transformation: [-0.7662f,-0.6426f,0f,1.0839f,-0.6426f,0.7662f,0f,0.4118f,0f,0f,-1f,0.3125f,0f,0f,0f,1f],start_interpolation: 0,interpolation_duration: 2}
$data merge entity $(bone_left_wing) {transformation: [-0.9064f,-0.4225f,0f,0.1575f,-0.4225f,0.9064f,0f,0.0325f,0f,0f,-1f,0.5f,0f,0f,0f,1f],start_interpolation: 0,interpolation_duration: 2}
$data merge entity $(bone_right_tip) {transformation: [-0.7661f,0.6427f,0f,-1.0839f,0.6427f,0.7661f,0f,0.4119f,0f,0f,-1f,0.3125f,0f,0f,0f,1f],start_interpolation: 0,interpolation_duration: 2}
$data merge entity $(bone_right_wing) {transformation: [-0.9063f,0.4226f,0f,-0.1575f,0.4226f,0.9063f,0f,0.0325f,0f,0f,-1f,0.5f,0f,0f,0f,1f],start_interpolation: 0,interpolation_duration: 2}
$data merge entity $(bone_tail) {transformation: [-1f,0f,0f,0f,0f,0.9871f,-0.1604f,0.0625f,0f,-0.1604f,-0.9871f,-0.0625f,0f,0f,0f,1f],start_interpolation: 0,interpolation_duration: 2}