# This file was generated by Animated Java via MC-Build. It is not recommended to edit this file directly.
$data merge entity $(bone_body2) {transformation: [-1f,0f,0f,0.125f,0f,0.6088f,0.7934f,-0.3546f,0f,0.7934f,-0.6088f,0.0704f,0f,0f,0f,1f],start_interpolation: 0,interpolation_duration: 2}
$data merge entity $(bone_body3) {transformation: [-1f,0f,0f,-0.125f,0f,0.6088f,0.7934f,-0.3546f,0f,0.7934f,-0.6088f,0.0704f,0f,0f,0f,1f],start_interpolation: 0,interpolation_duration: 2}
$data merge entity $(bone_head2) {transformation: [-1f,0f,0f,0f,0f,1f,0f,-0.1138f,0f,0f,-1f,0.8495f,0f,0f,0f,1f],start_interpolation: 0,interpolation_duration: 2}
$data merge entity $(bone_left_tip) {transformation: [-0.766f,-0.6428f,0f,1.081f,-0.6428f,0.766f,0f,0.4142f,0f,0f,-1f,0.3125f,0f,0f,0f,1f],start_interpolation: 0,interpolation_duration: 2}
$data merge entity $(bone_left_wing) {transformation: [-0.9063f,-0.4226f,0f,0.1562f,-0.4226f,0.9063f,0f,0.0313f,0f,0f,-1f,0.5f,0f,0f,0f,1f],start_interpolation: 0,interpolation_duration: 2}
$data merge entity $(bone_right_tip) {transformation: [-0.766f,0.6428f,0f,-1.081f,0.6428f,0.766f,0f,0.4142f,0f,0f,-1f,0.3125f,0f,0f,0f,1f],start_interpolation: 0,interpolation_duration: 2}
$data merge entity $(bone_right_wing) {transformation: [-0.9063f,0.4226f,0f,-0.1563f,0.4226f,0.9063f,0f,0.0313f,0f,0f,-1f,0.5f,0f,0f,0f,1f],start_interpolation: 0,interpolation_duration: 2}
$data merge entity $(bone_tail) {transformation: [-1f,0f,0f,0f,0f,0.9848f,-0.1736f,0.0625f,0f,-0.1736f,-0.9848f,-0.0625f,0f,0f,0f,1f],start_interpolation: 0,interpolation_duration: 2}