# This file was generated by Animated Java via MC-Build. It is not recommended to edit this file directly.
$data merge entity $(bone_body2) {transformation: [-1f,0f,0f,0.125f,0f,0.6202f,0.7844f,-0.3546f,0f,0.7844f,-0.6202f,0.0704f,0f,0f,0f,1f],start_interpolation: 0,interpolation_duration: 2}
$data merge entity $(bone_body3) {transformation: [-1f,0f,0f,-0.125f,0f,0.6202f,0.7844f,-0.3546f,0f,0.7844f,-0.6202f,0.0704f,0f,0f,0f,1f],start_interpolation: 0,interpolation_duration: 2}
$data merge entity $(bone_head2) {transformation: [-1f,0f,0f,0f,0f,1f,0.0024f,-0.1169f,0f,0.0024f,-1f,0.8495f,0f,0f,0f,1f],start_interpolation: 0,interpolation_duration: 2}
$data merge entity $(bone_left_tip) {transformation: [-0.7679f,-0.6406f,0f,1.0878f,-0.6406f,0.7679f,0f,0.4078f,0f,0f,-1f,0.3125f,0f,0f,0f,1f],start_interpolation: 0,interpolation_duration: 2}
$data merge entity $(bone_left_wing) {transformation: [-0.907f,-0.4212f,0f,0.1589f,-0.4212f,0.907f,0f,0.0339f,0f,0f,-1f,0.5f,0f,0f,0f,1f],start_interpolation: 0,interpolation_duration: 2}
$data merge entity $(bone_right_tip) {transformation: [-0.7679f,0.6406f,0f,-1.0878f,0.6406f,0.7679f,0f,0.4078f,0f,0f,-1f,0.3125f,0f,0f,0f,1f],start_interpolation: 0,interpolation_duration: 2}
$data merge entity $(bone_right_wing) {transformation: [-0.907f,0.4212f,0f,-0.1589f,0.4212f,0.907f,0f,0.0339f,0f,0f,-1f,0.5f,0f,0f,0f,1f],start_interpolation: 0,interpolation_duration: 2}
$data merge entity $(bone_tail) {transformation: [-1f,0f,0f,0f,0f,0.9894f,-0.1449f,0.0625f,0f,-0.1449f,-0.9894f,-0.0625f,0f,0f,0f,1f],start_interpolation: 0,interpolation_duration: 2}