# This file was generated by Animated Java via MC-Build. It is not recommended to edit this file directly.
$data merge entity $(bone_body2) {transformation: [-1f,0f,0f,0.125f,0f,0.6259f,0.7799f,-0.3546f,0f,0.7799f,-0.6259f,0.0704f,0f,0f,0f,1f],start_interpolation: 0,interpolation_duration: 2}
$data merge entity $(bone_body3) {transformation: [-1f,0f,0f,-0.125f,0f,0.6259f,0.7799f,-0.3546f,0f,0.7799f,-0.6259f,0.0704f,0f,0f,0f,1f],start_interpolation: 0,interpolation_duration: 2}
$data merge entity $(bone_head2) {transformation: [-1f,0f,0f,0f,0f,1f,0.0055f,-0.1185f,0f,0.0055f,-1f,0.8495f,0f,0f,0f,1f],start_interpolation: 0,interpolation_duration: 2}
$data merge entity $(bone_left_tip) {transformation: [-0.7721f,-0.6354f,0f,1.0922f,-0.6354f,0.7721f,0f,0.4017f,0f,0f,-1f,0.3125f,0f,0f,0f,1f],start_interpolation: 0,interpolation_duration: 2}
$data merge entity $(bone_left_wing) {transformation: [-0.9086f,-0.4177f,0f,0.1602f,-0.4177f,0.9086f,0f,0.0352f,0f,0f,-1f,0.5f,0f,0f,0f,1f],start_interpolation: 0,interpolation_duration: 2}
$data merge entity $(bone_right_tip) {transformation: [-0.7721f,0.6354f,0f,-1.0922f,0.6354f,0.7721f,0f,0.4017f,0f,0f,-1f,0.3125f,0f,0f,0f,1f],start_interpolation: 0,interpolation_duration: 2}
$data merge entity $(bone_right_wing) {transformation: [-0.9086f,0.4177f,0f,-0.1602f,0.4177f,0.9086f,0f,0.0352f,0f,0f,-1f,0.5f,0f,0f,0f,1f],start_interpolation: 0,interpolation_duration: 2}
$data merge entity $(bone_tail) {transformation: [-1f,0f,0f,0f,0f,0.9914f,-0.1305f,0.0625f,0f,-0.1305f,-0.9914f,-0.0625f,0f,0f,0f,1f],start_interpolation: 0,interpolation_duration: 2}