# This file was generated by Animated Java via MC-Build. It is not recommended to edit this file directly.
$data merge entity $(bone_body2) {transformation: [-1f,0f,0f,0.125f,0f,0.6316f,0.7753f,-0.3546f,0f,0.7753f,-0.6316f,0.0704f,0f,0f,0f,1f],start_interpolation: 0,interpolation_duration: 2}
$data merge entity $(bone_body3) {transformation: [-1f,0f,0f,-0.125f,0f,0.6316f,0.7753f,-0.3546f,0f,0.7753f,-0.6316f,0.0704f,0f,0f,0f,1f],start_interpolation: 0,interpolation_duration: 2}
$data merge entity $(bone_head2) {transformation: [-1f,0f,0f,0f,0f,1f,0.0097f,-0.12f,0f,0.0097f,-1f,0.8495f,0f,0f,0f,1f],start_interpolation: 0,interpolation_duration: 2}
$data merge entity $(bone_left_tip) {transformation: [-0.7804f,-0.6253f,0f,1.098f,-0.6253f,0.7804f,0f,0.3922f,0f,0f,-1f,0.3125f,0f,0f,0f,1f],start_interpolation: 0,interpolation_duration: 2}
$data merge entity $(bone_left_wing) {transformation: [-0.9117f,-0.4109f,0f,0.1615f,-0.4109f,0.9117f,0f,0.0365f,0f,0f,-1f,0.5f,0f,0f,0f,1f],start_interpolation: 0,interpolation_duration: 2}
$data merge entity $(bone_right_tip) {transformation: [-0.7804f,0.6253f,0f,-1.098f,0.6253f,0.7804f,0f,0.3922f,0f,0f,-1f,0.3125f,0f,0f,0f,1f],start_interpolation: 0,interpolation_duration: 2}
$data merge entity $(bone_right_wing) {transformation: [-0.9117f,0.4109f,0f,-0.1615f,0.4109f,0.9117f,0f,0.0365f,0f,0f,-1f,0.5f,0f,0f,0f,1f],start_interpolation: 0,interpolation_duration: 2}
$data merge entity $(bone_tail) {transformation: [-1f,0f,0f,0f,0f,0.9932f,-0.1161f,0.0625f,0f,-0.1161f,-0.9932f,-0.0625f,0f,0f,0f,1f],start_interpolation: 0,interpolation_duration: 2}