# This file was generated by Animated Java via MC-Build. It is not recommended to edit this file directly.
$data merge entity $(bone_body2) {transformation: [-1f,0f,0f,0.125f,0f,0.6372f,0.7707f,-0.3546f,0f,0.7707f,-0.6372f,0.0704f,0f,0f,0f,1f],start_interpolation: 0,interpolation_duration: 2}
$data merge entity $(bone_body3) {transformation: [-1f,0f,0f,-0.125f,0f,0.6372f,0.7707f,-0.3546f,0f,0.7707f,-0.6372f,0.0704f,0f,0f,0f,1f],start_interpolation: 0,interpolation_duration: 2}
$data merge entity $(bone_head2) {transformation: [-1f,0f,0f,0f,0f,0.9999f,0.0151f,-0.1216f,0f,0.0151f,-0.9999f,0.8495f,0f,0f,0f,1f],start_interpolation: 0,interpolation_duration: 2}
$data merge entity $(bone_left_tip) {transformation: [-0.7937f,-0.6083f,0f,1.1053f,-0.6083f,0.7937f,0f,0.3782f,0f,0f,-1f,0.3125f,0f,0f,0f,1f],start_interpolation: 0,interpolation_duration: 2}
$data merge entity $(bone_left_wing) {transformation: [-0.9167f,-0.3996f,0f,0.1628f,-0.3996f,0.9167f,0f,0.0378f,0f,0f,-1f,0.5f,0f,0f,0f,1f],start_interpolation: 0,interpolation_duration: 2}
$data merge entity $(bone_right_tip) {transformation: [-0.7937f,0.6083f,0f,-1.1053f,0.6083f,0.7937f,0f,0.3782f,0f,0f,-1f,0.3125f,0f,0f,0f,1f],start_interpolation: 0,interpolation_duration: 2}
$data merge entity $(bone_right_wing) {transformation: [-0.9167f,0.3996f,0f,-0.1628f,0.3996f,0.9167f,0f,0.0378f,0f,0f,-1f,0.5f,0f,0f,0f,1f],start_interpolation: 0,interpolation_duration: 2}
$data merge entity $(bone_tail) {transformation: [-1f,0f,0f,0f,0f,0.9948f,-0.1016f,0.0625f,0f,-0.1016f,-0.9948f,-0.0625f,0f,0f,0f,1f],start_interpolation: 0,interpolation_duration: 2}