# This file was generated by Animated Java via MC-Build. It is not recommended to edit this file directly.
$data merge entity $(bone_body2) {transformation: [-1f,0f,0f,0.125f,0f,0.6428f,0.766f,-0.3546f,0f,0.766f,-0.6428f,0.0704f,0f,0f,0f,1f],start_interpolation: 0,interpolation_duration: 2}
$data merge entity $(bone_body3) {transformation: [-1f,0f,0f,-0.125f,0f,0.6428f,0.766f,-0.3546f,0f,0.766f,-0.6428f,0.0704f,0f,0f,0f,1f],start_interpolation: 0,interpolation_duration: 2}
$data merge entity $(bone_head2) {transformation: [-1f,0f,0f,0f,0f,0.9998f,0.0218f,-0.1232f,0f,0.0218f,-0.9998f,0.8495f,0f,0f,0f,1f],start_interpolation: 0,interpolation_duration: 2}
$data merge entity $(bone_left_tip) {transformation: [-0.8128f,-0.5825f,0f,1.1143f,-0.5825f,0.8128f,0f,0.3582f,0f,0f,-1f,0.3125f,0f,0f,0f,1f],start_interpolation: 0,interpolation_duration: 2}
$data merge entity $(bone_left_wing) {transformation: [-0.9239f,-0.3827f,0f,0.1641f,-0.3827f,0.9239f,0f,0.0391f,0f,0f,-1f,0.5f,0f,0f,0f,1f],start_interpolation: 0,interpolation_duration: 2}
$data merge entity $(bone_right_tip) {transformation: [-0.8128f,0.5825f,0f,-1.1143f,0.5825f,0.8128f,0f,0.3582f,0f,0f,-1f,0.3125f,0f,0f,0f,1f],start_interpolation: 0,interpolation_duration: 2}
$data merge entity $(bone_right_wing) {transformation: [-0.9239f,0.3827f,0f,-0.1641f,0.3827f,0.9239f,0f,0.0391f,0f,0f,-1f,0.5f,0f,0f,0f,1f],start_interpolation: 0,interpolation_duration: 2}
$data merge entity $(bone_tail) {transformation: [-1f,0f,0f,0f,0f,0.9962f,-0.0872f,0.0625f,0f,-0.0872f,-0.9962f,-0.0625f,0f,0f,0f,1f],start_interpolation: 0,interpolation_duration: 2}