# This file was generated by Animated Java via MC-Build. It is not recommended to edit this file directly.
$data merge entity $(bone_body2) {transformation: [-1f,0f,0f,0.125f,0f,0.6483f,0.7613f,-0.3546f,0f,0.7613f,-0.6483f,0.0704f,0f,0f,0f,1f],start_interpolation: 0,interpolation_duration: 2}
$data merge entity $(bone_body3) {transformation: [-1f,0f,0f,-0.125f,0f,0.6483f,0.7613f,-0.3546f,0f,0.7613f,-0.6483f,0.0704f,0f,0f,0f,1f],start_interpolation: 0,interpolation_duration: 2}
$data merge entity $(bone_head2) {transformation: [-1f,0f,0f,0f,0f,0.9996f,0.0297f,-0.1247f,0f,0.0297f,-0.9996f,0.8495f,0f,0f,0f,1f],start_interpolation: 0,interpolation_duration: 2}
$data merge entity $(bone_left_tip) {transformation: [-0.8382f,-0.5454f,0f,1.1249f,-0.5454f,0.8382f,0f,0.3312f,0f,0f,-1f,0.3125f,0f,0f,0f,1f],start_interpolation: 0,interpolation_duration: 2}
$data merge entity $(bone_left_wing) {transformation: [-0.9334f,-0.3589f,0f,0.1654f,-0.3589f,0.9334f,0f,0.0404f,0f,0f,-1f,0.5f,0f,0f,0f,1f],start_interpolation: 0,interpolation_duration: 2}
$data merge entity $(bone_right_tip) {transformation: [-0.8382f,0.5454f,0f,-1.1249f,0.5454f,0.8382f,0f,0.3312f,0f,0f,-1f,0.3125f,0f,0f,0f,1f],start_interpolation: 0,interpolation_duration: 2}
$data merge entity $(bone_right_wing) {transformation: [-0.9334f,0.3589f,0f,-0.1654f,0.3589f,0.9334f,0f,0.0404f,0f,0f,-1f,0.5f,0f,0f,0f,1f],start_interpolation: 0,interpolation_duration: 2}
$data merge entity $(bone_tail) {transformation: [-1f,0f,0f,0f,0f,0.9974f,-0.0727f,0.0625f,0f,-0.0727f,-0.9974f,-0.0625f,0f,0f,0f,1f],start_interpolation: 0,interpolation_duration: 2}