# This file was generated by Animated Java via MC-Build. It is not recommended to edit this file directly.
$data merge entity $(bone_body2) {transformation: [-1f,0f,0f,0.125f,0f,0.6539f,0.7566f,-0.3546f,0f,0.7566f,-0.6539f,0.0704f,0f,0f,0f,1f],start_interpolation: 0,interpolation_duration: 2}
$data merge entity $(bone_body3) {transformation: [-1f,0f,0f,-0.125f,0f,0.6539f,0.7566f,-0.3546f,0f,0.7566f,-0.6539f,0.0704f,0f,0f,0f,1f],start_interpolation: 0,interpolation_duration: 2}
$data merge entity $(bone_head2) {transformation: [-1f,0f,0f,0f,0f,0.9992f,0.0388f,-0.1263f,0f,0.0388f,-0.9992f,0.8495f,0f,0f,0f,1f],start_interpolation: 0,interpolation_duration: 2}
$data merge entity $(bone_left_tip) {transformation: [-0.8692f,-0.4944f,0f,1.137f,-0.4944f,0.8692f,0f,0.2956f,0f,0f,-1f,0.3125f,0f,0f,0f,1f],start_interpolation: 0,interpolation_duration: 2}
$data merge entity $(bone_left_wing) {transformation: [-0.9451f,-0.3268f,0f,0.1667f,-0.3268f,0.9451f,0f,0.0417f,0f,0f,-1f,0.5f,0f,0f,0f,1f],start_interpolation: 0,interpolation_duration: 2}
$data merge entity $(bone_right_tip) {transformation: [-0.8692f,0.4944f,0f,-1.137f,0.4944f,0.8692f,0f,0.2956f,0f,0f,-1f,0.3125f,0f,0f,0f,1f],start_interpolation: 0,interpolation_duration: 2}
$data merge entity $(bone_right_wing) {transformation: [-0.9451f,0.3268f,0f,-0.1667f,0.3268f,0.9451f,0f,0.0417f,0f,0f,-1f,0.5f,0f,0f,0f,1f],start_interpolation: 0,interpolation_duration: 2}
$data merge entity $(bone_tail) {transformation: [-1f,0f,0f,0f,0f,0.9983f,-0.0581f,0.0625f,0f,-0.0581f,-0.9983f,-0.0625f,0f,0f,0f,1f],start_interpolation: 0,interpolation_duration: 2}