# This file was generated by Animated Java via MC-Build. It is not recommended to edit this file directly.
$data merge entity $(bone_body2) {transformation: [-1f,0f,0f,0.125f,0f,0.6593f,0.7518f,-0.3546f,0f,0.7518f,-0.6593f,0.0704f,0f,0f,0f,1f],start_interpolation: 0,interpolation_duration: 2}
$data merge entity $(bone_body3) {transformation: [-1f,0f,0f,-0.125f,0f,0.6593f,0.7518f,-0.3546f,0f,0.7518f,-0.6593f,0.0704f,0f,0f,0f,1f],start_interpolation: 0,interpolation_duration: 2}
$data merge entity $(bone_head2) {transformation: [-1f,0f,0f,0f,0f,0.9988f,0.0491f,-0.1278f,0f,0.0491f,-0.9988f,0.8495f,0f,0f,0f,1f],start_interpolation: 0,interpolation_duration: 2}
$data merge entity $(bone_left_tip) {transformation: [-0.9046f,-0.4263f,0f,1.1496f,-0.4263f,0.9046f,0f,0.2502f,0f,0f,-1f,0.3125f,0f,0f,0f,1f],start_interpolation: 0,interpolation_duration: 2}
$data merge entity $(bone_left_wing) {transformation: [-0.9585f,-0.2851f,0f,0.168f,-0.2851f,0.9585f,0f,0.043f,0f,0f,-1f,0.5f,0f,0f,0f,1f],start_interpolation: 0,interpolation_duration: 2}
$data merge entity $(bone_right_tip) {transformation: [-0.9046f,0.4263f,0f,-1.1496f,0.4263f,0.9046f,0f,0.2502f,0f,0f,-1f,0.3125f,0f,0f,0f,1f],start_interpolation: 0,interpolation_duration: 2}
$data merge entity $(bone_right_wing) {transformation: [-0.9585f,0.2851f,0f,-0.168f,0.2851f,0.9585f,0f,0.043f,0f,0f,-1f,0.5f,0f,0f,0f,1f],start_interpolation: 0,interpolation_duration: 2}
$data merge entity $(bone_tail) {transformation: [-1f,0f,0f,0f,0f,0.999f,-0.0436f,0.0625f,0f,-0.0436f,-0.999f,-0.0625f,0f,0f,0f,1f],start_interpolation: 0,interpolation_duration: 2}