# This file was generated by Animated Java via MC-Build. It is not recommended to edit this file directly.
$data merge entity $(bone_body2) {transformation: [-1f,0f,0f,0.125f,0f,0.6702f,0.7422f,-0.3546f,0f,0.7422f,-0.6702f,0.0704f,0f,0f,0f,1f],start_interpolation: 0,interpolation_duration: 2}
$data merge entity $(bone_body3) {transformation: [-1f,0f,0f,-0.125f,0f,0.6702f,0.7422f,-0.3546f,0f,0.7422f,-0.6702f,0.0704f,0f,0f,0f,1f],start_interpolation: 0,interpolation_duration: 2}
$data merge entity $(bone_head2) {transformation: [-1f,0f,0f,0f,0f,0.9973f,0.0733f,-0.131f,0f,0.0733f,-0.9973f,0.8495f,0f,0f,0f,1f],start_interpolation: 0,interpolation_duration: 2}
$data merge entity $(bone_left_tip) {transformation: [-0.9742f,-0.2256f,0f,1.1715f,-0.2256f,0.9742f,0f,0.1239f,0f,0f,-1f,0.3125f,0f,0f,0f,1f],start_interpolation: 0,interpolation_duration: 2}
$data merge entity $(bone_left_wing) {transformation: [-0.986f,-0.1667f,0f,0.1706f,-0.1667f,0.986f,0f,0.0456f,0f,0f,-1f,0.5f,0f,0f,0f,1f],start_interpolation: 0,interpolation_duration: 2}
$data merge entity $(bone_right_tip) {transformation: [-0.9742f,0.2256f,0f,-1.1715f,0.2256f,0.9742f,0f,0.1239f,0f,0f,-1f,0.3125f,0f,0f,0f,1f],start_interpolation: 0,interpolation_duration: 2}
$data merge entity $(bone_right_wing) {transformation: [-0.986f,0.1667f,0f,-0.1706f,0.1667f,0.986f,0f,0.0456f,0f,0f,-1f,0.5f,0f,0f,0f,1f],start_interpolation: 0,interpolation_duration: 2}
$data merge entity $(bone_tail) {transformation: [-1f,0f,0f,0f,0f,0.9999f,-0.0145f,0.0625f,0f,-0.0145f,-0.9999f,-0.0625f,0f,0f,0f,1f],start_interpolation: 0,interpolation_duration: 2}