# This file was generated by Animated Java via MC-Build. It is not recommended to edit this file directly.
$data merge entity $(bone_body2) {transformation: [-1f,0f,0f,0.125f,0f,0.7189f,0.6951f,-0.3546f,0f,0.6951f,-0.7189f,0.0704f,0f,0f,0f,1f],start_interpolation: 0,interpolation_duration: 2}
$data merge entity $(bone_body3) {transformation: [-1f,0f,0f,-0.125f,0f,0.7189f,0.6951f,-0.3546f,0f,0.6951f,-0.7189f,0.0704f,0f,0f,0f,1f],start_interpolation: 0,interpolation_duration: 2}
$data merge entity $(bone_head2) {transformation: [-1f,0f,0f,0f,0f,0.9862f,0.1655f,-0.1455f,0f,0.1655f,-0.9862f,0.8495f,0f,0f,0f,1f],start_interpolation: 0,interpolation_duration: 2}
$data merge entity $(bone_left_tip) {transformation: [-0.8748f,0.4845f,0f,1.1192f,0.4845f,0.8748f,0f,-0.3156f,0f,0f,-1f,0.3125f,0f,0f,0f,1f],start_interpolation: 0,interpolation_duration: 2}
$data merge entity $(bone_left_wing) {transformation: [-0.9685f,0.249f,0f,0.1827f,0.249f,0.9685f,0f,0.0577f,0f,0f,-1f,0.5f,0f,0f,0f,1f],start_interpolation: 0,interpolation_duration: 2}
$data merge entity $(bone_right_tip) {transformation: [-0.8714f,-0.4907f,0f,-1.1166f,-0.4907f,0.8714f,0f,-0.3222f,0f,0f,-1f,0.3125f,0f,0f,0f,1f],start_interpolation: 0,interpolation_duration: 2}
$data merge entity $(bone_right_wing) {transformation: [-0.9667f,-0.2558f,0f,-0.1827f,-0.2558f,0.9667f,0f,0.0577f,0f,0f,-1f,0.5f,0f,0f,0f,1f],start_interpolation: 0,interpolation_duration: 2}
$data merge entity $(bone_tail) {transformation: [-1f,0f,0f,0f,0f,0.9927f,0.1205f,0.0625f,0f,0.1205f,-0.9927f,-0.0625f,0f,0f,0f,1f],start_interpolation: 0,interpolation_duration: 2}