# This file was generated by Animated Java via MC-Build. It is not recommended to edit this file directly.
$data merge entity $(bone_body2) {transformation: [-1f,0f,0f,0.125f,0f,0.6915f,0.7224f,-0.3546f,0f,0.7224f,-0.6915f,0.0704f,0f,0f,0f,1f],start_interpolation: 0,interpolation_duration: 2}
$data merge entity $(bone_body3) {transformation: [-1f,0f,0f,-0.125f,0f,0.6915f,0.7224f,-0.3546f,0f,0.7224f,-0.6915f,0.0704f,0f,0f,0f,1f],start_interpolation: 0,interpolation_duration: 2}
$data merge entity $(bone_head2) {transformation: [-1f,0f,0f,0f,0f,0.9921f,0.1251f,-0.1372f,0f,0.1251f,-0.9921f,0.8495f,0f,0f,0f,1f],start_interpolation: 0,interpolation_duration: 2}
$data merge entity $(bone_left_tip) {transformation: [-0.9649f,0.2628f,0f,1.1571f,0.2628f,0.9649f,0f,-0.1691f,0f,0f,-1f,0.3125f,0f,0f,0f,1f],start_interpolation: 0,interpolation_duration: 2}
$data merge entity $(bone_left_wing) {transformation: [-0.9934f,0.1143f,0f,0.1758f,0.1143f,0.9934f,0f,0.0508f,0f,0f,-1f,0.5f,0f,0f,0f,1f],start_interpolation: 0,interpolation_duration: 2}
$data merge entity $(bone_right_tip) {transformation: [-0.9649f,-0.2628f,0f,-1.1571f,-0.2628f,0.9649f,0f,-0.1691f,0f,0f,-1f,0.3125f,0f,0f,0f,1f],start_interpolation: 0,interpolation_duration: 2}
$data merge entity $(bone_right_wing) {transformation: [-0.9934f,-0.1143f,0f,-0.1758f,-0.1143f,0.9934f,0f,0.0508f,0f,0f,-1f,0.5f,0f,0f,0f,1f],start_interpolation: 0,interpolation_duration: 2}
$data merge entity $(bone_tail) {transformation: [-1f,0f,0f,0f,0f,0.999f,0.0436f,0.0625f,0f,0.0436f,-0.999f,-0.0625f,0f,0f,0f,1f],start_interpolation: 0,interpolation_duration: 2}