# This file was generated by Animated Java via MC-Build. It is not recommended to edit this file directly.
$data merge entity $(bone_body2) {transformation: [-1f,0f,0f,0.125f,0f,0.6967f,0.7173f,-0.3546f,0f,0.7173f,-0.6967f,0.0704f,0f,0f,0f,1f],start_interpolation: 0,interpolation_duration: 2}
$data merge entity $(bone_body3) {transformation: [-1f,0f,0f,-0.125f,0f,0.6967f,0.7173f,-0.3546f,0f,0.7173f,-0.6967f,0.0704f,0f,0f,0f,1f],start_interpolation: 0,interpolation_duration: 2}
$data merge entity $(bone_head2) {transformation: [-1f,0f,0f,0f,0f,0.9908f,0.1353f,-0.1388f,0f,0.1353f,-0.9908f,0.8495f,0f,0f,0f,1f],start_interpolation: 0,interpolation_duration: 2}
$data merge entity $(bone_left_tip) {transformation: [-0.9419f,0.3359f,0f,1.1472f,0.3359f,0.9419f,0f,-0.2147f,0f,0f,-1f,0.3125f,0f,0f,0f,1f],start_interpolation: 0,interpolation_duration: 2}
$data merge entity $(bone_left_wing) {transformation: [-0.9875f,0.1577f,0f,0.1771f,0.1577f,0.9875f,0f,0.0521f,0f,0f,-1f,0.5f,0f,0f,0f,1f],start_interpolation: 0,interpolation_duration: 2}
$data merge entity $(bone_right_tip) {transformation: [-0.9419f,-0.3359f,0f,-1.1472f,-0.3359f,0.9419f,0f,-0.2147f,0f,0f,-1f,0.3125f,0f,0f,0f,1f],start_interpolation: 0,interpolation_duration: 2}
$data merge entity $(bone_right_wing) {transformation: [-0.9875f,-0.1577f,0f,-0.1771f,-0.1577f,0.9875f,0f,0.0521f,0f,0f,-1f,0.5f,0f,0f,0f,1f],start_interpolation: 0,interpolation_duration: 2}
$data merge entity $(bone_tail) {transformation: [-1f,0f,0f,0f,0f,0.9983f,0.0581f,0.0625f,0f,0.0581f,-0.9983f,-0.0625f,0f,0f,0f,1f],start_interpolation: 0,interpolation_duration: 2}