# This file was generated by Animated Java via MC-Build. It is not recommended to edit this file directly.
$data merge entity $(bone_body2) {transformation: [-1f,0f,0f,0.125f,0f,0.7019f,0.7122f,-0.3546f,0f,0.7122f,-0.7019f,0.0704f,0f,0f,0f,1f],start_interpolation: 0,interpolation_duration: 2}
$data merge entity $(bone_body3) {transformation: [-1f,0f,0f,-0.125f,0f,0.7019f,0.7122f,-0.3546f,0f,0.7122f,-0.7019f,0.0704f,0f,0f,0f,1f],start_interpolation: 0,interpolation_duration: 2}
$data merge entity $(bone_head2) {transformation: [-1f,0f,0f,0f,0f,0.9895f,0.1443f,-0.1403f,0f,0.1443f,-0.9895f,0.8495f,0f,0f,0f,1f],start_interpolation: 0,interpolation_duration: 2}
$data merge entity $(bone_left_tip) {transformation: [-0.9201f,0.3916f,0f,1.138f,0.3916f,0.9201f,0f,-0.2504f,0f,0f,-1f,0.3125f,0f,0f,0f,1f],start_interpolation: 0,interpolation_duration: 2}
$data merge entity $(bone_left_wing) {transformation: [-0.9815f,0.1913f,0f,0.1784f,0.1913f,0.9815f,0f,0.0534f,0f,0f,-1f,0.5f,0f,0f,0f,1f],start_interpolation: 0,interpolation_duration: 2}
$data merge entity $(bone_right_tip) {transformation: [-0.9201f,-0.3916f,0f,-1.138f,-0.3916f,0.9201f,0f,-0.2504f,0f,0f,-1f,0.3125f,0f,0f,0f,1f],start_interpolation: 0,interpolation_duration: 2}
$data merge entity $(bone_right_wing) {transformation: [-0.9815f,-0.1913f,0f,-0.1784f,-0.1913f,0.9815f,0f,0.0534f,0f,0f,-1f,0.5f,0f,0f,0f,1f],start_interpolation: 0,interpolation_duration: 2}
$data merge entity $(bone_tail) {transformation: [-1f,0f,0f,0f,0f,0.9974f,0.0727f,0.0625f,0f,0.0727f,-0.9974f,-0.0625f,0f,0f,0f,1f],start_interpolation: 0,interpolation_duration: 2}