# This file was generated by Animated Java via MC-Build. It is not recommended to edit this file directly.
$data merge entity $(bone_body2) {transformation: [-1f,0f,0f,0.125f,0f,0.7071f,0.7071f,-0.3546f,0f,0.7071f,-0.7071f,0.0704f,0f,0f,0f,1f],start_interpolation: 0,interpolation_duration: 2}
$data merge entity $(bone_body3) {transformation: [-1f,0f,0f,-0.125f,0f,0.7071f,0.7071f,-0.3546f,0f,0.7071f,-0.7071f,0.0704f,0f,0f,0f,1f],start_interpolation: 0,interpolation_duration: 2}
$data merge entity $(bone_head2) {transformation: [-1f,0f,0f,0f,0f,0.9884f,0.1521f,-0.1419f,0f,0.1521f,-0.9884f,0.8495f,0f,0f,0f,1f],start_interpolation: 0,interpolation_duration: 2}
$data merge entity $(bone_left_tip) {transformation: [-0.9016f,0.4325f,0f,1.1303f,0.4325f,0.9016f,0f,-0.2777f,0f,0f,-1f,0.3125f,0f,0f,0f,1f],start_interpolation: 0,interpolation_duration: 2}
$data merge entity $(bone_left_wing) {transformation: [-0.9763f,0.2164f,0f,0.1797f,0.2164f,0.9763f,0f,0.0547f,0f,0f,-1f,0.5f,0f,0f,0f,1f],start_interpolation: 0,interpolation_duration: 2}
$data merge entity $(bone_right_tip) {transformation: [-0.9016f,-0.4325f,0f,-1.1303f,-0.4325f,0.9016f,0f,-0.2777f,0f,0f,-1f,0.3125f,0f,0f,0f,1f],start_interpolation: 0,interpolation_duration: 2}
$data merge entity $(bone_right_wing) {transformation: [-0.9763f,-0.2164f,0f,-0.1797f,-0.2164f,0.9763f,0f,0.0547f,0f,0f,-1f,0.5f,0f,0f,0f,1f],start_interpolation: 0,interpolation_duration: 2}
$data merge entity $(bone_tail) {transformation: [-1f,0f,0f,0f,0f,0.9962f,0.0872f,0.0625f,0f,0.0872f,-0.9962f,-0.0625f,0f,0f,0f,1f],start_interpolation: 0,interpolation_duration: 2}