# This file was generated by Animated Java via MC-Build. It is not recommended to edit this file directly.
$data merge entity $(bone_body2) {transformation: [-1f,0f,0f,0.125f,0f,0.7122f,0.7019f,-0.3546f,0f,0.7019f,-0.7122f,0.0704f,0f,0f,0f,1f],start_interpolation: 0,interpolation_duration: 2}
$data merge entity $(bone_body3) {transformation: [-1f,0f,0f,-0.125f,0f,0.7122f,0.7019f,-0.3546f,0f,0.7019f,-0.7122f,0.0704f,0f,0f,0f,1f],start_interpolation: 0,interpolation_duration: 2}
$data merge entity $(bone_head2) {transformation: [-1f,0f,0f,0f,0f,0.9873f,0.1587f,-0.1435f,0f,0.1587f,-0.9873f,0.8495f,0f,0f,0f,1f],start_interpolation: 0,interpolation_duration: 2}
$data merge entity $(bone_left_tip) {transformation: [-0.8873f,0.4613f,0f,1.1243f,0.4613f,0.8873f,0f,-0.2979f,0f,0f,-1f,0.3125f,0f,0f,0f,1f],start_interpolation: 0,interpolation_duration: 2}
$data merge entity $(bone_left_wing) {transformation: [-0.9722f,0.2343f,0f,0.181f,0.2343f,0.9722f,0f,0.056f,0f,0f,-1f,0.5f,0f,0f,0f,1f],start_interpolation: 0,interpolation_duration: 2}
$data merge entity $(bone_right_tip) {transformation: [-0.8873f,-0.4613f,0f,-1.1243f,-0.4613f,0.8873f,0f,-0.2979f,0f,0f,-1f,0.3125f,0f,0f,0f,1f],start_interpolation: 0,interpolation_duration: 2}
$data merge entity $(bone_right_wing) {transformation: [-0.9722f,-0.2343f,0f,-0.181f,-0.2343f,0.9722f,0f,0.056f,0f,0f,-1f,0.5f,0f,0f,0f,1f],start_interpolation: 0,interpolation_duration: 2}
$data merge entity $(bone_tail) {transformation: [-1f,0f,0f,0f,0f,0.9948f,0.1016f,0.0625f,0f,0.1016f,-0.9948f,-0.0625f,0f,0f,0f,1f],start_interpolation: 0,interpolation_duration: 2}