# This file was generated by Animated Java via MC-Build. It is not recommended to edit this file directly.
$data merge entity $(bone_body2) {transformation: [-1f,0f,0f,0.125f,0f,0.7173f,0.6967f,-0.3546f,0f,0.6967f,-0.7173f,0.0704f,0f,0f,0f,1f],start_interpolation: 0,interpolation_duration: 2}
$data merge entity $(bone_body3) {transformation: [-1f,0f,0f,-0.125f,0f,0.7173f,0.6967f,-0.3546f,0f,0.6967f,-0.7173f,0.0704f,0f,0f,0f,1f],start_interpolation: 0,interpolation_duration: 2}
$data merge entity $(bone_head2) {transformation: [-1f,0f,0f,0f,0f,0.9864f,0.1641f,-0.145f,0f,0.1641f,-0.9864f,0.8495f,0f,0f,0f,1f],start_interpolation: 0,interpolation_duration: 2}
$data merge entity $(bone_left_tip) {transformation: [-0.8771f,0.4803f,0f,1.1202f,0.4803f,0.8771f,0f,-0.3122f,0f,0f,-1f,0.3125f,0f,0f,0f,1f],start_interpolation: 0,interpolation_duration: 2}
$data merge entity $(bone_left_wing) {transformation: [-0.9692f,0.2463f,0f,0.1823f,0.2463f,0.9692f,0f,0.0573f,0f,0f,-1f,0.5f,0f,0f,0f,1f],start_interpolation: 0,interpolation_duration: 2}
$data merge entity $(bone_right_tip) {transformation: [-0.8771f,-0.4803f,0f,-1.1202f,-0.4803f,0.8771f,0f,-0.3122f,0f,0f,-1f,0.3125f,0f,0f,0f,1f],start_interpolation: 0,interpolation_duration: 2}
$data merge entity $(bone_right_wing) {transformation: [-0.9692f,-0.2463f,0f,-0.1823f,-0.2463f,0.9692f,0f,0.0573f,0f,0f,-1f,0.5f,0f,0f,0f,1f],start_interpolation: 0,interpolation_duration: 2}
$data merge entity $(bone_tail) {transformation: [-1f,0f,0f,0f,0f,0.9932f,0.1161f,0.0625f,0f,0.1161f,-0.9932f,-0.0625f,0f,0f,0f,1f],start_interpolation: 0,interpolation_duration: 2}