# This file was generated by Animated Java via MC-Build. It is not recommended to edit this file directly.
$data merge entity $(bone_body2) {transformation: [-1f,0f,0f,0.125f,0f,0.7224f,0.6915f,-0.3546f,0f,0.6915f,-0.7224f,0.0704f,0f,0f,0f,1f],start_interpolation: 0,interpolation_duration: 2}
$data merge entity $(bone_body3) {transformation: [-1f,0f,0f,-0.125f,0f,0.7224f,0.6915f,-0.3546f,0f,0.6915f,-0.7224f,0.0704f,0f,0f,0f,1f],start_interpolation: 0,interpolation_duration: 2}
$data merge entity $(bone_head2) {transformation: [-1f,0f,0f,0f,0f,0.9857f,0.1683f,-0.1466f,0f,0.1683f,-0.9857f,0.8495f,0f,0f,0f,1f],start_interpolation: 0,interpolation_duration: 2}
$data merge entity $(bone_left_tip) {transformation: [-0.8708f,0.4917f,0f,1.1176f,0.4917f,0.8708f,0f,-0.3219f,0f,0f,-1f,0.3125f,0f,0f,0f,1f],start_interpolation: 0,interpolation_duration: 2}
$data merge entity $(bone_left_wing) {transformation: [-0.9673f,0.2535f,0f,0.1836f,0.2535f,0.9673f,0f,0.0586f,0f,0f,-1f,0.5f,0f,0f,0f,1f],start_interpolation: 0,interpolation_duration: 2}
$data merge entity $(bone_right_tip) {transformation: [-0.8708f,-0.4917f,0f,-1.1176f,-0.4917f,0.8708f,0f,-0.3219f,0f,0f,-1f,0.3125f,0f,0f,0f,1f],start_interpolation: 0,interpolation_duration: 2}
$data merge entity $(bone_right_wing) {transformation: [-0.9673f,-0.2535f,0f,-0.1836f,-0.2535f,0.9673f,0f,0.0586f,0f,0f,-1f,0.5f,0f,0f,0f,1f],start_interpolation: 0,interpolation_duration: 2}
$data merge entity $(bone_tail) {transformation: [-1f,0f,0f,0f,0f,0.9914f,0.1305f,0.0625f,0f,0.1305f,-0.9914f,-0.0625f,0f,0f,0f,1f],start_interpolation: 0,interpolation_duration: 2}