# This file was generated by Animated Java via MC-Build. It is not recommended to edit this file directly.
$data merge entity $(bone_body2) {transformation: [-1f,0f,0f,0.125f,0f,0.7274f,0.6862f,-0.3546f,0f,0.6862f,-0.7274f,0.0704f,0f,0f,0f,1f],start_interpolation: 0,interpolation_duration: 2}
$data merge entity $(bone_body3) {transformation: [-1f,0f,0f,-0.125f,0f,0.7274f,0.6862f,-0.3546f,0f,0.6862f,-0.7274f,0.0704f,0f,0f,0f,1f],start_interpolation: 0,interpolation_duration: 2}
$data merge entity $(bone_head2) {transformation: [-1f,0f,0f,0f,0f,0.9852f,0.1713f,-0.1482f,0f,0.1713f,-0.9852f,0.8495f,0f,0f,0f,1f],start_interpolation: 0,interpolation_duration: 2}
$data merge entity $(bone_left_tip) {transformation: [-0.8674f,0.4975f,0f,1.1164f,0.4975f,0.8674f,0f,-0.3282f,0f,0f,-1f,0.3125f,0f,0f,0f,1f],start_interpolation: 0,interpolation_duration: 2}
$data merge entity $(bone_left_wing) {transformation: [-0.9663f,0.2573f,0f,0.1849f,0.2573f,0.9663f,0f,0.0599f,0f,0f,-1f,0.5f,0f,0f,0f,1f],start_interpolation: 0,interpolation_duration: 2}
$data merge entity $(bone_right_tip) {transformation: [-0.8674f,-0.4975f,0f,-1.1164f,-0.4975f,0.8674f,0f,-0.3282f,0f,0f,-1f,0.3125f,0f,0f,0f,1f],start_interpolation: 0,interpolation_duration: 2}
$data merge entity $(bone_right_wing) {transformation: [-0.9663f,-0.2573f,0f,-0.1849f,-0.2573f,0.9663f,0f,0.0599f,0f,0f,-1f,0.5f,0f,0f,0f,1f],start_interpolation: 0,interpolation_duration: 2}
$data merge entity $(bone_tail) {transformation: [-1f,0f,0f,0f,0f,0.9894f,0.1449f,0.0625f,0f,0.1449f,-0.9894f,-0.0625f,0f,0f,0f,1f],start_interpolation: 0,interpolation_duration: 2}