# This file was generated by Animated Java via MC-Build. It is not recommended to edit this file directly.
$data merge entity $(bone_body2) {transformation: [-1f,0f,0f,0.125f,0f,0.7323f,0.6809f,-0.3546f,0f,0.6809f,-0.7323f,0.0704f,0f,0f,0f,1f],start_interpolation: 0,interpolation_duration: 2}
$data merge entity $(bone_body3) {transformation: [-1f,0f,0f,-0.125f,0f,0.7323f,0.6809f,-0.3546f,0f,0.6809f,-0.7323f,0.0704f,0f,0f,0f,1f],start_interpolation: 0,interpolation_duration: 2}
$data merge entity $(bone_head2) {transformation: [-1f,0f,0f,0f,0f,0.9849f,0.1731f,-0.1497f,0f,0.1731f,-0.9849f,0.8495f,0f,0f,0f,1f],start_interpolation: 0,interpolation_duration: 2}
$data merge entity $(bone_left_tip) {transformation: [-0.8662f,0.4997f,0f,1.1161f,0.4997f,0.8662f,0f,-0.3323f,0f,0f,-1f,0.3125f,0f,0f,0f,1f],start_interpolation: 0,interpolation_duration: 2}
$data merge entity $(bone_left_wing) {transformation: [-0.966f,0.2586f,0f,0.1862f,0.2586f,0.966f,0f,0.0612f,0f,0f,-1f,0.5f,0f,0f,0f,1f],start_interpolation: 0,interpolation_duration: 2}
$data merge entity $(bone_right_tip) {transformation: [-0.8662f,-0.4997f,0f,-1.1161f,-0.4997f,0.8662f,0f,-0.3323f,0f,0f,-1f,0.3125f,0f,0f,0f,1f],start_interpolation: 0,interpolation_duration: 2}
$data merge entity $(bone_right_wing) {transformation: [-0.966f,-0.2586f,0f,-0.1862f,-0.2586f,0.966f,0f,0.0612f,0f,0f,-1f,0.5f,0f,0f,0f,1f],start_interpolation: 0,interpolation_duration: 2}
$data merge entity $(bone_tail) {transformation: [-1f,0f,0f,0f,0f,0.9872f,0.1593f,0.0625f,0f,0.1593f,-0.9872f,-0.0625f,0f,0f,0f,1f],start_interpolation: 0,interpolation_duration: 2}