# This file was generated by Animated Java via MC-Build. It is not recommended to edit this file directly.
$data merge entity $(bone_body2) {transformation: [-1f,0f,0f,0.125f,0f,0.7095f,0.7047f,-0.3546f,0f,0.7047f,-0.7095f,0.0704f,0f,0f,0f,1f],start_interpolation: 0,interpolation_duration: 2}
$data merge entity $(bone_body3) {transformation: [-1f,0f,0f,-0.125f,0f,0.7095f,0.7047f,-0.3546f,0f,0.7047f,-0.7095f,0.0704f,0f,0f,0f,1f],start_interpolation: 0,interpolation_duration: 2}
$data merge entity $(bone_head2) {transformation: [-1f,0f,0f,0f,0f,0.9879f,0.1553f,-0.1426f,0f,0.1553f,-0.9879f,0.8495f,0f,0f,0f,1f],start_interpolation: 0,interpolation_duration: 2}
$data merge entity $(bone_left_tip) {transformation: [-0.8945f,0.4471f,0f,1.1273f,0.4471f,0.8945f,0f,-0.2878f,0f,0f,-1f,0.3125f,0f,0f,0f,1f],start_interpolation: 0,interpolation_duration: 2}
$data merge entity $(bone_left_wing) {transformation: [-0.9742f,0.2255f,0f,0.1803f,0.2255f,0.9742f,0f,0.0553f,0f,0f,-1f,0.5f,0f,0f,0f,1f],start_interpolation: 0,interpolation_duration: 2}
$data merge entity $(bone_right_tip) {transformation: [-0.8861f,-0.4636f,0f,-1.1208f,-0.4636f,0.8861f,0f,-0.3052f,0f,0f,-1f,0.3125f,0f,0f,0f,1f],start_interpolation: 0,interpolation_duration: 2}
$data merge entity $(bone_right_wing) {transformation: [-0.9699f,-0.2435f,0f,-0.1803f,-0.2435f,0.9699f,0f,0.0553f,0f,0f,-1f,0.5f,0f,0f,0f,1f],start_interpolation: 0,interpolation_duration: 2}
$data merge entity $(bone_tail) {transformation: [-1f,0f,0f,0f,0f,0.9956f,0.0938f,0.0625f,0f,0.0938f,-0.9956f,-0.0625f,0f,0f,0f,1f],start_interpolation: 0,interpolation_duration: 2}