# This file was generated by Animated Java via MC-Build. It is not recommended to edit this file directly.
$data merge entity $(bone_body2) {transformation: [-1f,0f,0f,0.125f,0f,0.7047f,0.7095f,-0.3546f,0f,0.7095f,-0.7047f,0.0704f,0f,0f,0f,1f],start_interpolation: 0,interpolation_duration: 2}
$data merge entity $(bone_body3) {transformation: [-1f,0f,0f,-0.125f,0f,0.7047f,0.7095f,-0.3546f,0f,0.7095f,-0.7047f,0.0704f,0f,0f,0f,1f],start_interpolation: 0,interpolation_duration: 2}
$data merge entity $(bone_head2) {transformation: [-1f,0f,0f,0f,0f,0.9889f,0.1487f,-0.1412f,0f,0.1487f,-0.9889f,0.8495f,0f,0f,0f,1f],start_interpolation: 0,interpolation_duration: 2}
$data merge entity $(bone_left_tip) {transformation: [-0.9097f,0.4153f,0f,1.1336f,0.4153f,0.9097f,0f,-0.2661f,0f,0f,-1f,0.3125f,0f,0f,0f,1f],start_interpolation: 0,interpolation_duration: 2}
$data merge entity $(bone_left_wing) {transformation: [-0.9786f,0.2058f,0f,0.1791f,0.2058f,0.9786f,0f,0.0541f,0f,0f,-1f,0.5f,0f,0f,0f,1f],start_interpolation: 0,interpolation_duration: 2}
$data merge entity $(bone_right_tip) {transformation: [-0.899f,-0.438f,0f,-1.1253f,-0.438f,0.899f,0f,-0.29f,0f,0f,-1f,0.3125f,0f,0f,0f,1f],start_interpolation: 0,interpolation_duration: 2}
$data merge entity $(bone_right_wing) {transformation: [-0.9731f,-0.2304f,0f,-0.1791f,-0.2304f,0.9731f,0f,0.0541f,0f,0f,-1f,0.5f,0f,0f,0f,1f],start_interpolation: 0,interpolation_duration: 2}
$data merge entity $(bone_tail) {transformation: [-1f,0f,0f,0f,0f,0.9968f,0.0805f,0.0625f,0f,0.0805f,-0.9968f,-0.0625f,0f,0f,0f,1f],start_interpolation: 0,interpolation_duration: 2}