# This file was generated by Animated Java via MC-Build. It is not recommended to edit this file directly.
$data merge entity $(bone_body2) {transformation: [-1f,0f,0f,0.125f,0f,0.7f,0.7142f,-0.3546f,0f,0.7142f,-0.7f,0.0704f,0f,0f,0f,1f],start_interpolation: 0,interpolation_duration: 2}
$data merge entity $(bone_body3) {transformation: [-1f,0f,0f,-0.125f,0f,0.7f,0.7142f,-0.3546f,0f,0.7142f,-0.7f,0.0704f,0f,0f,0f,1f],start_interpolation: 0,interpolation_duration: 2}
$data merge entity $(bone_head2) {transformation: [-1f,0f,0f,0f,0f,0.99f,0.141f,-0.1397f,0f,0.141f,-0.99f,0.8495f,0f,0f,0f,1f],start_interpolation: 0,interpolation_duration: 2}
$data merge entity $(bone_left_tip) {transformation: [-0.9282f,0.3721f,0f,1.1414f,0.3721f,0.9282f,0f,-0.2377f,0f,0f,-1f,0.3125f,0f,0f,0f,1f],start_interpolation: 0,interpolation_duration: 2}
$data merge entity $(bone_left_wing) {transformation: [-0.9838f,0.1795f,0f,0.1779f,0.1795f,0.9838f,0f,0.0529f,0f,0f,-1f,0.5f,0f,0f,0f,1f],start_interpolation: 0,interpolation_duration: 2}
$data merge entity $(bone_right_tip) {transformation: [-0.9161f,-0.4009f,0f,-1.1318f,-0.4009f,0.9161f,0f,-0.2677f,0f,0f,-1f,0.3125f,0f,0f,0f,1f],start_interpolation: 0,interpolation_duration: 2}
$data merge entity $(bone_right_wing) {transformation: [-0.9777f,-0.2102f,0f,-0.1779f,-0.2102f,0.9777f,0f,0.0529f,0f,0f,-1f,0.5f,0f,0f,0f,1f],start_interpolation: 0,interpolation_duration: 2}
$data merge entity $(bone_tail) {transformation: [-1f,0f,0f,0f,0f,0.9977f,0.0671f,0.0625f,0f,0.0671f,-0.9977f,-0.0625f,0f,0f,0f,1f],start_interpolation: 0,interpolation_duration: 2}