# This file was generated by Animated Java via MC-Build. It is not recommended to edit this file directly.
$data merge entity $(bone_body2) {transformation: [-1f,0f,0f,0.125f,0f,0.6951f,0.7189f,-0.3546f,0f,0.7189f,-0.6951f,0.0704f,0f,0f,0f,1f],start_interpolation: 0,interpolation_duration: 2}
$data merge entity $(bone_body3) {transformation: [-1f,0f,0f,-0.125f,0f,0.6951f,0.7189f,-0.3546f,0f,0.7189f,-0.6951f,0.0704f,0f,0f,0f,1f],start_interpolation: 0,interpolation_duration: 2}
$data merge entity $(bone_head2) {transformation: [-1f,0f,0f,0f,0f,0.9912f,0.1323f,-0.1383f,0f,0.1323f,-0.9912f,0.8495f,0f,0f,0f,1f],start_interpolation: 0,interpolation_duration: 2}
$data merge entity $(bone_left_tip) {transformation: [-0.949f,0.3154f,0f,1.1502f,0.3154f,0.949f,0f,-0.2017f,0f,0f,-1f,0.3125f,0f,0f,0f,1f],start_interpolation: 0,interpolation_duration: 2}
$data merge entity $(bone_left_wing) {transformation: [-0.9894f,0.1455f,0f,0.1767f,0.1455f,0.9894f,0f,0.0517f,0f,0f,-1f,0.5f,0f,0f,0f,1f],start_interpolation: 0,interpolation_duration: 2}
$data merge entity $(bone_right_tip) {transformation: [-0.9371f,-0.349f,0f,-1.1405f,-0.349f,0.9371f,0f,-0.2363f,0f,0f,-1f,0.3125f,0f,0f,0f,1f],start_interpolation: 0,interpolation_duration: 2}
$data merge entity $(bone_right_wing) {transformation: [-0.9836f,-0.1806f,0f,-0.1767f,-0.1806f,0.9836f,0f,0.0517f,0f,0f,-1f,0.5f,0f,0f,0f,1f],start_interpolation: 0,interpolation_duration: 2}
$data merge entity $(bone_tail) {transformation: [-1f,0f,0f,0f,0f,0.9986f,0.0537f,0.0625f,0f,0.0537f,-0.9986f,-0.0625f,0f,0f,0f,1f],start_interpolation: 0,interpolation_duration: 2}