# This file was generated by Animated Java via MC-Build. It is not recommended to edit this file directly.
$data merge entity $(block_display_block_display3) { transformation: [-0.39620049022079074f,0.024686504805952237f,-0.04915025970705357f,0.245484899526264f,0.05216078408291769f,0.2820333110765391f,-0.27881259664344327f,-0.20343566788155448f,0.01744775494613435f,-0.2825735088851569f,-0.28257350888515687f,-0.2397240356383049f,0f,0f,0f,1f], start_interpolation: 0, interpolation_duration: 1 }
$data merge entity $(bone_body) { transformation: [-0.9905012255519768f,0.13052619222005157f,-0.04324621745963596f,-3.827021247335479e-18f,0.13040196020729422f,0.9914448613738104f,0.0056934725397687356f,-0.625f,0.043619387365335875f,1.5984848350717833e-17f,-0.9990482215818578f,0.03125f,0f,0f,0f,1f], start_interpolation: 0, interpolation_duration: 1 }
$data merge entity $(block_display_block_display) { transformation: [-0.2985242143562406f,0.026121836937642733f,-0.014175439252189455f,0.21815336170148586f,0.026690460175489164f,0.2985739624433607f,-0.011883109293920432f,-0.004185467593199377f,0.013073361412044595f,-0.013085816209691887f,-0.2994292047137624f,0.29061851533575206f,0f,0f,0f,1f], start_interpolation: 0, interpolation_duration: 1 }
$data merge entity $(block_display_block_display1) { transformation: [-0.1492621071781203f,0.013060918468821367f,-0.007087719626094727f,0.1479521328787349f,0.013345230087744582f,0.14928698122168035f,-0.005941554646960216f,0.006200619105023009f,0.0065366807060222975f,-0.006542908104845944f,-0.1497146023568812f,0.3874584821618137f,0f,0f,0f,1f], start_interpolation: 0, interpolation_duration: 1 }
$data merge entity $(block_display_block_display2) { transformation: [-0.1492621071781203f,0.013060918468821367f,-0.007087719626094727f,0.13170944206893448f,0.013345230087744582f,0.14928698122168035f,-0.005941554646960216f,-0.007415443627594054f,0.0065366807060222975f,-0.006542908104845944f,-0.1497146023568812f,0.04436251842729433f,0f,0f,0f,1f], start_interpolation: 0, interpolation_duration: 1 }
$data merge entity $(bone_upper) { transformation: [-0.995080714520802f,0.08707278979214245f,-0.04725146417396485f,-2.296212748401287e-18f,0.08896820058496388f,0.9952465414778691f,-0.03961036431306811f,-0.625f,0.043577871373481986f,-0.043619387365639625f,-0.9980973490458747f,0.01875f,0f,0f,0f,1f], start_interpolation: 0, interpolation_duration: 1 }
$data merge entity $(bone_lower) { transformation: [-0.9924038765061041f,0.08715574274765818f,0.08682408883346532f,0f,0.0868240888334652f,0.9961946980917455f,-0.007596123493895972f,-0.625f,-0.0871557427476583f,1.0673500138322974e-17f,-0.9961946980917455f,0f,0f,0f,0f,1f], start_interpolation: 0, interpolation_duration: 1 }
$data merge entity $(bone_front_left) { transformation: [-1f,-2.1265768495757713e-17f,1.2060416625018976e-16f,0f,0f,0.984807753012208f,0.17364817766693033f,-0.625f,-1.2246467991473532e-16f,0.17364817766693033f,-0.984807753012208f,0f,0f,0f,0f,1f], start_interpolation: 0, interpolation_duration: 1 }
$data merge entity $(bone_back_left) { transformation: [-1f,1.0673500138322974e-17f,1.2199866483456202e-16f,0f,0f,0.9961946980917455f,-0.08715574274765818f,-0.59375f,-1.2246467991473532e-16f,-0.08715574274765818f,-0.9961946980917455f,0f,0f,0f,0f,1f], start_interpolation: 0, interpolation_duration: 1 }
$data merge entity $(bone_front_right) { transformation: [-1f,7.024285468436541e-17f,1.0031719290535247e-16f,-1.1481063742006436e-17f,0f,0.8191520442889918f,-0.573576436351046f,-0.625f,-1.2246467991473532e-16f,-0.573576436351046f,-0.8191520442889918f,0.09375f,0f,0f,0f,1f], start_interpolation: 0, interpolation_duration: 1 }
$data merge entity $(bone_back_right) { transformation: [-1f,-1.5984848350717833e-17f,1.2141697760125282e-16f,0f,0f,0.9914448613738104f,0.13052619222005157f,-0.625f,-1.2246467991473532e-16f,0.13052619222005157f,-0.9914448613738104f,0f,0f,0f,0f,1f], start_interpolation: 0, interpolation_duration: 1 }