# This file was generated by Animated Java via MC-Build. It is not recommended to edit this file directly.
$data merge entity $(block_display_block_display3) { transformation: [-0.39756642380027896f,0.019748120515128725f,-0.03938210764772462f,0.23671008804849128f,0.04178591494083814f,0.2823250781027555f,-0.2802614628999679f,-0.19740050698042483f,0.013959798681000333f,-0.28267041233633383f,-0.2826704123363338f,-0.24431999143301283f,0f,0f,0f,1f], start_interpolation: 0, interpolation_duration: 1 }
$data merge entity $(bone_body) { transformation: [-0.9939160595006973f,0.10452846326765343f,-0.034708313607969936f,-3.0616169978683824e-18f,0.10446478735209534f,0.9945218953682733f,0.003647990759126964f,-0.625f,0.03489949670250083f,1.2801044796052346e-17f,-0.9993908270190958f,0.024999999999999994f,0f,0f,0f,1f], start_interpolation: 0, interpolation_duration: 1 }
$data merge entity $(block_display_block_display) { transformation: [-0.29905504403615063f,0.021005361831513643f,-0.011173871793751199f,0.20469535328984956f,0.021369873891130656f,0.29908039376707074f,-0.009708066440392613f,-0.002690465439600498f,0.010459881759043508f,-0.010473434893152046f,-0.2996346075391254f,0.2938273982892688f,0f,0f,0f,1f], start_interpolation: 0, interpolation_duration: 1 }
$data merge entity $(block_display_block_display1) { transformation: [-0.14952752201807532f,0.010502680915756821f,-0.005586935896875599f,0.13342342721635914f,0.010684936945565328f,0.14954019688353537f,-0.004854033220196306f,0.005685773795804816f,0.005229940879521754f,-0.005236717446576023f,-0.1498173037695627f,0.39007818358500607f,0f,0f,0f,1f], start_interpolation: 0, interpolation_duration: 1 }
$data merge entity $(block_display_block_display2) { transformation: [-0.14952752201807532f,0.010502680915756821f,-0.005586935896875599f,0.12062003245268588f,0.010684936945565328f,0.14954019688353537f,-0.004854033220196306f,-0.0054380523338116715f,0.005229940879521754f,-0.005236717446576023f,-0.1498173037695627f,0.04674686244642484f,0f,0f,0f,1f], start_interpolation: 0, interpolation_duration: 1 }
$data merge entity $(bone_upper) { transformation: [-0.9968501467871688f,0.07001787277171215f,-0.037246239312503995f,-1.8369701987210292e-18f,0.07123291297043552f,0.9969346458902358f,-0.032360221467975375f,-0.625f,0.03486627253014503f,-0.03491144964384015f,-0.9987820251304181f,0.014999999999999996f,0f,0f,0f,1f], start_interpolation: 0, interpolation_duration: 1 }
$data merge entity $(bone_lower) { transformation: [-0.9951340343707852f,0.06975647374412529f,0.06958655048003284f,0f,0.06958655048003272f,0.9975640502598242f,-0.004865965629214841f,-0.625f,-0.06975647374412541f,8.542704229054942e-18f,-0.9975640502598242f,0f,0f,0f,0f,1f], start_interpolation: 0, interpolation_duration: 1 }
$data merge entity $(bone_front_left) { transformation: [-1f,-1.7043789261815554e-17f,1.2127286206821952e-16f,0f,0f,0.9902680687415704f,0.1391731009600654f,-0.625f,-1.2246467991473532e-16f,0.1391731009600654f,-0.9902680687415704f,0f,0f,0f,0f,1f], start_interpolation: 0, interpolation_duration: 1 }
$data merge entity $(bone_back_left) { transformation: [-1f,8.542704229054942e-18f,1.221663621095163e-16f,0f,0f,0.9975640502598242f,-0.06975647374412529f,-0.6f,-1.2246467991473532e-16f,-0.06975647374412529f,-0.9975640502598242f,0f,0f,0f,0f,1f], start_interpolation: 0, interpolation_duration: 1 }
$data merge entity $(bone_front_right) { transformation: [-1f,5.749368466564466e-17f,1.0812989434095454e-16f,-9.184850993605147e-18f,0f,0.882947592858927f,-0.46947156278589064f,-0.625f,-1.2246467991473532e-16f,-0.46947156278589064f,-0.882947592858927f,0.07499999999999998f,0f,0f,0f,1f], start_interpolation: 0, interpolation_duration: 1 }
$data merge entity $(bone_back_right) { transformation: [-1f,-1.2801044796052346e-17f,1.217938055844715e-16f,0f,0f,0.9945218953682733f,0.10452846326765343f,-0.625f,-1.2246467991473532e-16f,0.10452846326765343f,-0.9945218953682733f,0f,0f,0f,0f,1f], start_interpolation: 0, interpolation_duration: 1 }