# This file was generated by Animated Java via MC-Build. It is not recommended to edit this file directly.
$data merge entity $(block_display_block_display3) { transformation: [-0.39939097545578406f,0.009873322856147962f,-0.019732364791266437f,0.21867168980050344f,0.02093119408932525f,0.28271343161408946f,-0.28219674112041154f,-0.18584254195544958f,0.006980962574913355f,-0.28279963415952974f,-0.2827996341595297f,-0.25345050126600943f,0f,0f,0f,1f], start_interpolation: 0, interpolation_duration: 1 }
$data merge entity $(bone_body) { transformation: [-0.99847743863946f,0.052335956242943814f,-0.017428488520812038f,-1.5308084989341912e-18f,0.05232798522331312f,0.9986295347545738f,0.0009133883796357406f,-0.625f,0.017452406437283387f,6.409306129323708e-18f,-0.9998476951563913f,0.012499999999999997f,0f,0f,0f,1f], start_interpolation: 0, interpolation_duration: 1 }
$data merge entity $(block_display_block_display) { transformation: [-0.2997636098847485f,0.010605291928496423f,-0.005413499051047538f,0.1775024434080193f,0.01069661579456734f,0.2997666945540389f,-0.005050865934562213f,-0.0006782686015036621f,0.005230736029254056f,-0.005239906416805278f,-0.2999086240529528f,0.30012488067108467f,0f,0f,0f,1f], start_interpolation: 0, interpolation_duration: 1 }
$data merge entity $(block_display_block_display1) { transformation: [-0.14988180494237424f,0.005302645964248212f,-0.002706749525523769f,0.1042532593902845f,0.00534830789728367f,0.14988334727701946f,-0.0025254329672811065f,0.0035742809516889906f,0.002615368014627028f,-0.002619953208402639f,-0.1499543120264764f,0.39515400969494574f,0f,0f,0f,1f], start_interpolation: 0, interpolation_duration: 1 }
$data merge entity $(block_display_block_display2) { transformation: [-0.14988180494237424f,0.005302645964248212f,-0.002706749525523769f,0.09805029172762586f,0.00534830789728367f,0.14988334727701946f,-0.0025254329672811065f,-0.002213169598330289f,0.002615368014627028f,-0.002619953208402639f,-0.1499543120264764f,0.05150871130093727f,0f,0f,0f,1f], start_interpolation: 0, interpolation_duration: 1 }
$data merge entity $(bone_upper) { transformation: [-0.9992120329491616f,0.03535097309498808f,-0.018044996836825127f,-9.184850993605146e-19f,0.035655385981891136f,0.9992223151801298f,-0.016836219781874044f,-0.625f,0.01743578676418019f,-0.01746635472268426f,-0.9996954135098427f,0.007499999999999998f,0f,0f,0f,1f], start_interpolation: 0, interpolation_duration: 1 }
$data merge entity $(bone_lower) { transformation: [-0.9987820251299121f,0.03489949670250097f,0.03487823687206277f,0f,0.034878236872062644f,0.9993908270190958f,-0.0012179748700878756f,-0.625f,-0.034899496702501094f,4.273955692857142e-18f,-0.9993908270190958f,0f,0f,0f,0f,1f], start_interpolation: 0, interpolation_duration: 1 }
$data merge entity $(bone_front_left) { transformation: [-1f,-8.542704229054942e-18f,1.221663621095163e-16f,0f,0f,0.9975640502598242f,0.06975647374412529f,-0.625f,-1.2246467991473532e-16f,0.06975647374412529f,-0.9975640502598242f,0f,0f,0f,0f,1f], start_interpolation: 0, interpolation_duration: 1 }
$data merge entity $(bone_back_left) { transformation: [-1f,4.273955692857141e-18f,1.2239007774061617e-16f,0f,0f,0.9993908270190958f,-0.03489949670250096f,-0.6125f,-1.2246467991473532e-16f,-0.03489949670250096f,-0.9993908270190958f,0f,0f,0f,0f,1f], start_interpolation: 0, interpolation_duration: 1 }
$data merge entity $(bone_front_right) { transformation: [-1f,2.9626887508979314e-17f,1.1882695554102554e-16f,-4.5924254968025736e-18f,0f,0.9702957262759965f,-0.24192189559966765f,-0.625f,-1.2246467991473532e-16f,-0.24192189559966765f,-0.9702957262759965f,0.03749999999999999f,0f,0f,0f,1f], start_interpolation: 0, interpolation_duration: 1 }
$data merge entity $(bone_back_right) { transformation: [-1f,-6.409306129323708e-18f,1.2229684632711994e-16f,0f,0f,0.9986295347545738f,0.052335956242943814f,-0.625f,-1.2246467991473532e-16f,0.052335956242943814f,-0.9986295347545738f,0f,0f,0f,0f,1f], start_interpolation: 0, interpolation_duration: 1 }