# This file was generated by Animated Java via MC-Build. It is not recommended to edit this file directly.
$data merge entity $(block_display_block_display3) { transformation: [-0.39984770443509743f,0.004936567896004958f,-0.009871350231408522f,0.20941354835878173f,0.01047038062795691f,0.28281040025280624f,-0.28268117842961044f,-0.18032943013195724f,0.003490614199349528f,-0.2828319426908065f,-0.28283194269080647f,-0.25798531190401974f,0f,0f,0f,1f], start_interpolation: 0, interpolation_duration: 1 }
$data merge entity $(bone_body) { transformation: [-0.9996192610877435f,0.026176948307873184f,-0.008723545132608616f,-7.654042494670965e-19f,0.026175951569892275f,0.9996573249755573f,0.00022843406864775508f,-0.625f,0.00872653549837382f,3.192199068512193e-18f,-0.9999619230641713f,0.0062500000000000056f,0f,0f,0f,1f], start_interpolation: 0, interpolation_duration: 1 }
$data merge entity $(block_display_block_display) { transformation: [-0.299940893022629f,0.005326925671365546f,-0.00266168286607762f,0.16378534291911342f,0.0053497684991106655f,0.2999412569465946f,-0.0025733943154586797f,-0.00017025891378574798f,0.0026154674140099086f,-0.002620351920765327f,-0.299977154273484f,0.30320987811224887f,0f,0f,0f,1f], start_interpolation: 0, interpolation_duration: 1 }
$data merge entity $(block_display_block_display1) { transformation: [-0.1499704465113145f,0.002663462835682773f,-0.00133084143303881f,0.08963189555910542f,0.0026748842495553328f,0.1499706284732973f,-0.0012866971577293398f,0.001971368934572615f,0.0013077337070049543f,-0.0013101759603826636f,-0.149988577136742f,0.39760660567621486f,0f,0f,0f,1f], start_interpolation: 0, interpolation_duration: 1 }
$data merge entity $(block_display_block_display2) { transformation: [-0.1499704465113145f,0.002663462835682773f,-0.00133084143303881f,0.08658205060839148f,0.0026748842495553328f,0.1499706284732973f,-0.0012866971577293398f,-0.0009773120518904443f,0.0013077337070049543f,-0.0013101759603826636f,-0.149988577136742f,0.05388278307118112f,0f,0f,0f,1f], start_interpolation: 0, interpolation_duration: 1 }
$data merge entity $(bone_upper) { transformation: [-0.9998029767420967f,0.017756418904551822f,-0.008872276220258733f,-4.592425496802579e-19f,0.01783256166370222f,0.999804189821982f,-0.008577981051528932f,-0.625f,0.008718224713366363f,-0.008734506402551091f,-0.9999238475782799f,0.0037500000000000033f,0f,0f,0f,1f], start_interpolation: 0, interpolation_duration: 1 }
$data merge entity $(bone_lower) { transformation: [-0.9996954135095478f,0.01745240643728353f,0.017449748351250627f,0f,0.017449748351250505f,0.9998476951563913f,-0.0003045864904521356f,-0.625f,-0.01745240643728365f,2.1373033680837936e-18f,-0.9998476951563913f,0f,0f,0f,0f,1f], start_interpolation: 0, interpolation_duration: 1 }
$data merge entity $(bone_front_left) { transformation: [-1f,-4.2739556928571464e-18f,1.2239007774061617e-16f,0f,0f,0.9993908270190958f,0.034899496702501004f,-0.625f,-1.2246467991473532e-16f,0.034899496702501004f,-0.9993908270190958f,0f,0f,0f,0f,1f], start_interpolation: 0, interpolation_duration: 1 }
$data merge entity $(bone_back_left) { transformation: [-1f,2.1373033680837936e-18f,1.2244602795081332e-16f,0f,0f,0.9998476951563913f,-0.01745240643728353f,-0.61875f,-1.2246467991473532e-16f,-0.01745240643728353f,-0.9998476951563913f,0f,0f,0f,0f,1f], start_interpolation: 0, interpolation_duration: 1 }
$data merge entity $(bone_front_right) { transformation: [-1f,1.492469013153036e-17f,1.2155184676135683e-16f,-2.296212748401289e-18f,0f,0.992546151641322f,-0.1218693434051476f,-0.625f,-1.2246467991473532e-16f,-0.1218693434051476f,-0.992546151641322f,0.018750000000000017f,0f,0f,0f,1f], start_interpolation: 0, interpolation_duration: 1 }
$data merge entity $(bone_back_right) { transformation: [-1f,-3.2057515956682613e-18f,1.2242271432755217e-16f,0f,0f,0.9996573249755573f,0.02617694830787318f,-0.625f,-1.2246467991473532e-16f,0.02617694830787318f,-0.9996573249755573f,0f,0f,0f,0f,1f], start_interpolation: 0, interpolation_duration: 1 }