# This file was generated by Animated Java via MC-Build. It is not recommended to edit this file directly.
$data merge entity $(block_display_block_display3) { transformation: [-0.39939097545578406f,-0.009873322856147896f,0.019732364791266513f,0.18071928565528034f,-0.020931194089325256f,0.28271343161408946f,-0.28219674112041154f,-0.16491134786612438f,-0.006980962574913454f,-0.28279963415952974f,-0.2827996341595297f,-0.24646953869109606f,0f,0f,0f,1f], start_interpolation: 0, interpolation_duration: 1 }
$data merge entity $(bone_body) { transformation: [-0.99847743863946f,-0.05233595624294383f,0.017428488520812285f,-1.5308084989341916e-18f,-0.05232798522331313f,0.9986295347545738f,0.000913388379635741f,-0.625f,-0.017452406437283633f,-6.4093061293237094e-18f,-0.9998476951563913f,0.0125f,0f,0f,0f,1f], start_interpolation: 0, interpolation_duration: 1 }
$data merge entity $(block_display_block_display) { transformation: [-0.2997636098847485f,-0.010605291928496428f,0.005413499051047613f,0.12226116647672872f,-0.010696615794567344f,0.2997666945540389f,-0.005050865934562214f,0.010018347193063715f,-0.005230736029254132f,-0.005239906416805281f,-0.2999086240529528f,0.30535561670033873f,0f,0f,0f,1f], start_interpolation: 0, interpolation_duration: 1 }
$data merge entity $(block_display_block_display1) { transformation: [-0.14988180494237424f,-0.005302645964248214f,0.0027067495255238064f,0.04562854555208921f,-0.005348307897283672f,0.14988334727701946f,-0.002525432967281107f,0.008922588848972568f,-0.002615368014627066f,-0.0026199532084026406f,-0.1499543120264764f,0.39776937770957277f,0f,0f,0f,1f], start_interpolation: 0, interpolation_duration: 1 }
$data merge entity $(block_display_block_display2) { transformation: [-0.14988180494237424f,-0.005302645964248214f,0.0027067495255238064f,0.05183151321474793f,-0.005348307897283672f,0.14988334727701946f,-0.002525432967281107f,0.0031351382989532883f,-0.002615368014627066f,-0.0026199532084026406f,-0.1499543120264764f,0.0541240793155643f,0f,0f,0f,1f], start_interpolation: 0, interpolation_duration: 1 }
$data merge entity $(bone_upper) { transformation: [-0.9992120329491616f,-0.035350973094988095f,0.018044996836825377f,-9.184850993605148e-19f,-0.03565538598189115f,0.9992223151801298f,-0.016836219781874048f,-0.625f,-0.01743578676418044f,-0.01746635472268427f,-0.9996954135098427f,0.0075f,0f,0f,0f,1f], start_interpolation: 0, interpolation_duration: 1 }
$data merge entity $(bone_lower) { transformation: [-0.9987820251299121f,-0.034899496702500976f,-0.034878236872062526f,0f,-0.03487823687206265f,0.9993908270190958f,-0.001217974870087876f,-0.625f,0.03489949670250085f,-4.2739556928571426e-18f,-0.9993908270190958f,0f,0f,0f,0f,1f], start_interpolation: 0, interpolation_duration: 1 }
$data merge entity $(bone_front_left) { transformation: [-1f,2.962688750897932e-17f,1.1882695554102554e-16f,-4.592425496802575e-18f,0f,0.9702957262759965f,-0.24192189559966767f,-0.625f,-1.2246467991473532e-16f,-0.24192189559966767f,-0.9702957262759965f,0.037500000000000006f,0f,0f,0f,1f], start_interpolation: 0, interpolation_duration: 1 }
$data merge entity $(bone_back_left) { transformation: [-1f,-6.4093061293237094e-18f,1.2229684632711994e-16f,0f,0f,0.9986295347545738f,0.05233595624294383f,-0.625f,-1.2246467991473532e-16f,0.05233595624294383f,-0.9986295347545738f,0f,0f,0f,0f,1f], start_interpolation: 0, interpolation_duration: 1 }
$data merge entity $(bone_front_right) { transformation: [-1f,-1.0673500138322974e-17f,1.2199866483456202e-16f,0f,0f,0.9961946980917455f,0.08715574274765818f,-0.625f,-1.2246467991473532e-16f,0.08715574274765818f,-0.9961946980917455f,0f,0f,0f,0f,1f], start_interpolation: 0, interpolation_duration: 1 }
$data merge entity $(bone_back_right) { transformation: [-1f,2.1373033680837913e-18f,1.2244602795081332e-16f,0f,0f,0.9998476951563913f,-0.01745240643728351f,-0.6125f,-1.2246467991473532e-16f,-0.01745240643728351f,-0.9998476951563913f,0f,0f,0f,0f,1f], start_interpolation: 0, interpolation_duration: 1 }