# This file was generated by Animated Java via MC-Build. It is not recommended to edit this file directly.
$data merge entity $(block_display_block_display3) { transformation: [-0.39863028602456946f,-0.01481044832510968f,0.029572718582829234f,0.17085881648174747f,-0.03137288390211946f,0.2825517107189873f,-0.28138989485309857f,-0.16016163019958035f,-0.010470779323149309f,-0.28274578934120836f,-0.2827457893412083f,-0.2384246581445092f,0f,0f,0f,1f], start_interpolation: 0, interpolation_duration: 1 }
$data merge entity $(bone_body) { transformation: [-0.9965757150614236f,-0.07845909572784494f,0.02609625351235494f,-2.296212748401287e-18f,-0.07843220975529865f,0.996917333733128f,0.002053819693150268f,-0.625f,-0.02617694830787327f,-9.608468044710109e-18f,-0.9996573249755573f,0.01875f,0f,0f,0f,1f], start_interpolation: 0, interpolation_duration: 1 }
$data merge entity $(block_display_block_display) { transformation: [-0.2994682639427332f,-0.01583232647893516f,0.008252050011355285f,0.10832615075365962f,-0.016037622671486722f,0.2994788663251161f,-0.007429891228695946f,0.014517796809028982f,-0.00784560706207717f,-0.007857866306297565f,-0.29979443021333774f,0.3048423962357009f,0f,0f,0f,1f], start_interpolation: 0, interpolation_duration: 1 }
$data merge entity $(block_display_block_display1) { transformation: [-0.1497341319713666f,-0.00791616323946758f,0.0041260250056776426f,0.030880319139427792f,-0.008018811335743361f,0.14973943316255806f,-0.003714945614347973f,0.012830232150124798f,-0.003922803531038585f,-0.003928933153148783f,-0.14989721510666887f,0.3965667539118494f,0f,0f,0f,1f], start_interpolation: 0, interpolation_duration: 1 }
$data merge entity $(block_display_block_display2) { transformation: [-0.1497341319713666f,-0.00791616323946758f,0.0041260250056776426f,0.04033579311077239f,-0.008018811335743361f,0.14973943316255806f,-0.003714945614347973f,0.004316815117244022f,-0.003922803531038585f,-0.003928933153148783f,-0.14989721510666887f,0.05305230262573331f,0f,0f,0f,1f], start_interpolation: 0, interpolation_duration: 1 }
$data merge entity $(bone_upper) { transformation: [-0.9982275464757773f,-0.05277442159645054f,0.027506833371184286f,-1.3777276490407724e-18f,-0.05345874223828908f,0.9982628877503871f,-0.024766304095653155f,-0.625f,-0.026152023540257238f,-0.026192887687658553f,-0.9993147673777925f,0.01125f,0f,0f,0f,1f], start_interpolation: 0, interpolation_duration: 1 }
$data merge entity $(bone_lower) { transformation: [-0.9972609476841366f,-0.05233595624294383f,-0.052264231633826604f,0f,-0.05226423163382673f,0.9986295347545738f,-0.002739052315863331f,-0.625f,0.0523359562429437f,-5.975625260329508e-18f,-0.9986295347545738f,0f,0f,0f,0f,1f], start_interpolation: 0, interpolation_duration: 1 }
$data merge entity $(bone_front_left) { transformation: [-1f,4.388741623276522e-17f,1.143306281056419e-16f,-6.888638245203861e-18f,0f,0.9335804264972017f,-0.3583679495453003f,-0.625f,-1.2246467991473532e-16f,-0.3583679495453003f,-0.9335804264972017f,0.056249999999999994f,0f,0f,0f,1f], start_interpolation: 0, interpolation_duration: 1 }
$data merge entity $(bone_back_left) { transformation: [-1f,-9.608468044710109e-18f,1.220871621770789e-16f,0f,0f,0.996917333733128f,0.07845909572784494f,-0.625f,-1.2246467991473532e-16f,0.07845909572784494f,-0.996917333733128f,0f,0f,0f,0f,1f], start_interpolation: 0, interpolation_duration: 1 }
$data merge entity $(bone_front_right) { transformation: [-1f,-1.5984848350717833e-17f,1.2141697760125282e-16f,0f,0f,0.9914448613738104f,0.13052619222005157f,-0.625f,-1.2246467991473532e-16f,0.13052619222005157f,-0.9914448613738104f,0f,0f,0f,0f,1f], start_interpolation: 0, interpolation_duration: 1 }
$data merge entity $(bone_back_right) { transformation: [-1f,3.2057515956682574e-18f,1.2242271432755217e-16f,0f,0f,0.9996573249755573f,-0.02617694830787315f,-0.60625f,-1.2246467991473532e-16f,-0.02617694830787315f,-0.9996573249755573f,0f,0f,0f,0f,1f], start_interpolation: 0, interpolation_duration: 1 }