# This file was generated by Animated Java via MC-Build. It is not recommended to edit this file directly.
$data merge entity $(block_display_block_display3) { transformation: [-0.39620049022079074f,-0.024686504805952168f,0.04915025970705364f,0.15071559069452645f,-0.05216078408291769f,0.2820333110765391f,-0.27881259664344327f,-0.1512748837986368f,-0.017447754946134444f,-0.2825735088851569f,-0.28257350888515687f,-0.22227628069217054f,0f,0f,0f,1f], start_interpolation: 0, interpolation_duration: 1 }
$data merge entity $(bone_body) { transformation: [-0.9905012255519768f,-0.13052619222005157f,0.04324621745963621f,-3.827021247335479e-18f,-0.13040196020729422f,0.9914448613738104f,0.0056934725397687356f,-0.625f,-0.04361938736533611f,-1.5984848350717833e-17f,-0.9990482215818578f,0.03125f,0f,0f,0f,1f], start_interpolation: 0, interpolation_duration: 1 }
$data merge entity $(block_display_block_display) { transformation: [-0.2985242143562406f,-0.026121836937642733f,0.01417543925218953f,0.08037085265475427f,-0.026690460175489164f,0.2985739624433607f,-0.011883109293920432f,0.022504992582289773f,-0.01307336141204467f,-0.013085816209691896f,-0.2994292047137624f,0.3036918767477967f,0f,0f,0f,1f], start_interpolation: 0, interpolation_duration: 1 }
$data merge entity $(block_display_block_display1) { transformation: [-0.1492621071781203f,-0.013060918468821367f,0.007087719626094765f,0.001309974299384881f,-0.013345230087744582f,0.14928698122168035f,-0.005941554646960216f,0.019545849192767584f,-0.006536680706022335f,-0.006542908104845948f,-0.1497146023568812f,0.39399516286783604f,0f,0f,0f,1f], start_interpolation: 0, interpolation_duration: 1 }
$data merge entity $(block_display_block_display2) { transformation: [-0.1492621071781203f,-0.013060918468821367f,0.007087719626094765f,0.01755266510918538f,-0.013345230087744582f,0.14928698122168035f,-0.005941554646960216f,0.005929786460150521f,-0.006536680706022335f,-0.006542908104845948f,-0.1497146023568812f,0.050899199133316614f,0f,0f,0f,1f], start_interpolation: 0, interpolation_duration: 1 }
$data merge entity $(bone_upper) { transformation: [-0.995080714520802f,-0.08707278979214245f,0.0472514641739651f,-2.296212748401287e-18f,-0.08896820058496388f,0.9952465414778691f,-0.03961036431306811f,-0.625f,-0.043577871373482235f,-0.04361938736563965f,-0.9980973490458747f,0.01875f,0f,0f,0f,1f], start_interpolation: 0, interpolation_duration: 1 }
$data merge entity $(bone_lower) { transformation: [-0.9924038765061041f,-0.08715574274765818f,-0.08682408883346507f,0f,-0.0868240888334652f,0.9961946980917455f,-0.007596123493895972f,-0.625f,0.08715574274765805f,-1.0673500138322974e-17f,-0.9961946980917455f,0f,0f,0f,0f,1f], start_interpolation: 0, interpolation_duration: 1 }
$data merge entity $(bone_front_left) { transformation: [-1f,7.024285468436541e-17f,1.0031719290535247e-16f,-1.1481063742006436e-17f,0f,0.8191520442889918f,-0.573576436351046f,-0.625f,-1.2246467991473532e-16f,-0.573576436351046f,-0.8191520442889918f,0.09375f,0f,0f,0f,1f], start_interpolation: 0, interpolation_duration: 1 }
$data merge entity $(bone_back_left) { transformation: [-1f,-1.5984848350717833e-17f,1.2141697760125282e-16f,0f,0f,0.9914448613738104f,0.13052619222005157f,-0.625f,-1.2246467991473532e-16f,0.13052619222005157f,-0.9914448613738104f,0f,0f,0f,0f,1f], start_interpolation: 0, interpolation_duration: 1 }
$data merge entity $(bone_front_right) { transformation: [-1f,-2.6506208041798655e-17f,1.195617780139768e-16f,0f,0f,0.9762960071199334f,0.21643961393810288f,-0.625f,-1.2246467991473532e-16f,0.21643961393810288f,-0.9762960071199334f,0f,0f,0f,0f,1f], start_interpolation: 0, interpolation_duration: 1 }
$data merge entity $(bone_back_right) { transformation: [-1f,5.341834311772723e-18f,1.223481206754078e-16f,0f,0f,0.9990482215818578f,-0.043619387365336f,-0.59375f,-1.2246467991473532e-16f,-0.043619387365336f,-0.9990482215818578f,0f,0f,0f,0f,1f], start_interpolation: 0, interpolation_duration: 1 }