# This file was generated by Animated Java via MC-Build. It is not recommended to edit this file directly.
$data merge entity $(block_display_block_display3) { transformation: [-0.39756642380027896f,-0.01974812051512866f,0.03938210764772471f,0.1608563357517874f,-0.04178591494083815f,0.2823250781027555f,-0.2802614628999679f,-0.15561459203958672f,-0.013959798681000436f,-0.28267041233633383f,-0.2826704123363338f,-0.2303601927520125f,0f,0f,0f,1f], start_interpolation: 0, interpolation_duration: 1 }
$data merge entity $(bone_body) { transformation: [-0.9939160595006973f,-0.10452846326765346f,0.03470831360797019f,-3.061616997868383e-18f,-0.10446478735209537f,0.9945218953682733f,0.0036479907591269655f,-0.625f,-0.03489949670250109f,-1.2801044796052349e-17f,-0.9993908270190958f,0.025f,0f,0f,0f,1f], start_interpolation: 0, interpolation_duration: 1 }
$data merge entity $(block_display_block_display) { transformation: [-0.29905504403615063f,-0.021005361831513653f,0.011173871793751277f,0.09435969074630057f,-0.021369873891130663f,0.29908039376707074f,-0.009708066440392613f,0.018679408451530044f,-0.010459881759043587f,-0.010473434893152054f,-0.2996346075391254f,0.3042872800483123f,0f,0f,0f,1f], start_interpolation: 0, interpolation_duration: 1 }
$data merge entity $(block_display_block_display1) { transformation: [-0.14952752201807532f,-0.010502680915756827f,0.005586935896875638f,0.01610409480171564f,-0.010684936945565332f,0.14954019688353537f,-0.004854033220196306f,0.016370710741370087f,-0.005229940879521794f,-0.005236717446576027f,-0.1498173037695627f,0.39530812446452784f,0f,0f,0f,1f], start_interpolation: 0, interpolation_duration: 1 }
$data merge entity $(block_display_block_display2) { transformation: [-0.14952752201807532f,-0.010502680915756827f,0.005586935896875638f,0.02890748956538898f,-0.010684936945565332f,0.14954019688353537f,-0.004854033220196306f,0.0052468846117535994f,-0.005229940879521794f,-0.005236717446576027f,-0.1498173037695627f,0.05197680332594658f,0f,0f,0f,1f], start_interpolation: 0, interpolation_duration: 1 }
$data merge entity $(bone_upper) { transformation: [-0.9968501467871688f,-0.07001787277171218f,0.03724623931250426f,-1.8369701987210296e-18f,-0.07123291297043555f,0.9969346458902358f,-0.032360221467975375f,-0.625f,-0.03486627253014529f,-0.03491144964384018f,-0.9987820251304181f,0.015f,0f,0f,0f,1f], start_interpolation: 0, interpolation_duration: 1 }
$data merge entity $(bone_lower) { transformation: [-0.9951340343707852f,-0.0697564737441253f,-0.06958655048003261f,0f,-0.06958655048003273f,0.9975640502598242f,-0.004865965629214842f,-0.625f,0.06975647374412518f,-8.542704229054943e-18f,-0.9975640502598242f,0f,0f,0f,0f,1f], start_interpolation: 0, interpolation_duration: 1 }
$data merge entity $(bone_front_left) { transformation: [-1f,5.749368466564468e-17f,1.0812989434095454e-16f,-9.18485099360515e-18f,0f,0.882947592858927f,-0.46947156278589075f,-0.625f,-1.2246467991473532e-16f,-0.46947156278589075f,-0.882947592858927f,0.07500000000000001f,0f,0f,0f,1f], start_interpolation: 0, interpolation_duration: 1 }
$data merge entity $(bone_back_left) { transformation: [-1f,-1.2801044796052349e-17f,1.217938055844715e-16f,0f,0f,0.9945218953682733f,0.10452846326765346f,-0.625f,-1.2246467991473532e-16f,0.10452846326765346f,-0.9945218953682733f,0f,0f,0f,0f,1f], start_interpolation: 0, interpolation_duration: 1 }
$data merge entity $(bone_front_right) { transformation: [-1f,-2.1265768495757713e-17f,1.2060416625018976e-16f,0f,0f,0.984807753012208f,0.17364817766693033f,-0.625f,-1.2246467991473532e-16f,0.17364817766693033f,-0.984807753012208f,0f,0f,0f,0f,1f], start_interpolation: 0, interpolation_duration: 1 }
$data merge entity $(bone_back_right) { transformation: [-1f,4.273955692857142e-18f,1.2239007774061617e-16f,0f,0f,0.9993908270190958f,-0.03489949670250097f,-0.6f,-1.2246467991473532e-16f,-0.03489949670250097f,-0.9993908270190958f,0f,0f,0f,0f,1f], start_interpolation: 0, interpolation_duration: 1 }