# This file was generated by Animated Java via MC-Build. It is not recommended to edit this file directly.
$data merge entity $(block_display_block_display3) { transformation: [-0.39863028602456946f,-0.014810448325109683f,0.02957271858282924f,0.17085881648174747f,-0.03137288390211947f,0.2825517107189873f,-0.28138989485309857f,-0.16016163019958035f,-0.01047077932314931f,-0.28274578934120836f,-0.2827457893412083f,-0.2384246581445092f,0f,0f,0f,1f], start_interpolation: 0, interpolation_duration: 1 }
$data merge entity $(bone_body) { transformation: [-0.9965757150614236f,-0.07845909572784496f,0.026096253512354943f,-2.2962127484012876e-18f,-0.07843220975529866f,0.996917333733128f,0.002053819693150269f,-0.625f,-0.026176948307873274f,-9.825308479207211e-18f,-0.9996573249755573f,0.018750000000000003f,0f,0f,0f,1f], start_interpolation: 0, interpolation_duration: 1 }
$data merge entity $(block_display_block_display) { transformation: [-0.2994682639427332f,-0.015832326478935163f,0.008252050011355287f,0.1083261507536596f,-0.01603762267148673f,0.2994788663251161f,-0.007429891228695947f,0.014517796809028982f,-0.007845607062077172f,-0.007857866306297567f,-0.29979443021333774f,0.3048423962357009f,0f,0f,0f,1f], start_interpolation: 0, interpolation_duration: 1 }
$data merge entity $(block_display_block_display1) { transformation: [-0.1497341319713666f,-0.007916163239467582f,0.004126025005677643f,0.03088031913942778f,-0.008018811335743364f,0.14973943316255806f,-0.0037149456143479734f,0.012830232150124798f,-0.003922803531038586f,-0.0039289331531487835f,-0.14989721510666887f,0.3965667539118494f,0f,0f,0f,1f], start_interpolation: 0, interpolation_duration: 1 }
$data merge entity $(block_display_block_display2) { transformation: [-0.1497341319713666f,-0.007916163239467582f,0.004126025005677643f,0.040335793110772386f,-0.008018811335743364f,0.14973943316255806f,-0.0037149456143479734f,0.004316815117244022f,-0.003922803531038586f,-0.0039289331531487835f,-0.14989721510666887f,0.0530523026257333f,0f,0f,0f,1f], start_interpolation: 0, interpolation_duration: 1 }
$data merge entity $(bone_upper) { transformation: [-0.9982275464757773f,-0.05277442159645055f,0.027506833371184293f,-1.3777276490407726e-18f,-0.05345874223828909f,0.9982628877503871f,-0.02476630409565316f,-0.625f,-0.026152023540257245f,-0.026192887687658557f,-0.9993147673777925f,0.011250000000000001f,0f,0f,0f,1f], start_interpolation: 0, interpolation_duration: 1 }
$data merge entity $(bone_lower) { transformation: [-0.9972609476841366f,-0.052335956242943835f,-0.05226423163382661f,0f,-0.052264231633826735f,0.9986295347545738f,-0.0027390523158633317f,-0.625f,0.05233595624294371f,-6.192465694826609e-18f,-0.9986295347545738f,0f,0f,0f,0f,1f], start_interpolation: 0, interpolation_duration: 1 }
$data merge entity $(bone_front_left) { transformation: [-1f,4.3887416232765226e-17f,1.143306281056419e-16f,-6.888638245203863e-18f,0f,0.9335804264972017f,-0.3583679495453004f,-0.625f,-1.2246467991473532e-16f,-0.3583679495453004f,-0.9335804264972017f,0.05625000000000001f,0f,0f,0f,1f], start_interpolation: 0, interpolation_duration: 1 }
$data merge entity $(bone_back_left) { transformation: [-1f,-9.60846804471011e-18f,1.220871621770789e-16f,0f,0f,0.996917333733128f,0.07845909572784496f,-0.625f,-1.2246467991473532e-16f,0.07845909572784496f,-0.996917333733128f,0f,0f,0f,0f,1f], start_interpolation: 0, interpolation_duration: 1 }
$data merge entity $(bone_front_right) { transformation: [-1f,-1.5984848350717836e-17f,1.2141697760125282e-16f,0f,0f,0.9914448613738104f,0.1305261922200516f,-0.625f,-1.2246467991473532e-16f,0.1305261922200516f,-0.9914448613738104f,0f,0f,0f,0f,1f], start_interpolation: 0, interpolation_duration: 1 }
$data merge entity $(bone_back_right) { transformation: [-1f,3.205751595668258e-18f,1.2242271432755217e-16f,0f,0f,0.9996573249755573f,-0.026176948307873153f,-0.60625f,-1.2246467991473532e-16f,-0.026176948307873153f,-0.9996573249755573f,0f,0f,0f,0f,1f], start_interpolation: 0, interpolation_duration: 1 }