# This file was generated by Animated Java via MC-Build. It is not recommended to edit this file directly.
$data merge entity $(block_display_block_display3) { transformation: [-0.39939097545578406f,-0.009873322856147893f,0.019732364791266506f,0.18071928565528034f,-0.02093119408932525f,0.28271343161408946f,-0.28219674112041154f,-0.16491134786612438f,-0.006980962574913452f,-0.28279963415952974f,-0.2827996341595297f,-0.24646953869109606f,0f,0f,0f,1f], start_interpolation: 0, interpolation_duration: 1 }
$data merge entity $(bone_body) { transformation: [-0.99847743863946f,-0.052335956242943814f,0.01742848852081228f,-1.5308084989341912e-18f,-0.05232798522331312f,0.9986295347545738f,0.0009133883796357406f,-0.625f,-0.01745240643728363f,-6.409306129323708e-18f,-0.9998476951563913f,0.012499999999999997f,0f,0f,0f,1f], start_interpolation: 0, interpolation_duration: 1 }
$data merge entity $(block_display_block_display) { transformation: [-0.2997636098847485f,-0.010605291928496423f,0.005413499051047611f,0.12226116647672872f,-0.01069661579456734f,0.2997666945540389f,-0.005050865934562213f,0.010018347193063715f,-0.005230736029254129f,-0.005239906416805279f,-0.2999086240529528f,0.30535561670033873f,0f,0f,0f,1f], start_interpolation: 0, interpolation_duration: 1 }
$data merge entity $(block_display_block_display1) { transformation: [-0.14988180494237424f,-0.005302645964248212f,0.0027067495255238055f,0.045628545552089214f,-0.00534830789728367f,0.14988334727701946f,-0.0025254329672811065f,0.008922588848972568f,-0.0026153680146270646f,-0.0026199532084026397f,-0.1499543120264764f,0.39776937770957277f,0f,0f,0f,1f], start_interpolation: 0, interpolation_duration: 1 }
$data merge entity $(block_display_block_display2) { transformation: [-0.14988180494237424f,-0.005302645964248212f,0.0027067495255238055f,0.05183151321474794f,-0.00534830789728367f,0.14988334727701946f,-0.0025254329672811065f,0.0031351382989532883f,-0.0026153680146270646f,-0.0026199532084026397f,-0.1499543120264764f,0.0541240793155643f,0f,0f,0f,1f], start_interpolation: 0, interpolation_duration: 1 }
$data merge entity $(bone_upper) { transformation: [-0.9992120329491616f,-0.03535097309498808f,0.01804499683682537f,-9.184850993605146e-19f,-0.035655385981891136f,0.9992223151801298f,-0.016836219781874044f,-0.625f,-0.017435786764180432f,-0.017466354722684267f,-0.9996954135098427f,0.007499999999999998f,0f,0f,0f,1f], start_interpolation: 0, interpolation_duration: 1 }
$data merge entity $(bone_lower) { transformation: [-0.9987820251299121f,-0.03489949670250097f,-0.03487823687206252f,0f,-0.034878236872062644f,0.9993908270190958f,-0.0012179748700878756f,-0.625f,0.034899496702500844f,-4.273955692857142e-18f,-0.9993908270190958f,0f,0f,0f,0f,1f], start_interpolation: 0, interpolation_duration: 1 }
$data merge entity $(bone_front_left) { transformation: [-1f,2.9626887508979314e-17f,1.1882695554102554e-16f,-4.5924254968025736e-18f,0f,0.9702957262759965f,-0.24192189559966765f,-0.625f,-1.2246467991473532e-16f,-0.24192189559966765f,-0.9702957262759965f,0.03749999999999999f,0f,0f,0f,1f], start_interpolation: 0, interpolation_duration: 1 }
$data merge entity $(bone_back_left) { transformation: [-1f,-6.409306129323708e-18f,1.2229684632711994e-16f,0f,0f,0.9986295347545738f,0.052335956242943814f,-0.625f,-1.2246467991473532e-16f,0.052335956242943814f,-0.9986295347545738f,0f,0f,0f,0f,1f], start_interpolation: 0, interpolation_duration: 1 }
$data merge entity $(bone_front_right) { transformation: [-1f,-1.0673500138322972e-17f,1.2199866483456202e-16f,0f,0f,0.9961946980917455f,0.08715574274765817f,-0.625f,-1.2246467991473532e-16f,0.08715574274765817f,-0.9961946980917455f,0f,0f,0f,0f,1f], start_interpolation: 0, interpolation_duration: 1 }
$data merge entity $(bone_back_right) { transformation: [-1f,2.137303368083791e-18f,1.2244602795081332e-16f,0f,0f,0.9998476951563913f,-0.017452406437283508f,-0.6125f,-1.2246467991473532e-16f,-0.017452406437283508f,-0.9998476951563913f,0f,0f,0f,0f,1f], start_interpolation: 0, interpolation_duration: 1 }