# This file was generated by Animated Java via MC-Build. It is not recommended to edit this file directly.
$data merge entity $(block_display_block_display3) { transformation: [-0.39984770443509743f,-0.0049365678960048825f,0.00987135023140858f,0.19043415607631545f,-0.010470380627956898f,0.28281040025280624f,-0.28268117842961044f,-0.16985904950400033f,-0.003490614199349623f,-0.2828319426908065f,-0.28283194269080647f,-0.25449469770467026f,0f,0f,0f,1f], start_interpolation: 0, interpolation_duration: 1 }
$data merge entity $(bone_body) { transformation: [-0.9996192610877435f,-0.026176948307873153f,0.008723545132608854f,-7.654042494670956e-19f,-0.026175951569892244f,0.9996573249755573f,0.0002284340686477546f,-0.625f,-0.008726535498374058f,-3.2193041228243266e-18f,-0.9999619230641713f,0.006249999999999999f,0f,0f,0f,1f], start_interpolation: 0, interpolation_duration: 1 }
$data merge entity $(block_display_block_display) { transformation: [-0.299940893022629f,-0.005326925671365541f,0.0026616828660776895f,0.1361555501035151f,-0.00534976849911066f,0.2999412569465946f,-0.002573394315458677f,0.005179509585324871f,-0.0026154674140099793f,-0.0026203519207653255f,-0.299977154273484f,0.3058253455262588f,0f,0f,0f,1f], start_interpolation: 0, interpolation_duration: 1 }
$data merge entity $(block_display_block_display1) { transformation: [-0.1499704465113145f,-0.0026634628356827705f,0.0013308414330388447f,0.06033855095220858f,-0.00267488424955533f,0.1499706284732973f,-0.0012866971577293385f,0.004646253184128035f,-0.0013077337070049897f,-0.0013101759603826627f,-0.149988577136742f,0.3989143393832198f,0f,0f,0f,1f], start_interpolation: 0, interpolation_duration: 1 }
$data merge entity $(block_display_block_display2) { transformation: [-0.1499704465113145f,-0.0026634628356827705f,0.0013308414330388447f,0.0633883959029226f,-0.00267488424955533f,0.1499706284732973f,-0.0012866971577293385f,0.001697572197664976f,-0.0013077337070049897f,-0.0013101759603826627f,-0.149988577136742f,0.055190516778186094f,0f,0f,0f,1f], start_interpolation: 0, interpolation_duration: 1 }
$data merge entity $(bone_upper) { transformation: [-0.9998029767420967f,-0.017756418904551804f,0.008872276220258966f,-4.592425496802574e-19f,-0.0178325616637022f,0.999804189821982f,-0.008577981051528924f,-0.625f,-0.008718224713366599f,-0.008734506402551086f,-0.9999238475782799f,0.00375f,0f,0f,0f,1f], start_interpolation: 0, interpolation_duration: 1 }
$data merge entity $(bone_lower) { transformation: [-0.9996954135095478f,-0.01745240643728351f,-0.017449748351250367f,0f,-0.017449748351250488f,0.9998476951563913f,-0.000304586490452135f,-0.625f,0.01745240643728339f,-2.164408422395929e-18f,-0.9998476951563913f,0f,0f,0f,0f,1f], start_interpolation: 0, interpolation_duration: 1 }
$data merge entity $(bone_front_left) { transformation: [-1f,1.4924690131530345e-17f,1.2155184676135683e-16f,-2.296212748401286e-18f,0f,0.992546151641322f,-0.12186934340514746f,-0.625f,-1.2246467991473532e-16f,-0.12186934340514746f,-0.992546151641322f,0.01874999999999999f,0f,0f,0f,1f], start_interpolation: 0, interpolation_duration: 1 }
$data merge entity $(bone_back_left) { transformation: [-1f,-3.2057515956682574e-18f,1.2242271432755217e-16f,0f,0f,0.9996573249755573f,0.02617694830787315f,-0.625f,-1.2246467991473532e-16f,0.02617694830787315f,-0.9996573249755573f,0f,0f,0f,0f,1f], start_interpolation: 0, interpolation_duration: 1 }
$data merge entity $(bone_front_right) { transformation: [-1f,-5.341834311772723e-18f,1.223481206754078e-16f,0f,0f,0.9990482215818578f,0.043619387365336f,-0.625f,-1.2246467991473532e-16f,0.043619387365336f,-0.9990482215818578f,0f,0f,0f,0f,1f], start_interpolation: 0, interpolation_duration: 1 }
$data merge entity $(bone_back_right) { transformation: [-1f,1.0686923765729392e-18f,1.2246001683497691e-16f,0f,0f,0.9999619230641713f,-0.008726535498373935f,-0.61875f,-1.2246467991473532e-16f,-0.008726535498373935f,-0.9999619230641713f,0f,0f,0f,0f,1f], start_interpolation: 0, interpolation_duration: 1 }