# This file was generated by Animated Java via MC-Build. It is not recommended to edit this file directly.
$data merge entity $(bone_head) { transformation: [-0.9997620270799091f,0.02181488503456112f,1.2246467991473532e-16f,0f,0.02181488503456112f,0.9997620270799091f,0f,-1.125f,-1.22435536637248e-16f,2.6715529131342774e-18f,-1f,0f,0f,0f,0f,1f], start_interpolation: 0, interpolation_duration: 1 }
$data merge entity $(bone_clothing) { transformation: [-0.9997620270799091f,0.02181488503456112f,1.2246467991473532e-16f,0f,0.02181488503456112f,0.9997620270799091f,0f,-1.125f,-1.22435536637248e-16f,2.6715529131342774e-18f,-1f,0f,0f,0f,0f,1f], start_interpolation: 0, interpolation_duration: 1 }
$data merge entity $(bone_left_leg) { transformation: [-1f,1.0673500138322974e-17f,1.2199866483456202e-16f,-3.827021247335479e-18f,0f,0.9961946980917455f,-0.08715574274765818f,-1.125f,-1.2246467991473532e-16f,-0.08715574274765818f,-0.9961946980917455f,0.03125f,0f,0f,0f,1f], start_interpolation: 0, interpolation_duration: 1 }
$data merge entity $(bone_nose) { transformation: [-0.9997620270799091f,-0.02181488503456112f,1.2246467991473532e-16f,0.03125f,-0.02181488503456112f,0.9997620270799091f,0f,-1.125f,-1.22435536637248e-16f,-2.6715529131342774e-18f,-1f,3.827021247335479e-18f,0f,0f,0f,1f], start_interpolation: 0, interpolation_duration: 1 }
$data merge entity $(bone_right_leg) { transformation: [-1f,-1.0673500138322974e-17f,1.2199866483456202e-16f,3.827021247335479e-18f,0f,0.9961946980917455f,0.08715574274765818f,-1.125f,-1.2246467991473532e-16f,0.08715574274765818f,-0.9961946980917455f,-0.03125f,0f,0f,0f,1f], start_interpolation: 0, interpolation_duration: 1 }
$data merge entity $(bone_left_arm) { transformation: [-0.9997620262264896f,0.02180973285960259f,-0.00047588664284346945f,3.827021247335479e-18f,0.02173195135154029f,0.9976232621524739f,0.06538768311165831f,-1.125f,0.0019008434860219067f,0.065361780612596f,-0.9978598220337326f,-0.03125f,0f,0f,0f,1f], start_interpolation: 0, interpolation_duration: 1 }
$data merge entity $(bone_right_arm) { transformation: [-0.9997620262264896f,0.021809732859602603f,0.0004758866428437138f,-3.827021247335479e-18f,0.02173195135154029f,0.9976232621524739f,-0.06538768311165831f,-1.125f,-0.0019008434860221517f,-0.065361780612596f,-0.9978598220337326f,0.03125f,0f,0f,0f,1f], start_interpolation: 0, interpolation_duration: 1 }