# This file was generated by Animated Java via MC-Build. It is not recommended to edit this file directly.
$data merge entity $(bone_head) { transformation: [-0.9998476951563913f,0.017452406437283508f,1.2246467991473532e-16f,0f,0.017452406437283508f,0.9998476951563913f,0f,-1.125f,-1.2244602795081332e-16f,2.137303368083791e-18f,-1f,0f,0f,0f,0f,1f], start_interpolation: 0, interpolation_duration: 1 }
$data merge entity $(bone_clothing) { transformation: [-0.9998476951563913f,0.017452406437283508f,1.2246467991473532e-16f,0f,0.017452406437283508f,0.9998476951563913f,0f,-1.125f,-1.2244602795081332e-16f,2.137303368083791e-18f,-1f,0f,0f,0f,0f,1f], start_interpolation: 0, interpolation_duration: 1 }
$data merge entity $(bone_left_leg) { transformation: [-1f,8.542704229054942e-18f,1.221663621095163e-16f,-3.0616169978683824e-18f,0f,0.9975640502598242f,-0.06975647374412529f,-1.125f,-1.2246467991473532e-16f,-0.06975647374412529f,-0.9975640502598242f,0.024999999999999994f,0f,0f,0f,1f], start_interpolation: 0, interpolation_duration: 1 }
$data merge entity $(bone_nose) { transformation: [-0.9998476951563913f,-0.017452406437283508f,1.2246467991473532e-16f,0.024999999999999994f,-0.017452406437283508f,0.9998476951563913f,0f,-1.125f,-1.2244602795081332e-16f,-2.137303368083791e-18f,-1f,3.0616169978683824e-18f,0f,0f,0f,1f], start_interpolation: 0, interpolation_duration: 1 }
$data merge entity $(bone_right_leg) { transformation: [-1f,-8.542704229054942e-18f,1.221663621095163e-16f,3.0616169978683824e-18f,0f,0.9975640502598242f,0.06975647374412529f,-1.125f,-1.2246467991473532e-16f,0.06975647374412529f,-0.9975640502598242f,-0.024999999999999994f,0f,0f,0f,1f], start_interpolation: 0, interpolation_duration: 1 }
$data merge entity $(bone_left_arm) { transformation: [-0.9998476945446493f,0.017441812048621306f,-0.0006090206978162675f,3.0616169978683824e-18f,0.017386065136591706f,0.9984789388467807f,0.052321443199446344f,-1.125f,0.0015206751184886713f,0.05230288588469348f,-0.998630109537719f,-0.024999999999999994f,0f,0f,0f,1f], start_interpolation: 0, interpolation_duration: 1 }
$data merge entity $(bone_right_arm) { transformation: [-0.9998476945446493f,0.01744181204862132f,0.0006090206978165121f,-3.0616169978683824e-18f,0.017386065136591706f,0.9984789388467807f,-0.052321443199446344f,-1.125f,-0.0015206751184889164f,-0.05230288588469348f,-0.998630109537719f,0.024999999999999994f,0f,0f,0f,1f], start_interpolation: 0, interpolation_duration: 1 }