# This file was generated by Animated Java via MC-Build. It is not recommended to edit this file directly.
$data merge entity $(bone_head) { transformation: [-0.9999619230641713f,0.008726535498373935f,1.2246467991473532e-16f,0f,0.008726535498373935f,0.9999619230641713f,0f,-1.125f,-1.2246001683497691e-16f,1.0686923765729392e-18f,-1f,0f,0f,0f,0f,1f], start_interpolation: 0, interpolation_duration: 1 }
$data merge entity $(bone_clothing) { transformation: [-0.9999619230641713f,0.008726535498373935f,1.2246467991473532e-16f,0f,0.008726535498373935f,0.9999619230641713f,0f,-1.125f,-1.2246001683497691e-16f,1.0686923765729392e-18f,-1f,0f,0f,0f,0f,1f], start_interpolation: 0, interpolation_duration: 1 }
$data merge entity $(bone_left_leg) { transformation: [-1f,4.273955692857142e-18f,1.2239007774061617e-16f,-1.5308084989341916e-18f,0f,0.9993908270190958f,-0.03489949670250097f,-1.125f,-1.2246467991473532e-16f,-0.03489949670250097f,-0.9993908270190958f,0.0125f,0f,0f,0f,1f], start_interpolation: 0, interpolation_duration: 1 }
$data merge entity $(bone_nose) { transformation: [-0.9999619230641713f,-0.008726535498373935f,1.2246467991473532e-16f,0.0125f,-0.008726535498373935f,0.9999619230641713f,0f,-1.125f,-1.2246001683497691e-16f,-1.0686923765729392e-18f,-1f,1.5308084989341916e-18f,0f,0f,0f,1f], start_interpolation: 0, interpolation_duration: 1 }
$data merge entity $(bone_right_leg) { transformation: [-1f,-4.273955692857142e-18f,1.2239007774061617e-16f,1.5308084989341916e-18f,0f,0.9993908270190958f,0.03489949670250097f,-1.125f,-1.2246467991473532e-16f,0.03489949670250097f,-0.9993908270190958f,-0.0125f,0f,0f,0f,1f], start_interpolation: 0, interpolation_duration: 1 }
$data merge entity $(bone_left_arm) { transformation: [-0.9999619228893838f,0.008710285892727921f,-0.0005326265418521746f,1.5308084989341916e-18f,0.008693368612219757f,0.9996198094307767f,0.02616604547404413f,-1.125f,0.0007603377790250883f,0.02616041882777525f,-0.9996574685227021f,-0.0125f,0f,0f,0f,1f], start_interpolation: 0, interpolation_duration: 1 }
$data merge entity $(bone_right_arm) { transformation: [-0.9999619228893838f,0.008710285892727928f,0.0005326265418524194f,-1.5308084989341916e-18f,0.008693368612219757f,0.9996198094307767f,-0.02616604547404413f,-1.125f,-0.0007603377790253331f,-0.02616041882777525f,-0.9996574685227021f,0.0125f,0f,0f,0f,1f], start_interpolation: 0, interpolation_duration: 1 }