# This file was generated by Animated Java via MC-Build. It is not recommended to edit this file directly.
$data merge entity $(bone_head) { transformation: [-0.9999619230641713f,-0.008726535498373943f,1.2246467991473532e-16f,0f,-0.008726535498373943f,0.9999619230641713f,0f,-1.125f,-1.2246001683497691e-16f,-1.0686923765729403e-18f,-1f,0f,0f,0f,0f,1f], start_interpolation: 0, interpolation_duration: 1 }
$data merge entity $(bone_clothing) { transformation: [-0.9999619230641713f,-0.008726535498373943f,1.2246467991473532e-16f,0f,-0.008726535498373943f,0.9999619230641713f,0f,-1.125f,-1.2246001683497691e-16f,-1.0686923765729403e-18f,-1f,0f,0f,0f,0f,1f], start_interpolation: 0, interpolation_duration: 1 }
$data merge entity $(bone_left_leg) { transformation: [-1f,-4.2739556928571464e-18f,1.2239007774061617e-16f,1.530808498934193e-18f,0f,0.9993908270190958f,0.034899496702501004f,-1.125f,-1.2246467991473532e-16f,0.034899496702501004f,-0.9993908270190958f,-0.012500000000000011f,0f,0f,0f,1f], start_interpolation: 0, interpolation_duration: 1 }
$data merge entity $(bone_nose) { transformation: [-0.9999619230641713f,0.008726535498373943f,1.2246467991473532e-16f,-0.012500000000000011f,0.008726535498373943f,0.9999619230641713f,0f,-1.125f,-1.2246001683497691e-16f,1.0686923765729403e-18f,-1f,-1.530808498934193e-18f,0f,0f,0f,1f], start_interpolation: 0, interpolation_duration: 1 }
$data merge entity $(bone_right_leg) { transformation: [-1f,4.2739556928571464e-18f,1.2239007774061617e-16f,-1.530808498934193e-18f,0f,0.9993908270190958f,-0.034899496702501004f,-1.125f,-1.2246467991473532e-16f,-0.034899496702501004f,-0.9993908270190958f,0.012500000000000011f,0f,0f,0f,1f], start_interpolation: 0, interpolation_duration: 1 }
$data merge entity $(bone_left_arm) { transformation: [-0.99996192302014f,-0.008723551698053205f,-0.00022837608269677377f,-7.654042494670965e-19f,-0.008718239872242814f,0.9998097832251757f,-0.017446766484286263f,-1.125f,0.00038053041112440933f,-0.01744411112664018f,-0.9998477675044375f,0.0062500000000000056f,0f,0f,0f,1f], start_interpolation: 0, interpolation_duration: 1 }
$data merge entity $(bone_right_arm) { transformation: [-0.99996192302014f,-0.008723551698053209f,0.00022837608269701864f,1.530808498934193e-18f,-0.008718239872242814f,0.9998097832251757f,0.017446766484286263f,-1.125f,-0.00038053041112465425f,0.01744411112664018f,-0.9998477675044375f,-0.012500000000000011f,0f,0f,0f,1f], start_interpolation: 0, interpolation_duration: 1 }