# This file was generated by Animated Java via MC-Build. It is not recommended to edit this file directly.
$data merge entity $(bone_head) { transformation: [-0.9992290362407229f,-0.0392598157590686f,1.2246467991473532e-16f,0f,-0.0392598157590686f,0.9992290362407229f,0f,-1.125f,-1.223702640847296e-16f,-4.807940770445818e-18f,-1f,0f,0f,0f,0f,1f], start_interpolation: 0, interpolation_duration: 1 }
$data merge entity $(bone_clothing) { transformation: [-0.9992290362407229f,-0.0392598157590686f,1.2246467991473532e-16f,0f,-0.0392598157590686f,0.9992290362407229f,0f,-1.125f,-1.223702640847296e-16f,-4.807940770445818e-18f,-1f,0f,0f,0f,0f,1f], start_interpolation: 0, interpolation_duration: 1 }
$data merge entity $(bone_left_leg) { transformation: [-1f,-1.9157696688784726e-17f,1.2095693648649962e-16f,6.888638245203861e-18f,0f,0.9876883405951378f,0.15643446504023087f,-1.125f,-1.2246467991473532e-16f,0.15643446504023087f,-0.9876883405951378f,-0.056249999999999994f,0f,0f,0f,1f], start_interpolation: 0, interpolation_duration: 1 }
$data merge entity $(bone_nose) { transformation: [-0.9992290362407229f,0.0392598157590686f,1.2246467991473532e-16f,-0.056249999999999994f,0.0392598157590686f,0.9992290362407229f,0f,-1.125f,-1.223702640847296e-16f,4.807940770445818e-18f,-1f,-6.888638245203861e-18f,0f,0f,0f,1f], start_interpolation: 0, interpolation_duration: 1 }
$data merge entity $(bone_right_leg) { transformation: [-1f,1.9157696688784726e-17f,1.2095693648649962e-16f,-6.888638245203861e-18f,0f,0.9876883405951378f,-0.15643446504023087f,-1.125f,-1.2246467991473532e-16f,-0.15643446504023087f,-0.9876883405951378f,0.056249999999999994f,0f,0f,0f,1f], start_interpolation: 0, interpolation_duration: 1 }
$data merge entity $(bone_left_arm) { transformation: [-0.9992290360642746f,-0.039235905737315856f,0.0013701047525697435f,-3.4443191226019306e-18f,-0.03922245810834428f,0.9961478656212193f,-0.07842849353537544f,-1.125f,0.0017123860545238377f,-0.0784217668715881f,-0.9969188002113003f,0.028124999999999997f,0f,0f,0f,1f], start_interpolation: 0, interpolation_duration: 1 }
$data merge entity $(bone_right_arm) { transformation: [-0.9992290360642746f,-0.03923590573731587f,-0.0013701047525694994f,6.888638245203861e-18f,-0.03922245810834428f,0.9961478656212193f,0.07842849353537544f,-1.125f,-0.0017123860545240823f,0.0784217668715881f,-0.9969188002113003f,-0.056249999999999994f,0f,0f,0f,1f], start_interpolation: 0, interpolation_duration: 1 }