# This file was generated by Animated Java via MC-Build. It is not recommended to edit this file directly.
$data merge entity $(bone_head) { transformation: [-0.9995335908367129f,-0.030538513209822666f,1.2246467991473532e-16f,0f,-0.030538513209822666f,0.9995335908367129f,0f,-1.125f,-1.2240756126584407e-16f,-3.739889245312849e-18f,-1f,0f,0f,0f,0f,1f], start_interpolation: 0, interpolation_duration: 1 }
$data merge entity $(bone_clothing) { transformation: [-0.9995335908367129f,-0.030538513209822666f,1.2246467991473532e-16f,0f,-0.030538513209822666f,0.9995335908367129f,0f,-1.125f,-1.2240756126584407e-16f,-3.739889245312849e-18f,-1f,0f,0f,0f,0f,1f], start_interpolation: 0, interpolation_duration: 1 }
$data merge entity $(bone_left_leg) { transformation: [-1f,-1.4924690131530348e-17f,1.2155184676135683e-16f,5.3578297462696715e-18f,0f,0.992546151641322f,0.1218693434051475f,-1.125f,-1.2246467991473532e-16f,0.1218693434051475f,-0.992546151641322f,-0.04375000000000001f,0f,0f,0f,1f], start_interpolation: 0, interpolation_duration: 1 }
$data merge entity $(bone_nose) { transformation: [-0.9995335908367129f,0.030538513209822666f,1.2246467991473532e-16f,-0.04375000000000001f,0.030538513209822666f,0.9995335908367129f,0f,-1.125f,-1.2240756126584407e-16f,3.739889245312849e-18f,-1f,-5.3578297462696715e-18f,0f,0f,0f,1f], start_interpolation: 0, interpolation_duration: 1 }
$data merge entity $(bone_right_leg) { transformation: [-1f,1.4924690131530348e-17f,1.2155184676135683e-16f,-5.3578297462696715e-18f,0f,0.992546151641322f,-0.1218693434051475f,-1.125f,-1.2246467991473532e-16f,-0.1218693434051475f,-0.992546151641322f,0.04375000000000001f,0f,0f,0f,1f], start_interpolation: 0, interpolation_duration: 1 }
$data merge entity $(bone_left_arm) { transformation: [-0.999533590550188f,-0.03053387230022178f,0.0005329204471102095f,-2.6789148731348358e-18f,-0.03050946609232097f,0.9976694355021531f,-0.061031712605633386f,-1.125f,0.0013318560773282477f,-0.06101950595644692f,-0.9981356851912572f,0.021875000000000006f,0f,0f,0f,1f], start_interpolation: 0, interpolation_duration: 1 }
$data merge entity $(bone_right_arm) { transformation: [-0.999533590550188f,-0.030533872300221795f,-0.0005329204471099651f,5.3578297462696715e-18f,-0.03050946609232097f,0.9976694355021531f,0.061031712605633386f,-1.125f,-0.0013318560773284928f,0.06101950595644691f,-0.9981356851912572f,-0.04375000000000001f,0f,0f,0f,1f], start_interpolation: 0, interpolation_duration: 1 }