# This file was generated by Animated Java via MC-Build. It is not recommended to edit this file directly.
$data merge entity $(bone_head) { transformation: [-0.9998476951563913f,0.01745240643728351f,1.2246467991473532e-16f,0f,0.01745240643728351f,0.9998476951563913f,0f,-1.125f,-1.2244602795081332e-16f,2.1373033680837913e-18f,-1f,0f,0f,0f,0f,1f], start_interpolation: 0, interpolation_duration: 1 }
$data merge entity $(bone_clothing) { transformation: [-0.9998476951563913f,0.01745240643728351f,1.2246467991473532e-16f,0f,0.01745240643728351f,0.9998476951563913f,0f,-1.125f,-1.2244602795081332e-16f,2.1373033680837913e-18f,-1f,0f,0f,0f,0f,1f], start_interpolation: 0, interpolation_duration: 1 }
$data merge entity $(bone_left_leg) { transformation: [-1f,8.542704229054943e-18f,1.221663621095163e-16f,-3.061616997868383e-18f,0f,0.9975640502598242f,-0.0697564737441253f,-1.125f,-1.2246467991473532e-16f,-0.0697564737441253f,-0.9975640502598242f,0.025f,0f,0f,0f,1f], start_interpolation: 0, interpolation_duration: 1 }
$data merge entity $(bone_nose) { transformation: [-0.9998476951563913f,-0.01745240643728351f,1.2246467991473532e-16f,0.025f,-0.01745240643728351f,0.9998476951563913f,0f,-1.125f,-1.2244602795081332e-16f,-2.1373033680837913e-18f,-1f,3.061616997868383e-18f,0f,0f,0f,1f], start_interpolation: 0, interpolation_duration: 1 }
$data merge entity $(bone_right_leg) { transformation: [-1f,-8.542704229054943e-18f,1.221663621095163e-16f,3.061616997868383e-18f,0f,0.9975640502598242f,0.0697564737441253f,-1.125f,-1.2246467991473532e-16f,0.0697564737441253f,-0.9975640502598242f,-0.025f,0f,0f,0f,1f], start_interpolation: 0, interpolation_duration: 1 }
$data merge entity $(bone_left_arm) { transformation: [-0.9998476945446493f,0.01744181204862131f,-0.0006090206978162673f,3.061616997868383e-18f,0.01738606513659171f,0.9984789388467807f,0.052321443199446364f,-1.125f,0.0015206751184886715f,0.0523028858846935f,-0.998630109537719f,-0.025f,0f,0f,0f,1f], start_interpolation: 0, interpolation_duration: 1 }
$data merge entity $(bone_right_arm) { transformation: [-0.9998476945446493f,0.017441812048621323f,0.0006090206978165119f,-3.061616997868383e-18f,0.01738606513659171f,0.9984789388467807f,-0.052321443199446364f,-1.125f,-0.0015206751184889166f,-0.0523028858846935f,-0.998630109537719f,0.025f,0f,0f,0f,1f], start_interpolation: 0, interpolation_duration: 1 }