# This file was generated by Animated Java via MC-Build. It is not recommended to edit this file directly.
$data merge entity $(bone_head) { transformation: [-0.9995335908367129f,0.030538513209822656f,1.2246467991473532e-16f,0f,0.030538513209822656f,0.9995335908367129f,0f,-1.125f,-1.2240756126584407e-16f,3.739889245312848e-18f,-1f,0f,0f,0f,0f,1f], start_interpolation: 0, interpolation_duration: 1 }
$data merge entity $(bone_clothing) { transformation: [-0.9995335908367129f,0.030538513209822656f,1.2246467991473532e-16f,0f,0.030538513209822656f,0.9995335908367129f,0f,-1.125f,-1.2240756126584407e-16f,3.739889245312848e-18f,-1f,0f,0f,0f,0f,1f], start_interpolation: 0, interpolation_duration: 1 }
$data merge entity $(bone_left_leg) { transformation: [-1f,1.4924690131530345e-17f,1.2155184676135683e-16f,-5.35782974626967e-18f,0f,0.992546151641322f,-0.12186934340514746f,-1.125f,-1.2246467991473532e-16f,-0.12186934340514746f,-0.992546151641322f,0.04375f,0f,0f,0f,1f], start_interpolation: 0, interpolation_duration: 1 }
$data merge entity $(bone_nose) { transformation: [-0.9995335908367129f,-0.030538513209822656f,1.2246467991473532e-16f,0.04375f,-0.030538513209822656f,0.9995335908367129f,0f,-1.125f,-1.2240756126584407e-16f,-3.739889245312848e-18f,-1f,5.35782974626967e-18f,0f,0f,0f,1f], start_interpolation: 0, interpolation_duration: 1 }
$data merge entity $(bone_right_leg) { transformation: [-1f,-1.4924690131530345e-17f,1.2155184676135683e-16f,5.35782974626967e-18f,0f,0.992546151641322f,0.12186934340514746f,-1.125f,-1.2246467991473532e-16f,0.12186934340514746f,-0.992546151641322f,-0.04375f,0f,0f,0f,1f], start_interpolation: 0, interpolation_duration: 1 }
$data merge entity $(bone_left_arm) { transformation: [-0.9995335896993304f,0.030538260157849266f,0.00013315142555132817f,5.35782974626967e-18f,0.03042237971100396f,0.9953418840120615f,0.09148230836636925f,-1.125f,0.002661179341965624f,0.09144369085864532f,-0.9958066928509058f,-0.04375f,0f,0f,0f,1f], start_interpolation: 0, interpolation_duration: 1 }
$data merge entity $(bone_right_arm) { transformation: [-0.9995335896993304f,0.030538260157849287f,-0.00013315142555108428f,-5.35782974626967e-18f,0.03042237971100396f,0.9953418840120615f,-0.09148230836636925f,-1.125f,-0.0026611793419658684f,-0.09144369085864532f,-0.9958066928509058f,0.04375f,0f,0f,0f,1f], start_interpolation: 0, interpolation_duration: 1 }