# This file was generated by Animated Java via MC-Build. It is not recommended to edit this file directly.
$data merge entity $(bone_head) { transformation: [-0.9992290362407229f,0.0392598157590686f,1.2246467991473532e-16f,0f,0.0392598157590686f,0.9992290362407229f,0f,-1.125f,-1.223702640847296e-16f,4.807940770445818e-18f,-1f,0f,0f,0f,0f,1f], start_interpolation: 0, interpolation_duration: 1 }
$data merge entity $(bone_clothing) { transformation: [-0.9992290362407229f,0.0392598157590686f,1.2246467991473532e-16f,0f,0.0392598157590686f,0.9992290362407229f,0f,-1.125f,-1.223702640847296e-16f,4.807940770445818e-18f,-1f,0f,0f,0f,0f,1f], start_interpolation: 0, interpolation_duration: 1 }
$data merge entity $(bone_left_leg) { transformation: [-1f,1.9157696688784726e-17f,1.2095693648649962e-16f,-6.888638245203862e-18f,0f,0.9876883405951378f,-0.15643446504023087f,-1.125f,-1.2246467991473532e-16f,-0.15643446504023087f,-0.9876883405951378f,0.05625f,0f,0f,0f,1f], start_interpolation: 0, interpolation_duration: 1 }
$data merge entity $(bone_nose) { transformation: [-0.9992290362407229f,-0.0392598157590686f,1.2246467991473532e-16f,0.05625f,-0.0392598157590686f,0.9992290362407229f,0f,-1.125f,-1.223702640847296e-16f,-4.807940770445818e-18f,-1f,6.888638245203862e-18f,0f,0f,0f,1f], start_interpolation: 0, interpolation_duration: 1 }
$data merge entity $(bone_right_leg) { transformation: [-1f,-1.9157696688784726e-17f,1.2095693648649962e-16f,6.888638245203862e-18f,0f,0.9876883405951378f,0.15643446504023087f,-1.125f,-1.2246467991473532e-16f,0.15643446504023087f,-0.9876883405951378f,-0.05625f,0f,0f,0f,1f], start_interpolation: 0, interpolation_duration: 1 }
$data merge entity $(bone_left_arm) { transformation: [-0.9992290355403227f,0.039241525034557516f,0.0011988520002926967f,6.888638245203862e-18f,0.03911045611386601f,0.9923016584428918f,0.11750655672792026f,-1.125f,0.0034215136594453136f,0.11746285099744846f,-0.9930713830736587f,-0.05625f,0f,0f,0f,1f], start_interpolation: 0, interpolation_duration: 1 }
$data merge entity $(bone_right_arm) { transformation: [-0.9992290355403227f,0.039241525034557544f,-0.0011988520002924534f,-6.888638245203862e-18f,0.03911045611386601f,0.9923016584428918f,-0.11750655672792026f,-1.125f,-0.003421513659445558f,-0.11746285099744846f,-0.9930713830736587f,0.05625f,0f,0f,0f,1f], start_interpolation: 0, interpolation_duration: 1 }