# This file was generated by Animated Java via MC-Build. It is not recommended to edit this file directly.
$data merge entity $(item_display_item_display) {transformation: [0f,0f,0f,-0.1205f,0f,0f,0f,-0.1543f,0f,0f,0f,0.5025f,0f,0f,0f,1f],start_interpolation: 0,interpolation_duration: 2}
$data merge entity $(bone_emissive_head) {transformation: [0.9867f,0.073f,-0.145f,-0.0043f,-0.0115f,0.9223f,0.3863f,0.0704f,0.1619f,-0.3795f,0.9109f,-0.1893f,0f,0f,0f,1f],start_interpolation: 0,interpolation_duration: 2}
$data merge entity $(bone_head) {transformation: [0.9867f,0.073f,-0.145f,-0.0028f,-0.0115f,0.9223f,0.3863f,0.0896f,0.1619f,-0.3795f,0.9109f,-0.1972f,0f,0f,0f,1f],start_interpolation: 0,interpolation_duration: 2}
$data merge entity $(bone_emissive_body) {transformation: [0.9867f,0.0433f,-0.1564f,-0.0406f,-0.0115f,0.98f,0.1989f,-0.45f,0.1619f,-0.1945f,0.9675f,-0.0052f,0f,0f,0f,1f],start_interpolation: 0,interpolation_duration: 2}
$data merge entity $(bone_body) {transformation: [0.9867f,0.0433f,-0.1564f,-0.0386f,-0.0115f,0.98f,0.1989f,-0.404f,0.1619f,-0.1945f,0.9675f,-0.0143f,0f,0f,0f,1f],start_interpolation: 0,interpolation_duration: 2}
$data merge entity $(bone_emissive_left_arm) {transformation: [0.7905f,0.3582f,-0.4968f,-0.4657f,-0.2249f,0.9243f,0.3085f,-0.1483f,0.5696f,-0.1321f,0.8112f,-0.2329f,0f,0f,0f,1f],start_interpolation: 0,interpolation_duration: 2}
$data merge entity $(bone_left_arm) {transformation: [0.7905f,0.3582f,-0.4968f,-0.5105f,-0.2249f,0.9243f,0.3085f,-0.2638f,0.5696f,-0.1321f,0.8112f,-0.2163f,0f,0f,0f,1f],start_interpolation: 0,interpolation_duration: 2}
$data merge entity $(bone_emissive_right_arm) {transformation: [0.834f,-0.2697f,-0.4815f,0.4279f,0.425f,0.8704f,0.2487f,-0.1478f,0.352f,-0.412f,0.8405f,-0.0152f,0f,0f,0f,1f],start_interpolation: 0,interpolation_duration: 2}
$data merge entity $(bone_right_arm) {transformation: [0.834f,-0.2697f,-0.4815f,0.4616f,0.425f,0.8704f,0.2487f,-0.2566f,0.352f,-0.412f,0.8405f,0.0363f,0f,0f,0f,1f],start_interpolation: 0,interpolation_duration: 2}
$data merge entity $(bone_right_leg) {transformation: [-1f,0f,0f,0.1563f,0f,0.9808f,-0.1951f,-0.6016f,0f,-0.1951f,-0.9808f,0.0469f,0f,0f,0f,1f],start_interpolation: 0,interpolation_duration: 2}
$data merge entity $(bone_left_leg) {transformation: [-1f,0f,0f,-0.1562f,0f,0.9808f,0.1951f,-0.6016f,0f,0.1951f,-0.9808f,-0.0469f,0f,0f,0f,1f],start_interpolation: 0,interpolation_duration: 2}