# This file was generated by Animated Java via MC-Build. It is not recommended to edit this file directly.
$data merge entity $(item_display_item_display) {transformation: [0f,0f,0f,-0.0173f,0f,0f,0f,-0.3403f,0f,0f,0f,0.5555f,0f,0f,0f,1f],start_interpolation: 0,interpolation_duration: 2}
$data merge entity $(bone_emissive_head) {transformation: [0.9996f,0.0037f,-0.0269f,-0.0009f,-0.0019f,0.9978f,0.0658f,-0.0393f,0.0271f,-0.0657f,0.9975f,-0.0304f,0f,0f,0f,1f],start_interpolation: 0,interpolation_duration: 2}
$data merge entity $(bone_head) {transformation: [0.9996f,0.0037f,-0.0269f,-0.0008f,-0.0019f,0.9978f,0.0658f,-0.0185f,0.0271f,-0.0657f,0.9975f,-0.0318f,0f,0f,0f,1f],start_interpolation: 0,interpolation_duration: 2}
$data merge entity $(bone_emissive_body) {transformation: [0.9996f,0.0028f,-0.027f,-0.0027f,-0.0019f,0.9994f,0.0331f,-0.5464f,0.0271f,-0.033f,0.9991f,-0.0003f,0f,0f,0f,1f],start_interpolation: 0,interpolation_duration: 2}
$data merge entity $(bone_body) {transformation: [0.9996f,0.0028f,-0.027f,-0.0025f,-0.0019f,0.9994f,0.0331f,-0.4995f,0.0271f,-0.033f,0.9991f,-0.0018f,0f,0f,0f,1f],start_interpolation: 0,interpolation_duration: 2}
$data merge entity $(bone_emissive_left_arm) {transformation: [0.9941f,0.0573f,-0.0922f,-0.4165f,-0.0541f,0.9979f,0.0367f,-0.3354f,0.0941f,-0.0315f,0.9951f,-0.0341f,0f,0f,0f,1f],start_interpolation: 0,interpolation_duration: 2}
$data merge entity $(bone_left_arm) {transformation: [0.9941f,0.0573f,-0.0922f,-0.4237f,-0.0541f,0.9979f,0.0367f,-0.4602f,0.0941f,-0.0315f,0.9951f,-0.0302f,0f,0f,0f,1f],start_interpolation: 0,interpolation_duration: 2}
$data merge entity $(bone_emissive_right_arm) {transformation: [0.9949f,-0.0635f,-0.0788f,0.4114f,0.0685f,0.9957f,0.0618f,-0.3368f,0.0745f,-0.0669f,0.995f,0f,0f,0f,0f,1f],start_interpolation: 0,interpolation_duration: 2}
$data merge entity $(bone_right_arm) {transformation: [0.9949f,-0.0635f,-0.0788f,0.4193f,0.0685f,0.9957f,0.0618f,-0.4613f,0.0745f,-0.0669f,0.995f,0.0083f,0f,0f,0f,1f],start_interpolation: 0,interpolation_duration: 2}
$data merge entity $(bone_right_leg) {transformation: [-1f,0f,0f,0.1563f,0f,0.9995f,-0.0327f,-0.6992f,0f,-0.0327f,-0.9995f,0.0078f,0f,0f,0f,1f],start_interpolation: 0,interpolation_duration: 2}
$data merge entity $(bone_left_leg) {transformation: [-1f,0f,0f,-0.1562f,0f,0.9995f,0.0327f,-0.6992f,0f,0.0327f,-0.9995f,-0.0078f,0f,0f,0f,1f],start_interpolation: 0,interpolation_duration: 2}