# This file was generated by Animated Java via MC-Build. It is not recommended to edit this file directly.
$data merge entity $(bone_head) {transformation: [0.9998f,-0.0052f,0.0212f,-0.0102f,0.0038f,0.9978f,0.0658f,-0.3857f,-0.0215f,-0.0657f,0.9976f,-0.0318f,0f,0f,0f,1f],start_interpolation: 0,interpolation_duration: 1}
$data merge entity $(bone_body) {transformation: [0.9998f,-0.0045f,0.0213f,-0.0077f,0.0038f,0.9994f,0.0331f,-0.8667f,-0.0215f,-0.033f,0.9992f,-0.0018f,0f,0f,0f,1f],start_interpolation: 0,interpolation_duration: 1}
$data merge entity $(bone_left_arm) {transformation: [0.9934f,0.0741f,0.0876f,-0.4218f,-0.0806f,0.9941f,0.0729f,-0.8292f,-0.0817f,-0.0795f,0.9935f,0.0058f,0f,0f,0f,1f],start_interpolation: 0,interpolation_duration: 1}
$data merge entity $(bone_right_arm) {transformation: [0.9943f,-0.048f,0.0947f,0.4058f,0.0472f,0.9988f,0.0107f,-0.8344f,-0.0951f,-0.0062f,0.9954f,-0.0274f,0f,0f,0f,1f],start_interpolation: 0,interpolation_duration: 1}
$data merge entity $(bone_right_leg) {transformation: [-1f,0f,0f,0.1563f,0f,0.9995f,0.0327f,-1.0664f,0f,0.0327f,-0.9995f,-0.0078f,0f,0f,0f,1f],start_interpolation: 0,interpolation_duration: 1}
$data merge entity $(bone_left_leg) {transformation: [-1f,0f,0f,-0.1562f,0f,0.9995f,-0.0327f,-1.0664f,0f,-0.0327f,-0.9995f,0.0078f,0f,0f,0f,1f],start_interpolation: 0,interpolation_duration: 1}