# This file was generated by Animated Java via MC-Build. It is not recommended to edit this file directly.
$data merge entity $(bone_head) {transformation: [0.9985f,0.0109f,-0.0532f,-0.0015f,-0.0039f,0.9913f,0.1314f,-0.3708f,0.0542f,-0.131f,0.9899f,-0.0641f,0f,0f,0f,1f],start_interpolation: 0,interpolation_duration: 1}
$data merge entity $(bone_body) {transformation: [0.9985f,0.0074f,-0.0538f,-0.0066f,-0.0039f,0.9978f,0.0663f,-0.8574f,0.0542f,-0.066f,0.9963f,-0.0037f,0f,0f,0f,1f],start_interpolation: 0,interpolation_duration: 1}
$data merge entity $(bone_left_arm) {transformation: [0.9763f,0.1161f,-0.1828f,-0.4413f,-0.1029f,0.9914f,0.0804f,-0.7954f,0.1906f,-0.0597f,0.9799f,-0.0627f,0f,0f,0f,1f],start_interpolation: 0,interpolation_duration: 1}
$data merge entity $(bone_right_arm) {transformation: [0.9798f,-0.1198f,-0.1601f,0.4307f,0.1393f,0.9834f,0.1162f,-0.7967f,0.1435f,-0.1361f,0.9802f,0.0158f,0f,0f,0f,1f],start_interpolation: 0,interpolation_duration: 1}
$data merge entity $(bone_right_leg) {transformation: [-1f,0f,0f,0.1563f,0f,0.9979f,-0.0654f,-1.0547f,0f,-0.0654f,-0.9979f,0.0156f,0f,0f,0f,1f],start_interpolation: 0,interpolation_duration: 1}
$data merge entity $(bone_left_leg) {transformation: [-1f,0f,0f,-0.1562f,0f,0.9979f,0.0654f,-1.0547f,0f,0.0654f,-0.9979f,-0.0156f,0f,0f,0f,1f],start_interpolation: 0,interpolation_duration: 1}