# This file was generated by Animated Java via MC-Build. It is not recommended to edit this file directly.
$data merge entity $(item_display_item_display) {transformation: [0f,0f,0f,0.0197f,0f,0f,0f,-0.1996f,0f,0f,0f,0.529f,0f,0f,0f,1f],start_interpolation: 0,interpolation_duration: 2}
$data merge entity $(bone_emissive_head) {transformation: [0.9962f,-0.0371f,0.0789f,-0.0406f,0.0152f,0.9651f,0.2613f,0.0592f,-0.0858f,-0.2591f,0.962f,-0.1245f,0f,0f,0f,1f],start_interpolation: 0,interpolation_duration: 2}
$data merge entity $(bone_head) {transformation: [0.9962f,-0.0371f,0.0789f,-0.0413f,0.0152f,0.9651f,0.2613f,0.0793f,-0.0858f,-0.2591f,0.962f,-0.1299f,0f,0f,0f,1f],start_interpolation: 0,interpolation_duration: 2}
$data merge entity $(bone_emissive_body) {transformation: [0.9962f,-0.0265f,0.083f,-0.022f,0.0152f,0.991f,0.1331f,-0.4603f,-0.0858f,-0.1313f,0.9876f,-0.0019f,0f,0f,0f,1f],start_interpolation: 0,interpolation_duration: 2}
$data merge entity $(bone_body) {transformation: [0.9962f,-0.0265f,0.083f,-0.0233f,0.0152f,0.991f,0.1331f,-0.4138f,-0.0858f,-0.1313f,0.9876f,-0.008f,0f,0f,0f,1f],start_interpolation: 0,interpolation_duration: 2}
$data merge entity $(bone_emissive_left_arm) {transformation: [0.9f,0.2365f,0.3662f,-0.4325f,-0.3307f,0.9178f,0.22f,-0.1974f,-0.284f,-0.319f,0.9042f,-0.0247f,0f,0f,0f,1f],start_interpolation: 0,interpolation_duration: 2}
$data merge entity $(bone_left_arm) {transformation: [0.9f,0.2365f,0.3662f,-0.462f,-0.3307f,0.9178f,0.22f,-0.3121f,-0.284f,-0.319f,0.9042f,0.0152f,0f,0f,0f,1f],start_interpolation: 0,interpolation_duration: 2}
$data merge entity $(bone_emissive_right_arm) {transformation: [0.9104f,-0.1699f,0.3773f,0.3841f,0.1499f,0.9853f,0.0819f,-0.2149f,-0.3857f,-0.018f,0.9224f,-0.1198f,0f,0f,0f,1f],start_interpolation: 0,interpolation_duration: 2}
$data merge entity $(bone_right_arm) {transformation: [0.9104f,-0.1699f,0.3773f,0.4053f,0.1499f,0.9853f,0.0819f,-0.3381f,-0.3857f,-0.018f,0.9224f,-0.1176f,0f,0f,0f,1f],start_interpolation: 0,interpolation_duration: 2}
$data merge entity $(bone_right_leg) {transformation: [-1f,0f,0f,0.1563f,0f,0.9914f,0.1305f,-0.6094f,0f,0.1305f,-0.9914f,-0.0312f,0f,0f,0f,1f],start_interpolation: 0,interpolation_duration: 2}
$data merge entity $(bone_left_leg) {transformation: [-1f,0f,0f,-0.1562f,0f,0.9914f,-0.1305f,-0.6094f,0f,-0.1305f,-0.9914f,0.0312f,0f,0f,0f,1f],start_interpolation: 0,interpolation_duration: 2}