# This file was generated by Animated Java via MC-Build. It is not recommended to edit this file directly.
$data merge entity $(bone_head) {transformation: [0.9914f,-0.0706f,0.1098f,-0.0629f,0.0228f,0.9217f,0.3871f,-0.2385f,-0.1285f,-0.3813f,0.9155f,-0.1973f,0f,0f,0f,1f],start_interpolation: 0,interpolation_duration: 1}
$data merge entity $(bone_body) {transformation: [0.9914f,-0.0478f,0.1215f,-0.0277f,0.0228f,0.9796f,0.1999f,-0.7318f,-0.1285f,-0.1954f,0.9723f,-0.0135f,0f,0f,0f,1f],start_interpolation: 0,interpolation_duration: 1}
$data merge entity $(bone_left_arm) {transformation: [0.7865f,0.2957f,0.5422f,-0.4844f,-0.4882f,0.8353f,0.2527f,-0.5891f,-0.3781f,-0.4635f,0.8014f,0.0142f,0f,0f,0f,1f],start_interpolation: 0,interpolation_duration: 1}
$data merge entity $(bone_right_arm) {transformation: [0.8027f,-0.2335f,0.5488f,0.4049f,0.1776f,0.972f,0.1538f,-0.6331f,-0.5694f,-0.026f,0.8217f,-0.1842f,0f,0f,0f,1f],start_interpolation: 0,interpolation_duration: 1}
$data merge entity $(bone_right_leg) {transformation: [-1f,0f,0f,0.1563f,0f,0.9808f,0.1951f,-0.9297f,0f,0.1951f,-0.9808f,-0.0469f,0f,0f,0f,1f],start_interpolation: 0,interpolation_duration: 1}
$data merge entity $(bone_left_leg) {transformation: [-1f,0f,0f,-0.1562f,0f,0.9808f,-0.1951f,-0.9297f,0f,-0.1951f,-0.9808f,0.0469f,0f,0f,0f,1f],start_interpolation: 0,interpolation_duration: 1}