# This file was generated by Animated Java via MC-Build. It is not recommended to edit this file directly.
$data merge entity $(item_display_item_display) {transformation: [0f,0f,0f,0.0418f,0f,0f,0f,-0.0589f,0f,0f,0f,0.4926f,0f,0f,0f,1f],start_interpolation: 0,interpolation_duration: 2}
$data merge entity $(bone_emissive_head) {transformation: [0.9884f,-0.0905f,0.1223f,-0.072f,0.0265f,0.8937f,0.4478f,0.1456f,-0.1498f,-0.4393f,0.8857f,-0.2223f,0f,0f,0f,1f],start_interpolation: 0,interpolation_duration: 2}
$data merge entity $(bone_head) {transformation: [0.9884f,-0.0905f,0.1223f,-0.0739f,0.0265f,0.8937f,0.4478f,0.1642f,-0.1498f,-0.4393f,0.8857f,-0.2314f,0f,0f,0f,1f],start_interpolation: 0,interpolation_duration: 2}
$data merge entity $(bone_emissive_body) {transformation: [0.9884f,-0.0604f,0.1396f,-0.0254f,0.0265f,0.9721f,0.2331f,-0.3723f,-0.1498f,-0.2267f,0.9624f,-0.0062f,0f,0f,0f,1f],start_interpolation: 0,interpolation_duration: 2}
$data merge entity $(bone_body) {transformation: [0.9884f,-0.0604f,0.1396f,-0.0282f,0.0265f,0.9721f,0.2331f,-0.3267f,-0.1498f,-0.2267f,0.9624f,-0.0168f,0f,0f,0f,1f],start_interpolation: 0,interpolation_duration: 2}
$data merge entity $(bone_emissive_left_arm) {transformation: [0.7183f,0.3126f,0.6216f,-0.4556f,-0.56f,0.7899f,0.2499f,-0.0655f,-0.4128f,-0.5276f,0.7424f,-0.0545f,0f,0f,0f,1f],start_interpolation: 0,interpolation_duration: 2}
$data merge entity $(bone_left_arm) {transformation: [0.7183f,0.3126f,0.6216f,-0.4947f,-0.56f,0.7899f,0.2499f,-0.1642f,-0.4128f,-0.5276f,0.7424f,0.0115f,0f,0f,0f,1f],start_interpolation: 0,interpolation_duration: 2}
$data merge entity $(bone_emissive_right_arm) {transformation: [0.7356f,-0.261f,0.6251f,0.3719f,0.1775f,0.9648f,0.194f,-0.0979f,-0.6538f,-0.0318f,0.756f,-0.2234f,0f,0f,0f,1f],start_interpolation: 0,interpolation_duration: 2}
$data merge entity $(bone_right_arm) {transformation: [0.7356f,-0.261f,0.6251f,0.4045f,0.1775f,0.9648f,0.194f,-0.2185f,-0.6538f,-0.0318f,0.756f,-0.2195f,0f,0f,0f,1f],start_interpolation: 0,interpolation_duration: 2}
$data merge entity $(bone_right_leg) {transformation: [-1f,0f,0f,0.1563f,0f,0.9739f,0.2271f,-0.5273f,0f,0.2271f,-0.9739f,-0.0547f,0f,0f,0f,1f],start_interpolation: 0,interpolation_duration: 2}
$data merge entity $(bone_left_leg) {transformation: [-1f,0f,0f,-0.1562f,0f,0.9739f,-0.2271f,-0.5273f,0f,-0.2271f,-0.9739f,0.0547f,0f,0f,0f,1f],start_interpolation: 0,interpolation_duration: 2}