# This file was generated by Animated Java via MC-Build. It is not recommended to edit this file directly.
$data merge entity $(bone_head) {transformation: [0.9848f,-0.1123f,0.1324f,-0.0851f,0.0302f,0.8617f,0.5066f,-0.1837f,-0.171f,-0.4949f,0.852f,-0.2658f,0f,0f,0f,1f],start_interpolation: 0,interpolation_duration: 1}
$data merge entity $(bone_body) {transformation: [0.9848f,-0.0742f,0.157f,-0.0277f,0.0302f,0.9634f,0.2663f,-0.6705f,-0.171f,-0.2575f,0.951f,-0.0207f,0f,0f,0f,1f],start_interpolation: 0,interpolation_duration: 1}
$data merge entity $(bone_left_arm) {transformation: [0.6443f,0.3225f,0.6935f,-0.5044f,-0.6256f,0.7437f,0.2354f,-0.489f,-0.4398f,-0.5855f,0.6809f,0.0072f,0f,0f,0f,1f],start_interpolation: 0,interpolation_duration: 1}
$data merge entity $(bone_right_arm) {transformation: [0.6612f,-0.2863f,0.6935f,0.4039f,0.1676f,0.9573f,0.2354f,-0.5542f,-0.7313f,-0.0394f,0.6809f,-0.2559f,0f,0f,0f,1f],start_interpolation: 0,interpolation_duration: 1}
$data merge entity $(bone_right_leg) {transformation: [-1f,0f,0f,0.1563f,0f,0.9659f,0.2588f,-0.875f,0f,0.2588f,-0.9659f,-0.0625f,0f,0f,0f,1f],start_interpolation: 0,interpolation_duration: 1}
$data merge entity $(bone_left_leg) {transformation: [-1f,0f,0f,-0.1562f,0f,0.9659f,-0.2588f,-0.875f,0f,-0.2588f,-0.9659f,0.0625f,0f,0f,0f,1f],start_interpolation: 0,interpolation_duration: 1}