# This file was generated by Animated Java via MC-Build. It is not recommended to edit this file directly.
$data merge entity $(item_display_item_display) {transformation: [0f,0f,0f,0.0339f,0f,0f,0f,-0.1066f,0f,0f,0f,0.5059f,0f,0f,0f,1f],start_interpolation: 0,interpolation_duration: 2}
$data merge entity $(bone_emissive_head) {transformation: [0.9914f,-0.0706f,0.1098f,-0.0614f,0.0228f,0.9217f,0.3871f,0.1173f,-0.1285f,-0.3813f,0.9155f,-0.1893f,0f,0f,0f,1f],start_interpolation: 0,interpolation_duration: 2}
$data merge entity $(bone_head) {transformation: [0.9914f,-0.0706f,0.1098f,-0.0629f,0.0228f,0.9217f,0.3871f,0.1365f,-0.1285f,-0.3813f,0.9155f,-0.1973f,0f,0f,0f,1f],start_interpolation: 0,interpolation_duration: 2}
$data merge entity $(bone_emissive_body) {transformation: [0.9914f,-0.0478f,0.1215f,-0.0255f,0.0228f,0.9796f,0.1999f,-0.4027f,-0.1285f,-0.1954f,0.9723f,-0.0043f,0f,0f,0f,1f],start_interpolation: 0,interpolation_duration: 2}
$data merge entity $(bone_body) {transformation: [0.9914f,-0.0478f,0.1215f,-0.0277f,0.0228f,0.9796f,0.1999f,-0.3568f,-0.1285f,-0.1954f,0.9723f,-0.0135f,0f,0f,0f,1f],start_interpolation: 0,interpolation_duration: 2}
$data merge entity $(bone_emissive_left_arm) {transformation: [0.7865f,0.2957f,0.5422f,-0.4475f,-0.4882f,0.8353f,0.2527f,-0.1096f,-0.3781f,-0.4635f,0.8014f,-0.0437f,0f,0f,0f,1f],start_interpolation: 0,interpolation_duration: 2}
$data merge entity $(bone_left_arm) {transformation: [0.7865f,0.2957f,0.5422f,-0.4844f,-0.4882f,0.8353f,0.2527f,-0.2141f,-0.3781f,-0.4635f,0.8014f,0.0142f,0f,0f,0f,1f],start_interpolation: 0,interpolation_duration: 2}
$data merge entity $(bone_emissive_right_arm) {transformation: [0.8027f,-0.2335f,0.5488f,0.3757f,0.1776f,0.972f,0.1538f,-0.1366f,-0.5694f,-0.026f,0.8217f,-0.1875f,0f,0f,0f,1f],start_interpolation: 0,interpolation_duration: 2}
$data merge entity $(bone_right_arm) {transformation: [0.8027f,-0.2335f,0.5488f,0.4049f,0.1776f,0.972f,0.1538f,-0.2581f,-0.5694f,-0.026f,0.8217f,-0.1842f,0f,0f,0f,1f],start_interpolation: 0,interpolation_duration: 2}
$data merge entity $(bone_right_leg) {transformation: [-1f,0f,0f,0.1563f,0f,0.9808f,0.1951f,-0.5547f,0f,0.1951f,-0.9808f,-0.0469f,0f,0f,0f,1f],start_interpolation: 0,interpolation_duration: 2}
$data merge entity $(bone_left_leg) {transformation: [-1f,0f,0f,-0.1562f,0f,0.9808f,-0.1951f,-0.5547f,0f,-0.1951f,-0.9808f,0.0469f,0f,0f,0f,1f],start_interpolation: 0,interpolation_duration: 2}