# This file was generated by Animated Java via MC-Build. It is not recommended to edit this file directly.
$data merge entity $(item_display_item_display) {transformation: [0f,0f,0f,0.0265f,0f,0f,0f,-0.1535f,0f,0f,0f,0.5181f,0f,0f,0f,1f],start_interpolation: 0,interpolation_duration: 2}
$data merge entity $(bone_emissive_head) {transformation: [0.9941f,-0.0527f,0.0953f,-0.0509f,0.019f,0.9456f,0.3249f,0.0885f,-0.1072f,-0.3211f,0.9409f,-0.1567f,0f,0f,0f,1f],start_interpolation: 0,interpolation_duration: 2}
$data merge entity $(bone_head) {transformation: [0.9941f,-0.0527f,0.0953f,-0.052f,0.019f,0.9456f,0.3249f,0.1082f,-0.1072f,-0.3211f,0.9409f,-0.1634f,0f,0f,0f,1f],start_interpolation: 0,interpolation_duration: 2}
$data merge entity $(bone_emissive_body) {transformation: [0.9941f,-0.0365f,0.1026f,-0.0244f,0.019f,0.9859f,0.1665f,-0.4321f,-0.1072f,-0.1636f,0.9807f,-0.0029f,0f,0f,0f,1f],start_interpolation: 0,interpolation_duration: 2}
$data merge entity $(bone_body) {transformation: [0.9941f,-0.0365f,0.1026f,-0.0261f,0.019f,0.9859f,0.1665f,-0.3858f,-0.1072f,-0.1636f,0.9807f,-0.0106f,0f,0f,0f,1f],start_interpolation: 0,interpolation_duration: 2}
$data merge entity $(bone_emissive_left_arm) {transformation: [0.8476f,0.2707f,0.4565f,-0.4398f,-0.4114f,0.8785f,0.2429f,-0.1536f,-0.3353f,-0.3936f,0.8559f,-0.0338f,0f,0f,0f,1f],start_interpolation: 0,interpolation_duration: 2}
$data merge entity $(bone_left_arm) {transformation: [0.8476f,0.2707f,0.4565f,-0.4736f,-0.4114f,0.8785f,0.2429f,-0.2634f,-0.3353f,-0.3936f,0.8559f,0.0154f,0f,0f,0f,1f],start_interpolation: 0,interpolation_duration: 2}
$data merge entity $(bone_emissive_right_arm) {transformation: [0.8612f,-0.2033f,0.4658f,0.3797f,0.1683f,0.9789f,0.1161f,-0.1756f,-0.4795f,-0.0216f,0.8773f,-0.153f,0f,0f,0f,1f],start_interpolation: 0,interpolation_duration: 2}
$data merge entity $(bone_right_arm) {transformation: [0.8612f,-0.2033f,0.4658f,0.4051f,0.1683f,0.9789f,0.1161f,-0.298f,-0.4795f,-0.0216f,0.8773f,-0.1503f,0f,0f,0f,1f],start_interpolation: 0,interpolation_duration: 2}
$data merge entity $(bone_right_leg) {transformation: [-1f,0f,0f,0.1563f,0f,0.9866f,0.1629f,-0.582f,0f,0.1629f,-0.9866f,-0.0391f,0f,0f,0f,1f],start_interpolation: 0,interpolation_duration: 2}
$data merge entity $(bone_left_leg) {transformation: [-1f,0f,0f,-0.1562f,0f,0.9866f,-0.1629f,-0.582f,0f,-0.1629f,-0.9866f,0.0391f,0f,0f,0f,1f],start_interpolation: 0,interpolation_duration: 2}