# This file was generated by Animated Java via MC-Build. It is not recommended to edit this file directly.
$data merge entity $(item_display_item_display) {transformation: [0f,0f,0f,0.0136f,0f,0f,0f,-0.2448f,0f,0f,0f,0.5389f,0f,0f,0f,1f],start_interpolation: 0,interpolation_duration: 2}
$data merge entity $(bone_emissive_head) {transformation: [0.9979f,-0.0239f,0.0609f,-0.0303f,0.0115f,0.9804f,0.1968f,0.0294f,-0.0644f,-0.1957f,0.9786f,-0.0927f,0f,0f,0f,1f],start_interpolation: 0,interpolation_duration: 2}
$data merge entity $(bone_head) {transformation: [0.9979f,-0.0239f,0.0609f,-0.0308f,0.0115f,0.9804f,0.1968f,0.0499f,-0.0644f,-0.1957f,0.9786f,-0.0968f,0f,0f,0f,1f],start_interpolation: 0,interpolation_duration: 2}
$data merge entity $(bone_emissive_body) {transformation: [0.9979f,-0.0178f,0.0629f,-0.0185f,0.0115f,0.9949f,0.0997f,-0.4875f,-0.0644f,-0.0988f,0.993f,-0.0011f,0f,0f,0f,1f],start_interpolation: 0,interpolation_duration: 2}
$data merge entity $(bone_body) {transformation: [0.9979f,-0.0178f,0.0629f,-0.0193f,0.0115f,0.9949f,0.0997f,-0.4408f,-0.0644f,-0.0988f,0.993f,-0.0058f,0f,0f,0f,1f],start_interpolation: 0,interpolation_duration: 2}
$data merge entity $(bone_emissive_left_arm) {transformation: [0.9425f,0.1926f,0.2731f,-0.4255f,-0.2476f,0.9513f,0.1837f,-0.2413f,-0.2244f,-0.2408f,0.9443f,-0.0167f,0f,0f,0f,1f],start_interpolation: 0,interpolation_duration: 2}
$data merge entity $(bone_left_arm) {transformation: [0.9425f,0.1926f,0.2731f,-0.4496f,-0.2476f,0.9513f,0.1837f,-0.3602f,-0.2244f,-0.2408f,0.9443f,0.0134f,0f,0f,0f,1f],start_interpolation: 0,interpolation_duration: 2}
$data merge entity $(bone_emissive_right_arm) {transformation: [0.9493f,-0.1329f,0.285f,0.3888f,0.1231f,0.991f,0.0524f,-0.2545f,-0.2894f,-0.0147f,0.9571f,-0.088f,0f,0f,0f,1f],start_interpolation: 0,interpolation_duration: 2}
$data merge entity $(bone_right_arm) {transformation: [0.9493f,-0.1329f,0.285f,0.4054f,0.1231f,0.991f,0.0524f,-0.3784f,-0.2894f,-0.0147f,0.9571f,-0.0862f,0f,0f,0f,1f],start_interpolation: 0,interpolation_duration: 2}
$data merge entity $(bone_right_leg) {transformation: [-1f,0f,0f,0.1563f,0f,0.9952f,0.098f,-0.6367f,0f,0.098f,-0.9952f,-0.0234f,0f,0f,0f,1f],start_interpolation: 0,interpolation_duration: 2}
$data merge entity $(bone_left_leg) {transformation: [-1f,0f,0f,-0.1562f,0f,0.9952f,-0.098f,-0.6367f,0f,-0.098f,-0.9952f,0.0234f,0f,0f,0f,1f],start_interpolation: 0,interpolation_duration: 2}