# This file was generated by Animated Java via MC-Build. It is not recommended to edit this file directly.
$data merge entity $(bone_head) {transformation: [0.9967f,0.0216f,-0.0785f,-0.0021f,-0.0058f,0.9805f,0.1965f,-0.3486f,0.0812f,-0.1954f,0.9773f,-0.0968f,0f,0f,0f,1f],start_interpolation: 0,interpolation_duration: 1}
$data merge entity $(bone_body) {transformation: [0.9967f,0.0138f,-0.0802f,-0.0123f,-0.0058f,0.995f,0.0995f,-0.8393f,0.0812f,-0.0987f,0.9918f,-0.0059f,0f,0f,0f,1f],start_interpolation: 0,interpolation_duration: 1}
$data merge entity $(bone_left_arm) {transformation: [0.9466f,0.176f,-0.2701f,-0.459f,-0.1452f,0.9808f,0.1303f,-0.7558f,0.2879f,-0.0841f,0.954f,-0.0976f,0f,0f,0f,1f],start_interpolation: 0,interpolation_duration: 1}
$data merge entity $(bone_right_arm) {transformation: [0.9554f,-0.1686f,-0.2424f,0.4405f,0.2113f,0.9638f,0.1624f,-0.7564f,0.2063f,-0.2064f,0.9565f,0.0225f,0f,0f,0f,1f],start_interpolation: 0,interpolation_duration: 1}
$data merge entity $(bone_right_leg) {transformation: [-1f,0f,0f,0.1563f,0f,0.9952f,-0.098f,-1.0352f,0f,-0.098f,-0.9952f,0.0234f,0f,0f,0f,1f],start_interpolation: 0,interpolation_duration: 1}
$data merge entity $(bone_left_leg) {transformation: [-1f,0f,0f,-0.1562f,0f,0.9952f,0.098f,-1.0352f,0f,0.098f,-0.9952f,-0.0234f,0f,0f,0f,1f],start_interpolation: 0,interpolation_duration: 1}