# This file was generated by Animated Java via MC-Build. It is not recommended to edit this file directly.
$data merge entity $(bone_head) {transformation: [0.999f,-0.0132f,0.0416f,-0.0204f,0.0076f,0.9913f,0.1315f,-0.3551f,-0.043f,-0.1311f,0.9904f,-0.0641f,0f,0f,0f,1f],start_interpolation: 0,interpolation_duration: 1}
$data merge entity $(bone_body) {transformation: [0.999f,-0.0105f,0.0423f,-0.0141f,0.0076f,0.9978f,0.0664f,-0.8418f,-0.043f,-0.066f,0.9969f,-0.0037f,0f,0f,0f,1f],start_interpolation: 0,interpolation_duration: 1}
$data merge entity $(bone_left_arm) {transformation: [0.974f,0.1385f,0.1795f,-0.4362f,-0.1637f,0.9773f,0.1345f,-0.7826f,-0.1568f,-0.1604f,0.9745f,0.0103f,0f,0f,0f,1f],start_interpolation: 0,interpolation_duration: 1}
$data merge entity $(bone_right_arm) {transformation: [0.9774f,-0.0923f,0.1903f,0.4055f,0.0885f,0.9957f,0.0284f,-0.7938f,-0.1921f,-0.0109f,0.9813f,-0.0561f,0f,0f,0f,1f],start_interpolation: 0,interpolation_duration: 1}
$data merge entity $(bone_right_leg) {transformation: [-1f,0f,0f,0.1563f,0f,0.9979f,0.0654f,-1.0391f,0f,0.0654f,-0.9979f,-0.0156f,0f,0f,0f,1f],start_interpolation: 0,interpolation_duration: 1}
$data merge entity $(bone_left_leg) {transformation: [-1f,0f,0f,-0.1562f,0f,0.9979f,-0.0654f,-1.0391f,0f,-0.0654f,-0.9979f,0.0156f,0f,0f,0f,1f],start_interpolation: 0,interpolation_duration: 1}