# This file was generated by Animated Java via MC-Build. It is not recommended to edit this file directly.
$data merge entity $(item_display_item_display) {transformation: [0f,0f,0f,-0.0762f,0f,0f,0f,-0.2312f,0f,0f,0f,0.5276f,0f,0f,0f,1f],start_interpolation: 0,interpolation_duration: 2}
$data merge entity $(bone_emissive_head) {transformation: [0.9941f,0.0356f,-0.1025f,-0.0032f,-0.0077f,0.9653f,0.2609f,0.0279f,0.1082f,-0.2586f,0.9599f,-0.1245f,0f,0f,0f,1f],start_interpolation: 0,interpolation_duration: 2}
$data merge entity $(bone_head) {transformation: [0.9941f,0.0356f,-0.1025f,-0.0025f,-0.0077f,0.9653f,0.2609f,0.048f,0.1082f,-0.2586f,0.9599f,-0.1299f,0f,0f,0f,1f],start_interpolation: 0,interpolation_duration: 2}
$data merge entity $(bone_emissive_body) {transformation: [0.9941f,0.0219f,-0.1062f,-0.0206f,-0.0077f,0.9911f,0.1327f,-0.4917f,0.1082f,-0.1311f,0.9854f,-0.0021f,0f,0f,0f,1f],start_interpolation: 0,interpolation_duration: 2}
$data merge entity $(bone_body) {transformation: [0.9941f,0.0219f,-0.1062f,-0.0195f,-0.0077f,0.9911f,0.1327f,-0.4452f,0.1082f,-0.1311f,0.9854f,-0.0083f,0f,0f,0f,1f],start_interpolation: 0,interpolation_duration: 2}
$data merge entity $(bone_emissive_left_arm) {transformation: [0.9054f,0.2366f,-0.3526f,-0.4469f,-0.1801f,0.966f,0.1856f,-0.2208f,0.3845f,-0.1046f,0.9172f,-0.148f,0f,0f,0f,1f],start_interpolation: 0,interpolation_duration: 2}
$data merge entity $(bone_left_arm) {transformation: [0.9054f,0.2366f,-0.3526f,-0.4765f,-0.1801f,0.966f,0.1856f,-0.3415f,0.3845f,-0.1046f,0.9172f,-0.1349f,0f,0f,0f,1f],start_interpolation: 0,interpolation_duration: 2}
$data merge entity $(bone_emissive_right_arm) {transformation: [0.9224f,-0.2097f,-0.3243f,0.4226f,0.2836f,0.9378f,0.2001f,-0.2232f,0.2622f,-0.2765f,0.9245f,-0.0064f,0f,0f,0f,1f],start_interpolation: 0,interpolation_duration: 2}
$data merge entity $(bone_right_arm) {transformation: [0.9224f,-0.2097f,-0.3243f,0.4488f,0.2836f,0.9378f,0.2001f,-0.3404f,0.2622f,-0.2765f,0.9245f,0.0281f,0f,0f,0f,1f],start_interpolation: 0,interpolation_duration: 2}
$data merge entity $(bone_right_leg) {transformation: [-1f,0f,0f,0.1563f,0f,0.9914f,-0.1305f,-0.6406f,0f,-0.1305f,-0.9914f,0.0313f,0f,0f,0f,1f],start_interpolation: 0,interpolation_duration: 2}
$data merge entity $(bone_left_leg) {transformation: [-1f,0f,0f,-0.1562f,0f,0.9914f,0.1305f,-0.6406f,0f,0.1305f,-0.9914f,-0.0313f,0f,0f,0f,1f],start_interpolation: 0,interpolation_duration: 2}