# This file was generated by Animated Java via MC-Build. It is not recommended to edit this file directly.
$data merge entity $(bone_head) {transformation: [0.9908f,0.0528f,-0.1247f,-0.0027f,-0.0096f,0.9459f,0.3243f,-0.3059f,0.1351f,-0.3201f,0.9377f,-0.1634f,0f,0f,0f,1f],start_interpolation: 0,interpolation_duration: 1}
$data merge entity $(bone_body) {transformation: [0.9908f,0.0318f,-0.1317f,-0.0283f,-0.0096f,0.9861f,0.1658f,-0.8001f,0.1351f,-0.163f,0.9773f,-0.011f,0f,0f,0f,1f],start_interpolation: 0,interpolation_duration: 1}
$data merge entity $(bone_left_arm) {transformation: [0.8531f,0.2975f,-0.4286f,-0.4937f,-0.2069f,0.9471f,0.2454f,-0.6775f,0.4789f,-0.1206f,0.8695f,-0.1745f,0f,0f,0f,1f],start_interpolation: 0,interpolation_duration: 1}
$data merge entity $(bone_right_arm) {transformation: [0.8816f,-0.2433f,-0.4044f,0.4558f,0.3551f,0.9064f,0.2289f,-0.6738f,0.3109f,-0.3454f,0.8855f,0.0327f,0f,0f,0f,1f],start_interpolation: 0,interpolation_duration: 1}
$data merge entity $(bone_right_leg) {transformation: [-1f,0f,0f,0.1563f,0f,0.9866f,-0.1629f,-0.9961f,0f,-0.1629f,-0.9866f,0.0391f,0f,0f,0f,1f],start_interpolation: 0,interpolation_duration: 1}
$data merge entity $(bone_left_leg) {transformation: [-1f,0f,0f,-0.1562f,0f,0.9866f,0.1629f,-0.9961f,0f,0.1629f,-0.9866f,-0.0391f,0f,0f,0f,1f],start_interpolation: 0,interpolation_duration: 1}