# This file was generated by Animated Java via MC-Build. It is not recommended to edit this file directly.
$data merge entity $(bone_head) {transformation: [0.982f,0.0959f,-0.1629f,-0.0027f,-0.0133f,0.8946f,0.4466f,-0.2655f,0.1886f,-0.4364f,0.8798f,-0.2313f,0f,0f,0f,1f],start_interpolation: 0,interpolation_duration: 1}
$data merge entity $(bone_body) {transformation: [0.982f,0.0564f,-0.1804f,-0.0503f,-0.0133f,0.9727f,0.2318f,-0.7569f,0.1886f,-0.2252f,0.9559f,-0.0181f,0f,0f,0f,1f],start_interpolation: 0,interpolation_duration: 1}
$data merge entity $(bone_left_arm) {transformation: [0.7186f,0.4182f,-0.5556f,-0.5267f,-0.2336f,0.8977f,0.3737f,-0.6006f,0.655f,-0.1388f,0.7428f,-0.2604f,0f,0f,0f,1f],start_interpolation: 0,interpolation_duration: 1}
$data merge entity $(bone_right_arm) {transformation: [0.7803f,-0.2892f,-0.5544f,0.4662f,0.4924f,0.8307f,0.2596f,-0.589f,0.3855f,-0.4756f,0.7907f,0.0386f,0f,0f,0f,1f],start_interpolation: 0,interpolation_duration: 1}
$data merge entity $(bone_right_leg) {transformation: [-1f,0f,0f,0.1563f,0f,0.9739f,-0.2271f,-0.957f,0f,-0.2271f,-0.9739f,0.0547f,0f,0f,0f,1f],start_interpolation: 0,interpolation_duration: 1}
$data merge entity $(bone_left_leg) {transformation: [-1f,0f,0f,-0.1562f,0f,0.9739f,0.2271f,-0.957f,0f,0.2271f,-0.9739f,-0.0547f,0f,0f,0f,1f],start_interpolation: 0,interpolation_duration: 1}