# This file was generated by Animated Java via MC-Build. It is not recommended to edit this file directly.
$data merge entity $(item_display_item_display) {transformation: [0f,0f,0f,-0.1438f,0f,0f,0f,-0.1147f,0f,0f,0f,0.4879f,0f,0f,0f,1f],start_interpolation: 0,interpolation_duration: 2}
$data merge entity $(bone_emissive_head) {transformation: [0.982f,0.0959f,-0.1629f,-0.0047f,-0.0133f,0.8946f,0.4466f,0.0908f,0.1886f,-0.4364f,0.8798f,-0.2222f,0f,0f,0f,1f],start_interpolation: 0,interpolation_duration: 2}
$data merge entity $(bone_head) {transformation: [0.982f,0.0959f,-0.1629f,-0.0027f,-0.0133f,0.8946f,0.4466f,0.1095f,0.1886f,-0.4364f,0.8798f,-0.2313f,0f,0f,0f,1f],start_interpolation: 0,interpolation_duration: 2}
$data merge entity $(bone_emissive_body) {transformation: [0.982f,0.0564f,-0.1804f,-0.0529f,-0.0133f,0.9727f,0.2318f,-0.4275f,0.1886f,-0.2252f,0.9559f,-0.0076f,0f,0f,0f,1f],start_interpolation: 0,interpolation_duration: 2}
$data merge entity $(bone_body) {transformation: [0.982f,0.0564f,-0.1804f,-0.0503f,-0.0133f,0.9727f,0.2318f,-0.3819f,0.1886f,-0.2252f,0.9559f,-0.0181f,0f,0f,0f,1f],start_interpolation: 0,interpolation_duration: 2}
$data merge entity $(bone_emissive_left_arm) {transformation: [0.7186f,0.4182f,-0.5556f,-0.4744f,-0.2336f,0.8977f,0.3737f,-0.1134f,0.655f,-0.1388f,0.7428f,-0.2777f,0f,0f,0f,1f],start_interpolation: 0,interpolation_duration: 2}
$data merge entity $(bone_left_arm) {transformation: [0.7186f,0.4182f,-0.5556f,-0.5267f,-0.2336f,0.8977f,0.3737f,-0.2256f,0.655f,-0.1388f,0.7428f,-0.2604f,0f,0f,0f,1f],start_interpolation: 0,interpolation_duration: 2}
$data merge entity $(bone_emissive_right_arm) {transformation: [0.7803f,-0.2892f,-0.5544f,0.43f,0.4924f,0.8307f,0.2596f,-0.1102f,0.3855f,-0.4756f,0.7907f,-0.0208f,0f,0f,0f,1f],start_interpolation: 0,interpolation_duration: 2}
$data merge entity $(bone_right_arm) {transformation: [0.7803f,-0.2892f,-0.5544f,0.4662f,0.4924f,0.8307f,0.2596f,-0.214f,0.3855f,-0.4756f,0.7907f,0.0386f,0f,0f,0f,1f],start_interpolation: 0,interpolation_duration: 2}
$data merge entity $(bone_right_leg) {transformation: [-1f,0f,0f,0.1563f,0f,0.9739f,-0.2271f,-0.582f,0f,-0.2271f,-0.9739f,0.0547f,0f,0f,0f,1f],start_interpolation: 0,interpolation_duration: 2}
$data merge entity $(bone_left_leg) {transformation: [-1f,0f,0f,-0.1562f,0f,0.9739f,0.2271f,-0.582f,0f,0.2271f,-0.9739f,-0.0547f,0f,0f,0f,1f],start_interpolation: 0,interpolation_duration: 2}