# This file was generated by Animated Java via MC-Build. It is not recommended to edit this file directly.
$data merge entity $(bone_head) {transformation: [0.9765f,0.1215f,-0.1782f,-0.0023f,-0.0151f,0.8629f,0.5051f,-0.2463f,0.2151f,-0.4906f,0.8444f,-0.2656f,0f,0f,0f,1f],start_interpolation: 0,interpolation_duration: 1}
$data merge entity $(bone_body) {transformation: [0.9765f,0.0712f,-0.2036f,-0.0634f,-0.0151f,0.9642f,0.2646f,-0.7338f,0.2151f,-0.2553f,0.9426f,-0.0226f,0f,0f,0f,1f],start_interpolation: 0,interpolation_duration: 1}
$data merge entity $(bone_left_arm) {transformation: [0.6386f,0.4772f,-0.6037f,-0.5422f,-0.2325f,0.8675f,0.4398f,-0.5629f,0.7336f,-0.1405f,0.6649f,-0.3066f,0f,0f,0f,1f],start_interpolation: 0,interpolation_duration: 1}
$data merge entity $(bone_right_arm) {transformation: [0.7218f,-0.3026f,-0.6225f,0.4698f,0.5565f,0.7885f,0.262f,-0.546f,0.4115f,-0.5355f,0.7375f,0.0398f,0f,0f,0f,1f],start_interpolation: 0,interpolation_duration: 1}
$data merge entity $(bone_right_leg) {transformation: [-1f,0f,0f,0.1563f,0f,0.9659f,-0.2588f,-0.9375f,0f,-0.2588f,-0.9659f,0.0625f,0f,0f,0f,1f],start_interpolation: 0,interpolation_duration: 1}
$data merge entity $(bone_left_leg) {transformation: [-1f,0f,0f,-0.1562f,0f,0.9659f,0.2588f,-0.9375f,0f,0.2588f,-0.9659f,-0.0625f,0f,0f,0f,1f],start_interpolation: 0,interpolation_duration: 1}