# This file was generated by Animated Java via MC-Build. It is not recommended to edit this file directly.
$data merge entity $(bone_left_foot) { transformation: [-0.9992290362407229f,0.038175063924473014f,-0.00916502197479146f,0.16596858346985752f,0.0392598157590686f,0.9716202584284388f,-0.23326538594060126f,-1.3176002179097028f,-1.223702640847296e-16f,-0.23344536385590542f,-0.9723699203976766f,2.0325289450538134e-17f,0f,0f,0f,1f], start_interpolation: 0, interpolation_duration: 1 }
$data merge entity $(bone_right_foot) { transformation: [-0.9992290362407229f,0.03817506392447296f,0.0091650219747917f,-0.1462904903553684f,0.0392598157590686f,0.9716202584284388f,0.23326538594060126f,-1.305331525484994f,-1.223702640847296e-16f,0.23344536385590542f,-0.9723699203976766f,-1.7915418075939864e-17f,0f,0f,0f,1f], start_interpolation: 0, interpolation_duration: 1 }
$data merge entity $(bone_antenna) { transformation: [-0.9992290362407229f,0.0392598157590686f,1.2246467991473532e-16f,0.0705098157590686f,0.0392598157590686f,0.9992290362407229f,0f,-0.5632709637592771f,-1.223702640847296e-16f,4.807940770445818e-18f,-1f,8.634962017781297e-18f,0f,0f,0f,1f], start_interpolation: 0, interpolation_duration: 1 }
$data merge entity $(bone_nose) { transformation: [-0.9999999999999999f,0f,1.2246467991473532e-16f,0.029468954436778837f,0f,0.9999999999999999f,0f,-0.8118513535769869f,-1.2246467991473532e-16f,0f,-1f,0.1875f,0f,0f,0f,1f], start_interpolation: 0, interpolation_duration: 1 }
$data merge entity $(bone_head) { transformation: [-0.9992290362407229f,0.0392598157590686f,1.2246467991473532e-16f,0.058241123334359664f,0.0392598157590686f,0.9992290362407229f,0f,-0.875530037584503f,-1.223702640847296e-16f,4.807940770445818e-18f,-1f,7.132480527016978e-18f,0f,0f,0f,1f], start_interpolation: 0, interpolation_duration: 1 }
$data merge entity $(bone_left_arm) { transformation: [-0.9992290362407229f,0.03913879084938452f,-0.003080289642898197f,-0.28769759635833064f,0.0392598157590686f,0.9961487465978246f,-0.07839860660845312f,-0.9244862906823684f,-1.223702640847296e-16f,-0.07845909572784494f,-0.996917333733128f,-3.5232794050261683e-17f,0f,0f,0f,1f], start_interpolation: 0, interpolation_duration: 1 }
$data merge entity $(bone_right_arm) { transformation: [-0.9992290362407229f,0.03913879084938451f,0.0030802896428984415f,0.3368205512921212f,0.0392598157590686f,0.9961487465978246f,0.07839860660845312f,-0.9490236755317862f,-1.223702640847296e-16f,0.07845909572784494f,-0.996917333733128f,4.124862100269431e-17f,0f,0f,0f,1f], start_interpolation: 0, interpolation_duration: 1 }
$data merge entity $(bone_body) { transformation: [-0.9992290362407229f,0.0392598157590686f,1.2246467991473532e-16f,0.03125f,0.0392598157590686f,0.9992290362407229f,0f,-1.5625f,-1.223702640847296e-16f,4.807940770445818e-18f,-1f,3.827021247335479e-18f,0f,0f,0f,1f], start_interpolation: 0, interpolation_duration: 1 }