# This file was generated by Animated Java via MC-Build. It is not recommended to edit this file directly.
$data merge entity $(bone_left_foot) { transformation: [-0.9999904807207345f,-0.004361814087630773f,-0.00011421812159795154f,0.15515798276890516f,-0.004363309284746571f,0.999647808958311f,0.026176699122191886f,-1.3119569661592232f,-1.2246351413924705e-16f,0.02617694830787315f,-0.9996573249755573f,1.9001372696009992e-17f,0f,0f,0f,1f], start_interpolation: 0, interpolation_duration: 1 }
$data merge entity $(bone_right_foot) { transformation: [-0.9999904807207345f,-0.004361814087630766f,0.00011421812159819638f,-0.15733904245632435f,-0.004363309284746571f,0.999647808958311f,-0.026176699122191886f,-1.3133205003107062f,-1.2246351413924705e-16f,-0.02617694830787315f,-0.9996573249755573f,-1.9268475472504713e-17f,0f,0f,0f,1f], start_interpolation: 0, interpolation_duration: 1 }
$data merge entity $(bone_antenna) { transformation: [-0.9999904807207345f,-0.004363309284746571f,1.2246467991473532e-16f,0.026886690715253427f,-0.004363309284746571f,0.9999904807207345f,0f,-0.5625095192792655f,-1.2246351413924705e-16f,-5.343512749254816e-19f,-1f,3.2926699724099972e-18f,0f,0f,0f,1f], start_interpolation: 0, interpolation_duration: 1 }
$data merge entity $(bone_nose) { transformation: [-1f,0f,1.2246467991473532e-16f,-0.003272184486082904f,0f,1f,0f,-0.8126434928745975f,-1.2246467991473532e-16f,0f,-1f,0.1875f,0f,0f,0f,1f], start_interpolation: 0, interpolation_duration: 1 }
$data merge entity $(bone_head) { transformation: [-0.9999904807207345f,-0.004363309284746571f,1.2246467991473532e-16f,0.028250224866736732f,-0.004363309284746571f,0.9999904807207345f,0f,-0.875006544504495f,-1.2246351413924705e-16f,-5.343512749254816e-19f,-1f,3.45965474582421e-18f,0f,0f,0f,1f], start_interpolation: 0, interpolation_duration: 1 }
$data merge entity $(bone_left_arm) { transformation: [-0.9999904807207345f,-0.004363143143298936f,-0.000038076573363603075f,-0.3152237960507191f,-0.004363309284746571f,0.9999524041473707f,0.008726452428045504f,-0.9390058371161726f,-1.2246351413924705e-16f,0.008726535498373935f,-0.9999619230641713f,-3.860378128485912e-17f,0f,0f,0f,1f], start_interpolation: 0, interpolation_duration: 1 }
$data merge entity $(bone_right_arm) { transformation: [-0.9999904807207345f,-0.004363143143298934f,0.000038076573363848f,0.30977025439974f,-0.004363309284746571f,0.9999524041473707f,-0.008726452428045504f,-0.9362787688132059f,-1.2246351413924705e-16f,-0.008726535498373935f,-0.9999619230641713f,3.793591505217028e-17f,0f,0f,0f,1f], start_interpolation: 0, interpolation_duration: 1 }
$data merge entity $(bone_body) { transformation: [-0.9999904807207345f,-0.004363309284746571f,1.2246467991473532e-16f,0.03125f,-0.004363309284746571f,0.9999904807207345f,0f,-1.5625f,-1.2246351413924705e-16f,-5.343512749254816e-19f,-1f,3.827021247335479e-18f,0f,0f,0f,1f], start_interpolation: 0, interpolation_duration: 1 }