# This file was generated by Animated Java via MC-Build. It is not recommended to edit this file directly.
$data merge entity $(bone_left_foot) { transformation: [-0.9993908270190958f,-0.03413685896636871f,-0.007256013368105671f,0.14744897920176173f,-0.03489949670250097f,0.9775517396441024f,0.207785036633299f,-1.3082898561574134f,-1.2239007774061617e-16f,0.2079116908177593f,-0.9781476007338057f,1.8057292041698215e-17f,0f,0f,0f,1f], start_interpolation: 0, interpolation_duration: 1 }
$data merge entity $(bone_right_foot) { transformation: [-0.9993908270190958f,-0.03413685896636866f,0.007256013368105911f,-0.16486065424170568f,-0.03489949670250097f,0.9775517396441024f,-0.207785036633299f,-1.319195948876945f,-1.2239007774061617e-16f,-0.2079116908177593f,-0.9781476007338057f,-2.018960725224434e-17f,0f,0f,0f,1f], start_interpolation: 0, interpolation_duration: 1 }
$data merge entity $(bone_antenna) { transformation: [-0.9993908270190958f,-0.03489949670250097f,1.2246467991473532e-16f,-0.003649496702500971f,-0.03489949670250097f,0.9993908270190958f,0f,-0.5631091729809042f,-1.2239007774061617e-16f,-4.273955692857142e-18f,-1f,-4.46934445521663e-19f,0f,0f,0f,1f], start_interpolation: 0, interpolation_duration: 1 }
$data merge entity $(bone_nose) { transformation: [-1f,0f,1.2246467991473532e-16f,-0.026155585871222492f,0f,1f,0f,-0.8140474890076314f,-1.2246467991473532e-16f,0f,-1f,0.1875f,0f,0f,0f,1f], start_interpolation: 0, interpolation_duration: 1 }
$data merge entity $(bone_head) { transformation: [-0.9993908270190958f,-0.03489949670250097f,1.2246467991473532e-16f,0.007256596017030582f,-0.03489949670250097f,0.9993908270190958f,0f,-0.8754188064243716f,-1.2239007774061617e-16f,-4.273955692857142e-18f,-1f,8.886767084961938e-19f,0f,0f,0f,1f], start_interpolation: 0, interpolation_duration: 1 }
$data merge entity $(bone_left_arm) { transformation: [-0.9993908270190958f,-0.034814483282576254f,-0.002434465825411074f,-0.3341027822268773f,-0.03489949670250097f,0.9969563611936845f,0.06971397998507722f,-0.9498774351045499f,-1.2239007774061617e-16f,0.0697564737441253f,-0.9975640502598242f,-4.091579028403704e-17f,0f,0f,0f,1f], start_interpolation: 0, interpolation_duration: 1 }
$data merge entity $(bone_right_arm) { transformation: [-0.9993908270190958f,-0.03481448328257624f,0.0024344658254113185f,0.2905164846600576f,-0.03489949670250097f,0.9969563611936845f,-0.06971397998507722f,-0.9280652496654868f,-1.2239007774061617e-16f,-0.0697564737441253f,-0.9975640502598242f,3.5578008303848065e-17f,0f,0f,0f,1f], start_interpolation: 0, interpolation_duration: 1 }
$data merge entity $(bone_body) { transformation: [-0.9993908270190958f,-0.03489949670250097f,1.2246467991473532e-16f,0.03125f,-0.03489949670250097f,0.9993908270190958f,0f,-1.5625f,-1.2239007774061617e-16f,-4.273955692857142e-18f,-1f,3.827021247335479e-18f,0f,0f,0f,1f], start_interpolation: 0, interpolation_duration: 1 }