# This file was generated by Animated Java via MC-Build. It is not recommended to edit this file directly.
$data merge entity $(bone_left_foot) { transformation: [-0.9992290362407229f,-0.038175063924473014f,-0.00916502197479146f,0.1463386755903232f,-0.0392598157590686f,0.9716202584284388f,0.23326538594060126f,-1.3077852639699357f,-1.223702640847296e-16f,0.23344536385590542f,-0.9723699203976766f,1.7921319065315223e-17f,0f,0f,0f,1f], start_interpolation: 0, interpolation_duration: 1 }
$data merge entity $(bone_right_foot) { transformation: [-0.9992290362407229f,-0.03817506392447296f,0.0091650219747917f,-0.16592039823490268f,-0.0392598157590686f,0.9716202584284388f,-0.23326538594060126f,-1.3200539563946447f,-1.223702640847296e-16f,-0.23344536385590542f,-0.9723699203976766f,-2.0319388461162775e-17f,0f,0f,0f,1f], start_interpolation: 0, interpolation_duration: 1 }
$data merge entity $(bone_antenna) { transformation: [-0.9992290362407229f,-0.0392598157590686f,1.2246467991473532e-16f,-0.008009815759068603f,-0.0392598157590686f,0.9992290362407229f,0f,-0.5632709637592771f,-1.223702640847296e-16f,-4.807940770445818e-18f,-1f,-9.809195231103393e-19f,0f,0f,0f,1f], start_interpolation: 0, interpolation_duration: 1 }
$data merge entity $(bone_nose) { transformation: [-0.9999999999999999f,0f,1.2246467991473532e-16f,-0.029420769201824064f,0f,0.9999999999999999f,0f,-0.8143050920619287f,-1.2246467991473532e-16f,0f,-1f,0.1875f,0f,0f,0f,1f], start_interpolation: 0, interpolation_duration: 1 }
$data merge entity $(bone_head) { transformation: [-0.9992290362407229f,-0.0392598157590686f,1.2246467991473532e-16f,0.004258876665640336f,-0.0392598157590686f,0.9992290362407229f,0f,-0.875530037584503f,-1.223702640847296e-16f,-4.807940770445818e-18f,-1f,5.215619676539789e-19f,0f,0f,0f,1f], start_interpolation: 0, interpolation_duration: 1 }
$data merge entity $(bone_left_arm) { transformation: [-0.9992290362407229f,-0.03913879084938452f,-0.003080289642898197f,-0.3367723660571664f,-0.0392598157590686f,0.9961487465978246f,0.07839860660845312f,-0.951477414016728f,-1.223702640847296e-16f,0.07845909572784494f,-0.996917333733128f,-4.124272001331895e-17f,0f,0f,0f,1f], start_interpolation: 0, interpolation_duration: 1 }
$data merge entity $(bone_right_arm) { transformation: [-0.9992290362407229f,-0.03913879084938451f,0.0030802896428984415f,0.28774578159328545f,-0.0392598157590686f,0.9961487465978246f,-0.07839860660845312f,-0.9269400291673102f,-1.223702640847296e-16f,-0.07845909572784494f,-0.996917333733128f,3.5238695039637045e-17f,0f,0f,0f,1f], start_interpolation: 0, interpolation_duration: 1 }
$data merge entity $(bone_body) { transformation: [-0.9992290362407229f,-0.0392598157590686f,1.2246467991473532e-16f,0.03125f,-0.0392598157590686f,0.9992290362407229f,0f,-1.5625f,-1.223702640847296e-16f,-4.807940770445818e-18f,-1f,3.827021247335479e-18f,0f,0f,0f,1f], start_interpolation: 0, interpolation_duration: 1 }