# This file was generated by Animated Java via MC-Build. It is not recommended to edit this file directly.
$data merge entity $(bone_left_foot) { transformation: [-0.9993908270190958f,-0.034136858966368706f,-0.007256013368105668f,0.14744897920176173f,-0.03489949670250096f,0.9775517396441024f,0.20778503663329895f,-1.3082898561574134f,-1.2239007774061617e-16f,0.20791169081775923f,-0.9781476007338057f,1.8057292041698215e-17f,0f,0f,0f,1f], start_interpolation: 0, interpolation_duration: 1 }
$data merge entity $(bone_right_foot) { transformation: [-0.9993908270190958f,-0.03413685896636865f,0.007256013368105907f,-0.16486065424170568f,-0.03489949670250096f,0.9775517396441024f,-0.20778503663329895f,-1.319195948876945f,-1.2239007774061617e-16f,-0.20791169081775923f,-0.9781476007338057f,-2.018960725224434e-17f,0f,0f,0f,1f], start_interpolation: 0, interpolation_duration: 1 }
$data merge entity $(bone_antenna) { transformation: [-0.9993908270190958f,-0.03489949670250096f,1.2246467991473532e-16f,-0.0036494967025009623f,-0.03489949670250096f,0.9993908270190958f,0f,-0.5631091729809042f,-1.2239007774061617e-16f,-4.273955692857141e-18f,-1f,-4.469344455216623e-19f,0f,0f,0f,1f], start_interpolation: 0, interpolation_duration: 1 }
$data merge entity $(bone_nose) { transformation: [-1f,0f,1.2246467991473532e-16f,-0.026155585871222485f,0f,1f,0f,-0.8140474890076314f,-1.2246467991473532e-16f,0f,-1f,0.1875f,0f,0f,0f,1f], start_interpolation: 0, interpolation_duration: 1 }
$data merge entity $(bone_head) { transformation: [-0.9993908270190958f,-0.03489949670250096f,1.2246467991473532e-16f,0.007256596017030589f,-0.03489949670250096f,0.9993908270190958f,0f,-0.8754188064243716f,-1.2239007774061617e-16f,-4.273955692857141e-18f,-1f,8.886767084961942e-19f,0f,0f,0f,1f], start_interpolation: 0, interpolation_duration: 1 }
$data merge entity $(bone_left_arm) { transformation: [-0.9993908270190958f,-0.03481448328257625f,-0.002434465825411073f,-0.3341027822268773f,-0.03489949670250096f,0.9969563611936845f,0.06971397998507721f,-0.9498774351045499f,-1.2239007774061617e-16f,0.06975647374412529f,-0.9975640502598242f,-4.091579028403704e-17f,0f,0f,0f,1f], start_interpolation: 0, interpolation_duration: 1 }
$data merge entity $(bone_right_arm) { transformation: [-0.9993908270190958f,-0.034814483282576233f,0.0024344658254113177f,0.2905164846600576f,-0.03489949670250096f,0.9969563611936845f,-0.06971397998507721f,-0.9280652496654868f,-1.2239007774061617e-16f,-0.06975647374412529f,-0.9975640502598242f,3.5578008303848065e-17f,0f,0f,0f,1f], start_interpolation: 0, interpolation_duration: 1 }
$data merge entity $(bone_body) { transformation: [-0.9993908270190958f,-0.03489949670250096f,1.2246467991473532e-16f,0.03125f,-0.03489949670250096f,0.9993908270190958f,0f,-1.5625f,-1.2239007774061617e-16f,-4.273955692857141e-18f,-1f,3.827021247335479e-18f,0f,0f,0f,1f], start_interpolation: 0, interpolation_duration: 1 }