# This file was generated by Animated Java via MC-Build. It is not recommended to edit this file directly.
$data merge entity $(bone_left_foot) { transformation: [-0.9995335908367129f,-0.030027142983264813f,-0.0055652020025408f,0.14855707055213346f,-0.030538513209822666f,0.9827963084652198f,0.1821505291731815f,-1.308799288139594f,-1.2240756126584407e-16f,0.18223552549214747f,-0.9832549075639546f,1.8192994094237775e-17f,0f,0f,0f,1f], start_interpolation: 0, interpolation_duration: 1 }
$data merge entity $(bone_right_foot) { transformation: [-0.9995335908367129f,-0.03002714298326477f,0.005565202002541041f,-0.16379717658433934f,-0.030538513209822666f,0.9827963084652198f,-0.1821505291731815f,-1.3183425735176635f,-1.2240756126584407e-16f,-0.18223552549214747f,-0.9832549075639546f,-2.0059368801338497e-17f,0f,0f,0f,1f], start_interpolation: 0, interpolation_duration: 1 }
$data merge entity $(bone_antenna) { transformation: [-0.9995335908367129f,-0.030538513209822666f,1.2246467991473532e-16f,0.0007114867901773358f,-0.030538513209822666f,0.9995335908367129f,0f,-0.5629664091632871f,-1.2240756126584407e-16f,-3.739889245312849e-18f,-1f,8.713200202263e-20f,0f,0f,0f,1f], start_interpolation: 0, interpolation_duration: 1 }
$data merge entity $(bone_nose) { transformation: [-0.9999999999999999f,0f,1.2246467991473532e-16f,-0.0228893096210143f,0f,0.9999999999999999f,0f,-0.8138041354102723f,-1.224646799147353e-16f,0f,-1f,0.1875f,0f,0f,0f,1f], start_interpolation: 0, interpolation_duration: 1 }
$data merge entity $(bone_head) { transformation: [-0.9995335908367129f,-0.030538513209822666f,1.2246467991473532e-16f,0.010254772168246919f,-0.030538513209822666f,0.9995335908367129f,0f,-0.8753206562997599f,-1.2240756126584407e-16f,-3.739889245312849e-18f,-1f,1.2558473911828953e-18f,0f,0f,0f,1f], start_interpolation: 0, interpolation_duration: 1 }
$data merge entity $(bone_left_arm) { transformation: [-0.9995335908367129f,-0.030481552726789873f,-0.0018643316310254859f,-0.33142624260625925f,-0.030538513209822666f,0.9976692592056873f,0.06102006593661253f,-0.948289119642931f,-1.2240756126584407e-16f,0.06104853953485687f,-0.9981347984218669f,-4.058800871611895e-17f,0f,0f,0f,1f], start_interpolation: 0, interpolation_duration: 1 }
$data merge entity $(bone_right_arm) { transformation: [-0.9995335908367129f,-0.03048155272678986f,0.0018643316310257305f,0.2932822516666863f,-0.030538513209822666f,0.9976692592056873f,-0.06102006593661253f,-0.9292025488867919f,-1.2240756126584407e-16f,-0.06104853953485689f,-0.9981347984218669f,3.591671707503359e-17f,0f,0f,0f,1f], start_interpolation: 0, interpolation_duration: 1 }
$data merge entity $(bone_body) { transformation: [-0.9995335908367129f,-0.030538513209822666f,1.2246467991473532e-16f,0.03125f,-0.030538513209822666f,0.9995335908367129f,0f,-1.5625f,-1.2240756126584407e-16f,-3.739889245312849e-18f,-1f,3.827021247335479e-18f,0f,0f,0f,1f], start_interpolation: 0, interpolation_duration: 1 }