# This file was generated by Animated Java via MC-Build. It is not recommended to edit this file directly.
$data merge entity $(bone_left_foot) { transformation: [-0.9996573249755573f,-0.025854666636047956f,-0.0040949769049277935f,0.14966292854497637f,-0.026176948307873153f,0.9873498844688825f,0.15638085885609954f,-1.3093135502176265f,-1.2242271432755217e-16f,0.1564344650402309f,-0.9876883405951378f,1.8328422639362436e-17f,0f,0f,0f,1f], start_interpolation: 0, interpolation_duration: 1 }
$data merge entity $(bone_right_foot) { transformation: [-0.9996573249755573f,-0.025854666636047914f,0.004094976904928035f,-0.1627299855098853f,-0.026176948307873153f,0.9873498844688825f,-0.15638085885609954f,-1.3174938465638368f,-1.2242271432755217e-16f,-0.1564344650402309f,-0.9876883405951378f,-1.9928675587997616e-17f,0f,0f,0f,1f], start_interpolation: 0, interpolation_duration: 1 }
$data merge entity $(bone_antenna) { transformation: [-0.9996573249755573f,-0.026176948307873153f,1.2246467991473532e-16f,0.005073051692126846f,-0.026176948307873153f,0.9996573249755573f,0f,-0.5628426750244429f,-1.2242271432755217e-16f,-3.205751595668258e-18f,-1f,6.212696516672211e-19f,0f,0f,0f,1f], start_interpolation: 0, interpolation_duration: 1 }
$data merge entity $(bone_nose) { transformation: [-0.9999999999999999f,0f,1.2246467991473532e-16f,-0.01962200263639105f,0f,0.9999999999999999f,0f,-0.8135750359029531f,-1.224646799147353e-16f,3.851859888774472e-34f,-1f,0.1875f,0f,0f,0f,1f], start_interpolation: 0, interpolation_duration: 1 }
$data merge entity $(bone_head) { transformation: [-0.9996573249755573f,-0.026176948307873153f,1.2246467991473532e-16f,0.013253348038337207f,-0.026176948307873153f,0.9996573249755573f,0f,-0.8752355890793044f,-1.2242271432755217e-16f,-3.205751595668258e-18f,-1f,1.6230670253135517e-18f,0f,0f,0f,1f], start_interpolation: 0, interpolation_duration: 1 }
$data merge entity $(bone_left_arm) { transformation: [-0.9996573249755573f,-0.0261410737099859f,-0.0013699956212145296f,-0.3287427981527685f,-0.026176948307873153f,0.9982873293543426f,0.052318022017859046f,-0.9467124978711081f,-1.2242271432755217e-16f,0.052335956242943835f,-0.9986295347545738f,-4.025938155005324e-17f,0f,0f,0f,1f], start_interpolation: 0, interpolation_duration: 1 }
$data merge entity $(bone_right_arm) { transformation: [-0.9996573249755573f,-0.026141073709985887f,0.0013699956212147742f,0.29604302995695475f,-0.026176948307873153f,0.9982873293543426f,-0.052318022017859046f,-0.9303519051786874f,-1.2242271432755217e-16f,-0.052335956242943835f,-0.9986295347545738f,3.625481490466686e-17f,0f,0f,0f,1f], start_interpolation: 0, interpolation_duration: 1 }
$data merge entity $(bone_body) { transformation: [-0.9996573249755573f,-0.026176948307873153f,1.2246467991473532e-16f,0.03125f,-0.026176948307873153f,0.9996573249755573f,0f,-1.5625f,-1.2242271432755217e-16f,-3.205751595668258e-18f,-1f,3.827021247335479e-18f,0f,0f,0f,1f], start_interpolation: 0, interpolation_duration: 1 }