# This file was generated by Animated Java via MC-Build. It is not recommended to edit this file directly.
$data merge entity $(bone_left_foot) { transformation: [-0.9998476951563913f,-0.017356800328744662f,-0.0018242732252116256f,0.15186786028522803f,-0.017452406437283508f,0.9943704248665338f,0.10451254307640279f,-1.3103565254062417f,-1.2244602795081332e-16f,0.10452846326765343f,-0.9945218953682733f,1.8598448899166197e-17f,0f,0f,0f,1f], start_interpolation: 0, interpolation_duration: 1 }
$data merge entity $(bone_right_foot) { transformation: [-0.9998476951563913f,-0.017356800328744634f,0.0018242732252118693f,-0.16058454445114426f,-0.017452406437283508f,0.9943704248665338f,-0.10451254307640279f,-1.315810402417893f,-1.2244602795081332e-16f,-0.10452846326765343f,-0.9945218953682733f,-1.9665934835462966e-17f,0f,0f,0f,1f], start_interpolation: 0, interpolation_duration: 1 }
$data merge entity $(bone_antenna) { transformation: [-0.9998476951563913f,-0.017452406437283508f,1.2246467991473532e-16f,0.013797593562716492f,-0.017452406437283508f,0.9998476951563913f,0f,-0.5626523048436087f,-1.2244602795081332e-16f,-2.137303368083791e-18f,-1f,1.6897178792516875e-18f,0f,0f,0f,1f], start_interpolation: 0, interpolation_duration: 1 }
$data merge entity $(bone_nose) { transformation: [-1f,0f,1.2246467991473532e-16f,-0.01308454530159988f,0f,1f,0f,-0.8131596163338717f,-1.2246467991473532e-16f,3.851859888774472e-34f,-1f,0.1875f,0f,0f,0f,1f], start_interpolation: 0, interpolation_duration: 1 }
$data merge entity $(bone_head) { transformation: [-0.9998476951563913f,-0.017452406437283508f,1.2246467991473532e-16f,0.019251470574367588f,-0.017452406437283508f,0.9998476951563913f,0f,-0.875104709579981f,-1.2244602795081332e-16f,-2.137303368083791e-18f,-1f,2.3576251817778722e-18f,0f,0f,0f,1f], start_interpolation: 0, interpolation_duration: 1 }
$data merge entity $(bone_left_arm) { transformation: [-0.9998476951563913f,-0.017441774902830158f,-0.00060908020090856f,-0.3233553992333117f,-0.017452406437283508f,0.9992386149554826f,0.03489418134011366f,-0.9435944552400717f,-1.2244602795081332e-16f,0.03489949670250096f,-0.9993908270190958f,-3.959961546580897e-17f,0f,0f,0f,1f], start_interpolation: 0, interpolation_duration: 1 }
$data merge entity $(bone_right_arm) { transformation: [-0.9998476951563913f,-0.01744177490283015f,0.0006090802009088048f,0.3015494102394329f,-0.017452406437283508f,0.9992386149554826f,-0.03489418134011366f,-0.9326867012167694f,-1.2244602795081332e-16f,-0.03489949670250096f,-0.9993908270190958f,3.6929152003449354e-17f,0f,0f,0f,1f], start_interpolation: 0, interpolation_duration: 1 }
$data merge entity $(bone_body) { transformation: [-0.9998476951563913f,-0.017452406437283508f,1.2246467991473532e-16f,0.03125f,-0.017452406437283508f,0.9998476951563913f,0f,-1.5625f,-1.2244602795081332e-16f,-2.137303368083791e-18f,-1f,3.827021247335479e-18f,0f,0f,0f,1f], start_interpolation: 0, interpolation_duration: 1 }