# This file was generated by Animated Java via MC-Build. It is not recommended to edit this file directly.
$data merge entity $(bone_left_foot) { transformation: [-0.999914327574007f,-0.013049244716629662f,-0.0010269978319707653f,0.15296689205391478f,-0.013089595571344433f,0.9968319254066326f,0.07845237394677267f,-1.3108852186600801f,-1.2245418806850857e-16f,0.07845909572784489f,-0.996917333733128f,1.8733041472934544e-17f,0f,0f,0f,1f], start_interpolation: 0, interpolation_duration: 1 }
$data merge entity $(bone_right_foot) { transformation: [-0.999914327574007f,-0.01304924471662964f,0.0010269978319710094f,-0.15950633531296243f,-0.013089595571344433f,0.9968319254066326f,-0.07845237394677267f,-1.3149757172761254f,-1.2245418806850857e-16f,-0.07845909572784489f,-0.996917333733128f,-1.9533892298474384e-17f,0f,0f,0f,1f], start_interpolation: 0, interpolation_duration: 1 }
$data merge entity $(bone_antenna) { transformation: [-0.999914327574007f,-0.013089595571344433f,1.2246467991473532e-16f,0.018160404428655567f,-0.013089595571344433f,0.999914327574007f,0f,-0.562585672425993f,-1.2245418806850857e-16f,-1.603013131858033e-18f,-1f,2.2240081154774458e-18f,0f,0f,0f,1f], start_interpolation: 0, interpolation_duration: 1 }
$data merge entity $(bone_nose) { transformation: [-0.9999999999999999f,0f,1.2246467991473532e-16f,-0.009814519415196066f,0f,0.9999999999999999f,0f,-0.8129733041810993f,-1.224646799147353e-16f,-1.925929944387236e-34f,-1f,0.1875f,0f,0f,0f,1f], start_interpolation: 0, interpolation_duration: 1 }
$data merge entity $(bone_head) { transformation: [-0.999914327574007f,-0.013089595571344433f,1.2246467991473532e-16f,0.022250903044700704f,-0.013089595571344433f,0.999914327574007f,0f,-0.8750588997928702f,-1.2245418806850857e-16f,-1.603013131858033e-18f,-1f,2.724949719183081e-18f,0f,0f,0f,1f], start_interpolation: 0, interpolation_duration: 1 }
$data merge entity $(bone_left_arm) { transformation: [-0.999914327574007f,-0.01308511009386208f,-0.00034264566664192594f,-0.32065154733565515f,-0.013089595571344433f,0.9995716819073649f,0.026174705665206507f,-0.9420530937438952f,-1.2245418806850857e-16f,0.026176948307873135f,-0.9996573249755573f,-3.926848910862561e-17f,0f,0f,0f,1f], start_interpolation: 0, interpolation_duration: 1 }
$data merge entity $(bone_right_arm) { transformation: [-0.999914327574007f,-0.013085110093862073f,0.00034264566664217076f,0.3042949073980992f,-0.013089595571344433f,0.9995716819073649f,-0.026174705665206507f,-0.9338720965118049f,-1.2245418806850857e-16f,-0.026176948307873135f,-0.9996573249755573f,3.7265378434192244e-17f,0f,0f,0f,1f], start_interpolation: 0, interpolation_duration: 1 }
$data merge entity $(bone_body) { transformation: [-0.999914327574007f,-0.013089595571344433f,1.2246467991473532e-16f,0.03125f,-0.013089595571344433f,0.999914327574007f,0f,-1.5625f,-1.2245418806850857e-16f,-1.603013131858033e-18f,-1f,3.827021247335479e-18f,0f,0f,0f,1f], start_interpolation: 0, interpolation_duration: 1 }