# This file was generated by Animated Java via MC-Build. It is not recommended to edit this file directly.
$data merge entity $(bone_left_foot) { transformation: [-0.9999619230641713f,-0.00871457608476045f,-0.00045671157999527294f,0.15406360650842793f,-0.008726535498373943f,0.9985915100018623f,0.05233396345009649f,-1.3114187022966604f,-1.2246001683497691e-16f,0.05233595624294389f,-0.9986295347545738f,1.886735025756436e-17f,0f,0f,0f,1f], start_interpolation: 0, interpolation_duration: 1 }
$data merge entity $(bone_right_foot) { transformation: [-0.9999619230641713f,-0.008714576084760436f,0.00045671157999551754f,-0.15842449444912562f,-0.008726535498373943f,0.9985915100018623f,-0.05233396345009649f,-1.3141457446399023f,-1.2246001683497691e-16f,-0.05233595624294389f,-0.9986295347545738f,-1.9401405003365926e-17f,0f,0f,0f,1f], start_interpolation: 0, interpolation_duration: 1 }
$data merge entity $(bone_antenna) { transformation: [-0.9999619230641713f,-0.008726535498373943f,1.2246467991473532e-16f,0.022523464501626057f,-0.008726535498373943f,0.9999619230641713f,0f,-0.5625380769358287f,-1.2246001683497691e-16f,-1.0686923765729403e-18f,-1f,2.7583288707625387e-18f,0f,0f,0f,1f], start_interpolation: 0, interpolation_duration: 1 }
$data merge entity $(bone_nose) { transformation: [-1f,0f,1.2246467991473532e-16f,-0.006543711719535831f,0f,1f,0f,-0.8128012619361957f,-1.2246467991473532e-16f,-1.925929944387236e-34f,-1f,0.1875f,0f,0f,0f,1f], start_interpolation: 0, interpolation_duration: 1 }
$data merge entity $(bone_head) { transformation: [-0.9999619230641713f,-0.008726535498373943f,1.2246467991473532e-16f,0.025250506844867914f,-0.008726535498373943f,0.9999619230641713f,0f,-0.8750261778933822f,-1.2246001683497691e-16f,-1.0686923765729403e-18f,-1f,3.0922952384415824e-18f,0f,0f,0f,1f], start_interpolation: 0, interpolation_duration: 1 }
$data merge entity $(bone_left_arm) { transformation: [-0.9999619230641713f,-0.008725206404749618f,-0.0001522990443068822f,-0.3179409957397926f,-0.008726535498373943f,0.9998096240198643f,0.017451741903123562f,-0.940523544662459f,-1.2246001683497691e-16f,0.01745240643728353f,-0.9998476951563913f,-3.8936542275045926e-17f,0f,0f,0f,1f], start_interpolation: 0, interpolation_duration: 1 }
$data merge entity $(bone_right_arm) { transformation: [-0.9999619230641713f,-0.008725206404749615f,0.00015229904430712706f,0.30703520617531443f,-0.008726535498373943f,0.9998096240198643f,-0.017451741903123562f,-0.9350694599759752f,-1.2246001683497691e-16f,-0.01745240643728353f,-0.9998476951563913f,3.7600968246814645e-17f,0f,0f,0f,1f], start_interpolation: 0, interpolation_duration: 1 }
$data merge entity $(bone_body) { transformation: [-0.9999619230641713f,-0.008726535498373943f,1.2246467991473532e-16f,0.03125f,-0.008726535498373943f,0.9999619230641713f,0f,-1.5625f,-1.2246001683497691e-16f,-1.0686923765729403e-18f,-1f,3.827021247335479e-18f,0f,0f,0f,1f], start_interpolation: 0, interpolation_duration: 1 }