# This file was generated by Animated Java via MC-Build. It is not recommended to edit this file directly.
$data merge entity $(bone_left_foot) { transformation: [-0.9999904807207345f,0.004361814087630773f,-0.00011421812159795154f,0.15733963741127846f,0.004363309284746571f,0.999647808958311f,-0.026176699122191886f,-1.3130477934804097f,-1.2246351413924705e-16f,-0.02617694830787315f,-0.9996573249755573f,1.926854833347273e-17f,0f,0f,0f,1f], start_interpolation: 0, interpolation_duration: 1 }
$data merge entity $(bone_right_foot) { transformation: [-0.9999904807207345f,0.004361814087630766f,0.00011421812159819638f,-0.15515738781395105f,0.004363309284746571f,0.999647808958311f,0.026176699122191886f,-1.3116842593289264f,-1.2246351413924705e-16f,0.02617694830787315f,-0.9996573249755573f,-1.9001299835041975e-17f,0f,0f,0f,1f], start_interpolation: 0, interpolation_duration: 1 }
$data merge entity $(bone_antenna) { transformation: [-0.9999904807207345f,0.004363309284746571f,1.2246467991473532e-16f,0.03561330928474657f,0.004363309284746571f,0.9999904807207345f,0f,-0.5625095192792655f,-1.2246351413924705e-16f,5.343512749254816e-19f,-1f,4.361372522260961e-18f,0f,0f,0f,1f], start_interpolation: 0, interpolation_duration: 1 }
$data merge entity $(bone_nose) { transformation: [-1f,0f,1.2246467991473532e-16f,0.00327277944103695f,0f,1f,0f,-0.8123707860443008f,-1.2246467991473532e-16f,0f,-1f,0.1875f,0f,0f,0f,1f], start_interpolation: 0, interpolation_duration: 1 }
$data merge entity $(bone_head) { transformation: [-0.9999904807207345f,0.004363309284746571f,1.2246467991473532e-16f,0.034249775133263265f,0.004363309284746571f,0.9999904807207345f,0f,-0.875006544504495f,-1.2246351413924705e-16f,5.343512749254816e-19f,-1f,4.194387748846748e-18f,0f,0f,0f,1f], start_interpolation: 0, interpolation_duration: 1 }
$data merge entity $(bone_left_arm) { transformation: [-0.9999904807207345f,0.004363143143298936f,-0.000038076573363603075f,-0.3097696594447859f,0.004363309284746571f,0.9999524041473707f,-0.008726452428045504f,-0.9360060619829093f,-1.2246351413924705e-16f,-0.008726535498373935f,-0.9999619230641713f,-3.793584219120226e-17f,0f,0f,0f,1f], start_interpolation: 0, interpolation_duration: 1 }
$data merge entity $(bone_right_arm) { transformation: [-0.9999904807207345f,0.004363143143298934f,0.000038076573363848f,0.3152243910056732f,0.004363309284746571f,0.9999524041473707f,0.008726452428045504f,-0.9387331302858759f,-1.2246351413924705e-16f,0.008726535498373935f,-0.9999619230641713f,3.860385414582714e-17f,0f,0f,0f,1f], start_interpolation: 0, interpolation_duration: 1 }
$data merge entity $(bone_body) { transformation: [-0.9999904807207345f,0.004363309284746571f,1.2246467991473532e-16f,0.03125f,0.004363309284746571f,0.9999904807207345f,0f,-1.5625f,-1.2246351413924705e-16f,5.343512749254816e-19f,-1f,3.827021247335479e-18f,0f,0f,0f,1f], start_interpolation: 0, interpolation_duration: 1 }