# This file was generated by Animated Java via MC-Build. It is not recommended to edit this file directly.
$data merge entity $(bone_left_foot) { transformation: [-0.9999619230641713f,0.00871457608476045f,-0.00045671157999527294f,0.1584268742576149f,0.008726535498373943f,0.9985915100018623f,-0.05233396345009649f,-1.3136003361712538f,-1.2246001683497691e-16f,-0.05233595624294389f,-0.9986295347545738f,1.9401696445850828e-17f,0f,0f,0f,1f], start_interpolation: 0, interpolation_duration: 1 }
$data merge entity $(bone_right_foot) { transformation: [-0.9999619230641713f,0.008714576084760436f,0.00045671157999551754f,-0.15406122669993863f,0.008726535498373943f,0.9985915100018623f,0.05233396345009649f,-1.310873293828012f,-1.2246001683497691e-16f,0.05233595624294389f,-0.9986295347545738f,-1.8867058815079458e-17f,0f,0f,0f,1f], start_interpolation: 0, interpolation_duration: 1 }
$data merge entity $(bone_antenna) { transformation: [-0.9999619230641713f,0.008726535498373943f,1.2246467991473532e-16f,0.03997653549837394f,0.008726535498373943f,0.9999619230641713f,0f,-0.5625380769358287f,-1.2246001683497691e-16f,1.0686923765729403e-18f,-1f,4.89571362390842e-18f,0f,0f,0f,1f], start_interpolation: 0, interpolation_duration: 1 }
$data merge entity $(bone_nose) { transformation: [-1f,0f,1.2246467991473532e-16f,0.0065460915280250755f,0f,1f,0f,-0.8122558534675474f,-1.2246467991473532e-16f,1.925929944387236e-34f,-1f,0.1875f,0f,0f,0f,1f], start_interpolation: 0, interpolation_duration: 1 }
$data merge entity $(bone_head) { transformation: [-0.9999619230641713f,0.008726535498373943f,1.2246467991473532e-16f,0.03724949315513208f,0.008726535498373943f,0.9999619230641713f,0f,-0.8750261778933822f,-1.2246001683497691e-16f,1.0686923765729403e-18f,-1f,4.5617472562293755e-18f,0f,0f,0f,1f], start_interpolation: 0, interpolation_duration: 1 }
$data merge entity $(bone_left_arm) { transformation: [-0.9999619230641713f,0.008725206404749618f,-0.0001522990443068822f,-0.30703282636682516f,0.008726535498373943f,0.9998096240198643f,-0.017451741903123562f,-0.9345240515073269f,-1.2246001683497691e-16f,-0.01745240643728353f,-0.9998476951563913f,-3.7600676804329746e-17f,0f,0f,0f,1f], start_interpolation: 0, interpolation_duration: 1 }
$data merge entity $(bone_right_arm) { transformation: [-0.9999619230641713f,0.008725206404749615f,0.00015229904430712706f,0.3179433755482819f,0.008726535498373943f,0.9998096240198643f,0.017451741903123562f,-0.9399781361938107f,-1.2246001683497691e-16f,0.01745240643728353f,-0.9998476951563913f,3.8936833717530825e-17f,0f,0f,0f,1f], start_interpolation: 0, interpolation_duration: 1 }
$data merge entity $(bone_body) { transformation: [-0.9999619230641713f,0.008726535498373943f,1.2246467991473532e-16f,0.03125f,0.008726535498373943f,0.9999619230641713f,0f,-1.5625f,-1.2246001683497691e-16f,1.0686923765729403e-18f,-1f,3.827021247335479e-18f,0f,0f,0f,1f], start_interpolation: 0, interpolation_duration: 1 }