# This file was generated by Animated Java via MC-Build. It is not recommended to edit this file directly.
$data merge entity $(bone_left_foot) { transformation: [-0.999914327574007f,0.013049244716629662f,-0.0010269978319707653f,0.159511689839587f,0.013089595571344433f,0.9968319254066326f,-0.07845237394677267f,-1.3141576175529164f,-1.2245418806850857e-16f,-0.07845909572784489f,-0.996917333733128f,1.9534548038863558e-17f,0f,0f,0f,1f], start_interpolation: 0, interpolation_duration: 1 }
$data merge entity $(bone_right_foot) { transformation: [-0.999914327574007f,0.01304924471662964f,0.0010269978319710094f,-0.1529615375272902f,0.013089595571344433f,0.9968319254066326f,0.07845237394677267f,-1.3100671189368711f,-1.2245418806850857e-16f,0.07845909572784489f,-0.996917333733128f,-1.873238573254537e-17f,0f,0f,0f,1f], start_interpolation: 0, interpolation_duration: 1 }
$data merge entity $(bone_antenna) { transformation: [-0.999914327574007f,0.013089595571344433f,1.2246467991473532e-16f,0.04433959557134443f,0.013089595571344433f,0.999914327574007f,0f,-0.562585672425993f,-1.2245418806850857e-16f,1.603013131858033e-18f,-1f,5.430034379193512e-18f,0f,0f,0f,1f], start_interpolation: 0, interpolation_duration: 1 }
$data merge entity $(bone_nose) { transformation: [-0.9999999999999999f,0f,1.2246467991473532e-16f,0.00981987394182058f,0f,0.9999999999999999f,0f,-0.8121552044578902f,-1.224646799147353e-16f,1.925929944387236e-34f,-1f,0.1875f,0f,0f,0f,1f], start_interpolation: 0, interpolation_duration: 1 }
$data merge entity $(bone_head) { transformation: [-0.999914327574007f,0.013089595571344433f,1.2246467991473532e-16f,0.040249096955299296f,0.013089595571344433f,0.999914327574007f,0f,-0.8750588997928702f,-1.2245418806850857e-16f,1.603013131858033e-18f,-1f,4.9290927754878766e-18f,0f,0f,0f,1f], start_interpolation: 0, interpolation_duration: 1 }
$data merge entity $(bone_left_arm) { transformation: [-0.999914327574007f,0.01308511009386208f,-0.00034264566664192594f,-0.30428955287147463f,0.013089595571344433f,0.9995716819073649f,-0.026174705665206507f,-0.9330539967885959f,-1.2245418806850857e-16f,-0.026176948307873135f,-0.9996573249755573f,-3.7264722693803065e-17f,0f,0f,0f,1f], start_interpolation: 0, interpolation_duration: 1 }
$data merge entity $(bone_right_arm) { transformation: [-0.999914327574007f,0.013085110093862073f,0.00034264566664217076f,0.32065690186227974f,0.013089595571344433f,0.9995716819073649f,0.026174705665206507f,-0.9412349940206862f,-1.2245418806850857e-16f,0.026176948307873135f,-0.9996573249755573f,3.926914484901479e-17f,0f,0f,0f,1f], start_interpolation: 0, interpolation_duration: 1 }
$data merge entity $(bone_body) { transformation: [-0.999914327574007f,0.013089595571344433f,1.2246467991473532e-16f,0.03125f,0.013089595571344433f,0.999914327574007f,0f,-1.5625f,-1.2245418806850857e-16f,1.603013131858033e-18f,-1f,3.827021247335479e-18f,0f,0f,0f,1f], start_interpolation: 0, interpolation_duration: 1 }