# This file was generated by Animated Java via MC-Build. It is not recommended to edit this file directly.
$data merge entity $(bone_left_foot) { transformation: [-0.9998476951563913f,0.017356800328744666f,-0.0018242732252116264f,0.1605940635038698f,0.01745240643728351f,0.9943704248665338f,-0.10451254307640281f,-1.3147196270155626f,-1.2244602795081332e-16f,-0.10452846326765346f,-0.9945218953682733f,1.9667100583208093e-17f,0f,0f,0f,1f], start_interpolation: 0, interpolation_duration: 1 }
$data merge entity $(bone_right_foot) { transformation: [-0.9998476951563913f,0.017356800328744638f,0.0018242732252118702f,-0.1518583412325025f,0.01745240643728351f,0.9943704248665338f,0.10451254307640281f,-1.3092657500039115f,-1.2244602795081332e-16f,0.10452846326765346f,-0.9945218953682733f,-1.859728315142107e-17f,0f,0f,0f,1f], start_interpolation: 0, interpolation_duration: 1 }
$data merge entity $(bone_antenna) { transformation: [-0.9998476951563913f,0.01745240643728351f,1.2246467991473532e-16f,0.04870240643728351f,0.01745240643728351f,0.9998476951563913f,0f,-0.5626523048436087f,-1.2244602795081332e-16f,2.1373033680837913e-18f,-1f,5.96432461541927e-18f,0f,0f,0f,1f], start_interpolation: 0, interpolation_duration: 1 }
$data merge entity $(bone_nose) { transformation: [-1f,0f,1.2246467991473532e-16f,0.01309406435432538f,0f,1f,0f,-0.8120688409315414f,-1.2246467991473532e-16f,-3.851859888774472e-34f,-1f,0.1875f,0f,0f,0f,1f], start_interpolation: 0, interpolation_duration: 1 }
$data merge entity $(bone_head) { transformation: [-0.9998476951563913f,0.01745240643728351f,1.2246467991473532e-16f,0.04324852942563241f,0.01745240643728351f,0.9998476951563913f,0f,-0.875104709579981f,-1.2244602795081332e-16f,2.1373033680837913e-18f,-1f,5.296417312893085e-18f,0f,0f,0f,1f], start_interpolation: 0, interpolation_duration: 1 }
$data merge entity $(bone_left_arm) { transformation: [-0.9998476951563913f,0.01744177490283016f,-0.0006090802009085602f,-0.3015398911867073f,0.01745240643728351f,0.9992386149554826f,-0.03489418134011367f,-0.9315959258144393f,-1.2244602795081332e-16f,-0.03489949670250097f,-0.9993908270190958f,-3.692798625570423e-17f,0f,0f,0f,1f], start_interpolation: 0, interpolation_duration: 1 }
$data merge entity $(bone_right_arm) { transformation: [-0.9998476951563913f,0.017441774902830155f,0.000609080200908805f,0.32336491828603725f,0.01745240643728351f,0.9992386149554826f,0.03489418134011367f,-0.9425036798377415f,-1.2244602795081332e-16f,0.03489949670250097f,-0.9993908270190958f,3.9600781213554096e-17f,0f,0f,0f,1f], start_interpolation: 0, interpolation_duration: 1 }
$data merge entity $(bone_body) { transformation: [-0.9998476951563913f,0.01745240643728351f,1.2246467991473532e-16f,0.03125f,0.01745240643728351f,0.9998476951563913f,0f,-1.5625f,-1.2244602795081332e-16f,2.1373033680837913e-18f,-1f,3.827021247335479e-18f,0f,0f,0f,1f], start_interpolation: 0, interpolation_duration: 1 }