# This file was generated by Animated Java via MC-Build. It is not recommended to edit this file directly.
$data merge entity $(bone_left_foot) { transformation: [-0.9996573249755573f,0.025854666636047952f,-0.004094976904927793f,0.16275140269891294f,0.02617694830787315f,0.9873498844688825f,-0.1563808588560995f,-1.315857787294595f,-1.2242271432755217e-16f,-0.15643446504023087f,-0.9876883405951378f,1.9931298437196564e-17f,0f,0f,0f,1f], start_interpolation: 0, interpolation_duration: 1 }
$data merge entity $(bone_right_foot) { transformation: [-0.9996573249755573f,0.02585466663604791f,0.004094976904928034f,-0.14964151135594872f,0.02617694830787315f,0.9873498844688825f,0.1563808588560995f,-1.3076774909483846f,-1.2242271432755217e-16f,0.15643446504023087f,-0.9876883405951378f,-1.8325799790163488e-17f,0f,0f,0f,1f], start_interpolation: 0, interpolation_duration: 1 }
$data merge entity $(bone_antenna) { transformation: [-0.9996573249755573f,0.02617694830787315f,1.2246467991473532e-16f,0.05742694830787315f,0.02617694830787315f,0.9996573249755573f,0f,-0.5628426750244429f,-1.2242271432755217e-16f,3.2057515956682574e-18f,-1f,7.032772843003735e-18f,0f,0f,0f,1f], start_interpolation: 0, interpolation_duration: 1 }
$data merge entity $(bone_nose) { transformation: [-0.9999999999999999f,0f,1.2246467991473532e-16f,0.019643419825418677f,0f,0.9999999999999999f,0f,-0.8119389766337111f,-1.224646799147353e-16f,-3.851859888774472e-34f,-1f,0.1875f,0f,0f,0f,1f], start_interpolation: 0, interpolation_duration: 1 }
$data merge entity $(bone_head) { transformation: [-0.9996573249755573f,0.02617694830787315f,1.2246467991473532e-16f,0.04924665196166279f,0.02617694830787315f,0.9996573249755573f,0f,-0.8752355890793044f,-1.2242271432755217e-16f,3.2057515956682574e-18f,-1f,6.0309754693574055e-18f,0f,0f,0f,1f], start_interpolation: 0, interpolation_duration: 1 }
$data merge entity $(bone_left_arm) { transformation: [-0.9996573249755573f,0.026141073709985897f,-0.0013699956212145294f,-0.29602161276792704f,0.02617694830787315f,0.9982873293543426f,-0.05231802201785904f,-0.9287158459094453f,-1.2242271432755217e-16f,-0.05233595624294383f,-0.9986295347545738f,-3.6252192055467916e-17f,0f,0f,0f,1f], start_interpolation: 0, interpolation_duration: 1 }
$data merge entity $(bone_right_arm) { transformation: [-0.9996573249755573f,0.026141073709985883f,0.001369995621214774f,0.32876421534179623f,0.02617694830787315f,0.9982873293543426f,0.05231802201785904f,-0.9450764386018661f,-1.2242271432755217e-16f,0.05233595624294383f,-0.9986295347545738f,4.026200439925219e-17f,0f,0f,0f,1f], start_interpolation: 0, interpolation_duration: 1 }
$data merge entity $(bone_body) { transformation: [-0.9996573249755573f,0.02617694830787315f,1.2246467991473532e-16f,0.03125f,0.02617694830787315f,0.9996573249755573f,0f,-1.5625f,-1.2242271432755217e-16f,3.2057515956682574e-18f,-1f,3.827021247335479e-18f,0f,0f,0f,1f], start_interpolation: 0, interpolation_duration: 1 }