# This file was generated by Animated Java via MC-Build. It is not recommended to edit this file directly.
$data merge entity $(bone_left_foot) { transformation: [-0.9995335908367129f,0.030027142983264803f,-0.005565202002540798f,0.1638263271570448f,0.030538513209822656f,0.9827963084652198f,-0.1821505291731815f,-1.3164339164420495f,-1.2240756126584407e-16f,-0.18223552549214747f,-0.9832549075639546f,2.00629387168942e-17f,0f,0f,0f,1f], start_interpolation: 0, interpolation_duration: 1 }
$data merge entity $(bone_right_foot) { transformation: [-0.9995335908367129f,0.03002714298326476f,0.005565202002541039f,-0.148527919979428f,0.030538513209822656f,0.9827963084652198f,0.1821505291731815f,-1.30689063106398f,-1.2240756126584407e-16f,0.18223552549214747f,-0.9832549075639546f,-1.818942417868207e-17f,0f,0f,0f,1f], start_interpolation: 0, interpolation_duration: 1 }
$data merge entity $(bone_antenna) { transformation: [-0.9995335908367129f,0.030538513209822656f,1.2246467991473532e-16f,0.061788513209822656f,0.030538513209822656f,0.9995335908367129f,0f,-0.5629664091632871f,-1.2240756126584407e-16f,3.739889245312848e-18f,-1f,7.566910492648326e-18f,0f,0f,0f,1f], start_interpolation: 0, interpolation_duration: 1 }
$data merge entity $(bone_nose) { transformation: [-0.9999999999999999f,0f,1.2246467991473532e-16f,0.022918460193719688f,0f,0.9999999999999999f,0f,-0.8118954783346584f,-1.224646799147353e-16f,0f,-1f,0.1875f,0f,0f,0f,1f], start_interpolation: 0, interpolation_duration: 1 }
$data merge entity $(bone_head) { transformation: [-0.9995335908367129f,0.030538513209822656f,1.2246467991473532e-16f,0.052245227831753074f,0.030538513209822656f,0.9995335908367129f,0f,-0.8753206562997599f,-1.2240756126584407e-16f,3.739889245312848e-18f,-1f,6.398195103488062e-18f,0f,0f,0f,1f], start_interpolation: 0, interpolation_duration: 1 }
$data merge entity $(bone_left_arm) { transformation: [-0.9995335908367129f,0.030481552726789863f,-0.0018643316310254846f,-0.2932531010939809f,0.030538513209822656f,0.9976692592056873f,-0.06102006593661251f,-0.9272938918111779f,-1.2240756126584407e-16f,-0.06104853953485685f,-0.9981347984218669f,-3.591314715947789e-17f,0f,0f,0f,1f], start_interpolation: 0, interpolation_duration: 1 }
$data merge entity $(bone_right_arm) { transformation: [-0.9995335908367129f,0.03048155272678985f,0.0018643316310257292f,0.33145539317896466f,0.030538513209822656f,0.9976692592056873f,0.06102006593661251f,-0.9463804625673171f,-1.2240756126584407e-16f,0.061048539534856866f,-0.9981347984218669f,4.059157863167465e-17f,0f,0f,0f,1f], start_interpolation: 0, interpolation_duration: 1 }
$data merge entity $(bone_body) { transformation: [-0.9995335908367129f,0.030538513209822656f,1.2246467991473532e-16f,0.03125f,0.030538513209822656f,0.9995335908367129f,0f,-1.5625f,-1.2240756126584407e-16f,3.739889245312848e-18f,-1f,3.827021247335479e-18f,0f,0f,0f,1f], start_interpolation: 0, interpolation_duration: 1 }