# This file was generated by Animated Java via MC-Build. It is not recommended to edit this file directly.
$data merge entity $(bone_left_foot) { transformation: [-0.9997620270799091f,0.02162825566897608f,-0.00284741387727933f,0.16167397464362893f,0.02181488503456112f,0.9912089243450402f,-0.13049513052094064f,-1.315286353859343f,-1.22435536637248e-16f,-0.13052619222005157f,-0.9914448613738104f,1.979935155527505e-17f,0f,0f,0f,1f], start_interpolation: 0, interpolation_duration: 1 }
$data merge entity $(bone_right_foot) { transformation: [-0.9997620270799091f,0.021628255668976044f,0.002847413877279573f,-0.1507516588188427f,0.02181488503456112f,0.9912089243450402f,0.13049513052094064f,-1.3084692022860425f,-1.22435536637248e-16f,0.13052619222005157f,-0.9914448613738104f,-1.8461753643864953e-17f,0f,0f,0f,1f], start_interpolation: 0, interpolation_duration: 1 }
$data merge entity $(bone_antenna) { transformation: [-0.9997620270799091f,0.02181488503456112f,1.2246467991473532e-16f,0.053064885034561124f,0.02181488503456112f,0.9997620270799091f,0f,-0.562737972920091f,-1.22435536637248e-16f,2.6715529131342774e-18f,-1f,6.4985741604697554e-18f,0f,0f,0f,1f], start_interpolation: 0, interpolation_duration: 1 }
$data merge entity $(bone_nose) { transformation: [-1f,0f,1.2246467991473532e-16f,0.01636860042967366f,0f,1f,0f,-0.8119967645327382f,-1.2246467991473532e-16f,3.851859888774472e-34f,-1f,0.1875f,0f,0f,0f,1f], start_interpolation: 0, interpolation_duration: 1 }
$data merge entity $(bone_head) { transformation: [-0.9997620270799091f,0.02181488503456112f,1.2246467991473532e-16f,0.04624773346126077f,0.02181488503456112f,0.9997620270799091f,0f,-0.8751636063825625f,-1.22435536637248e-16f,2.6715529131342774e-18f,-1f,5.663713875115294e-18f,0f,0f,0f,1f], start_interpolation: 0, interpolation_duration: 1 }
$data merge entity $(bone_left_arm) { transformation: [-0.9997620270799091f,0.02179412209779098f,-0.0009515519206526704f,-0.29878389366211805f,0.02181488503456112f,0.9988104751592564f,-0.0436090071323521f,-0.9301498663444264f,-1.22435536637248e-16f,-0.043619387365336f,-0.9990482215818578f,-3.6590473901009604e-17f,0f,0f,0f,1f], start_interpolation: 0, interpolation_duration: 1 }
$data merge entity $(bone_right_arm) { transformation: [-0.9997620270799091f,0.021794122097790965f,0.000951551920652915f,0.32606737326282514f,0.02181488503456112f,0.9988104751592564f,0.0436090071323521f,-0.9437841694910272f,-1.22435536637248e-16f,0.043619387365336f,-0.9990482215818578f,3.99317364972704e-17f,0f,0f,0f,1f], start_interpolation: 0, interpolation_duration: 1 }
$data merge entity $(bone_body) { transformation: [-0.9997620270799091f,0.02181488503456112f,1.2246467991473532e-16f,0.03125f,0.02181488503456112f,0.9997620270799091f,0f,-1.5625f,-1.22435536637248e-16f,2.6715529131342774e-18f,-1f,3.827021247335479e-18f,0f,0f,0f,1f], start_interpolation: 0, interpolation_duration: 1 }