# This file was generated by Animated Java via MC-Build. It is not recommended to edit this file directly.
$data merge entity $(bone_left_foot) { transformation: [-0.999914327574007f,0.013049244716629669f,-0.0010269978319707666f,0.159511689839587f,0.01308959557134444f,0.9968319254066326f,-0.07845237394677272f,-1.3141576175529164f,-1.2245418806850857e-16f,-0.07845909572784494f,-0.996917333733128f,1.9534548038863558e-17f,0f,0f,0f,1f], start_interpolation: 0, interpolation_duration: 1 }
$data merge entity $(bone_right_foot) { transformation: [-0.999914327574007f,0.013049244716629648f,0.0010269978319710107f,-0.1529615375272902f,0.01308959557134444f,0.9968319254066326f,0.07845237394677272f,-1.3100671189368711f,-1.2245418806850857e-16f,0.07845909572784494f,-0.996917333733128f,-1.873238573254537e-17f,0f,0f,0f,1f], start_interpolation: 0, interpolation_duration: 1 }
$data merge entity $(bone_antenna) { transformation: [-0.999914327574007f,0.01308959557134444f,1.2246467991473532e-16f,0.04433959557134444f,0.01308959557134444f,0.999914327574007f,0f,-0.562585672425993f,-1.2245418806850857e-16f,1.6030131318580337e-18f,-1f,5.430034379193512e-18f,0f,0f,0f,1f], start_interpolation: 0, interpolation_duration: 1 }
$data merge entity $(bone_nose) { transformation: [-0.9999999999999999f,0f,1.2246467991473532e-16f,0.009819873941820587f,0f,0.9999999999999999f,0f,-0.8121552044578902f,-1.224646799147353e-16f,0f,-1f,0.1875f,0f,0f,0f,1f], start_interpolation: 0, interpolation_duration: 1 }
$data merge entity $(bone_head) { transformation: [-0.999914327574007f,0.01308959557134444f,1.2246467991473532e-16f,0.0402490969552993f,0.01308959557134444f,0.999914327574007f,0f,-0.8750588997928702f,-1.2245418806850857e-16f,1.6030131318580337e-18f,-1f,4.9290927754878766e-18f,0f,0f,0f,1f], start_interpolation: 0, interpolation_duration: 1 }
$data merge entity $(bone_left_arm) { transformation: [-0.999914327574007f,0.013085110093862087f,-0.00034264566664192627f,-0.30428955287147463f,0.01308959557134444f,0.9995716819073649f,-0.02617470566520652f,-0.9330539967885959f,-1.2245418806850857e-16f,-0.02617694830787315f,-0.9996573249755573f,-3.7264722693803065e-17f,0f,0f,0f,1f], start_interpolation: 0, interpolation_duration: 1 }
$data merge entity $(bone_right_arm) { transformation: [-0.999914327574007f,0.01308511009386208f,0.0003426456666421711f,0.32065690186227974f,0.01308959557134444f,0.9995716819073649f,0.02617470566520652f,-0.9412349940206862f,-1.2245418806850857e-16f,0.02617694830787315f,-0.9996573249755573f,3.926914484901479e-17f,0f,0f,0f,1f], start_interpolation: 0, interpolation_duration: 1 }
$data merge entity $(bone_body) { transformation: [-0.999914327574007f,0.01308959557134444f,1.2246467991473532e-16f,0.03125f,0.01308959557134444f,0.999914327574007f,0f,-1.5625f,-1.2245418806850857e-16f,1.6030131318580337e-18f,-1f,3.827021247335479e-18f,0f,0f,0f,1f], start_interpolation: 0, interpolation_duration: 1 }