# This file was generated by Animated Java via MC-Build. It is not recommended to edit this file directly.
$data merge entity $(bone_body) { transformation: [-0.9990482215818578f,0.043619387365336f,1.2246467991473532e-16f,0.03125000000000001f,0.043619387365336f,0.9990482215818578f,0f,-1.0625f,-1.223481206754078e-16f,5.341834311772723e-18f,-1f,-0.031249999999999997f,0f,0f,0f,1f], start_interpolation: 0, interpolation_duration: 1 }
$data merge entity $(bone_left_leg) { transformation: [-1f,-1.5984848350717833e-17f,1.2141697760125282e-16f,1.1481063742006436e-17f,0f,0.9914448613738104f,0.13052619222005157f,-1.03125f,-1.2246467991473532e-16f,0.13052619222005157f,-0.9914448613738104f,-0.09375f,0f,0f,0f,1f], start_interpolation: 0, interpolation_duration: 1 }
$data merge entity $(bone_right_leg) { transformation: [-1f,1.5984848350717833e-17f,1.2141697760125282e-16f,0.12499999999999997f,0f,0.9914448613738104f,-0.13052619222005157f,-1.03125f,-1.2246467991473532e-16f,-0.13052619222005157f,-0.9914448613738104f,0.21875000000000003f,0f,0f,0f,1f], start_interpolation: 0, interpolation_duration: 1 }
$data merge entity $(bone_left_arm) { transformation: [-0.9990482215818774f,0.04361938736488469f,-8.051640527551282e-14f,0.03125f,0.04345340242691567f,0.995246541477864f,-0.08715574274753805f,-1.0625f,-0.0038016801038989675f,-0.087072789792579f,-0.9961946980917561f,3.827021247335479e-18f,0f,0f,0f,1f], start_interpolation: 0, interpolation_duration: 1 }
$data merge entity $(bone_right_arm) { transformation: [-0.9990482215818774f,0.04361938736488466f,8.076040260518194e-14f,0.03125000000000001f,0.04345340242691567f,0.995246541477864f,0.08715574274753805f,-1.0625f,0.003801680103898723f,0.087072789792579f,-0.9961946980917561f,-0.06249999999999999f,0f,0f,0f,1f], start_interpolation: 0, interpolation_duration: 1 }
$data merge entity $(block_display_plant) { transformation: [-0.49906739921093346f,0.03052426976742843f,6.123233995736766e-17f,0.3143977728612521f,0.03052426976742843f,0.49906739921093346f,0f,-0.017243911560480774f,-6.111812930024639e-17f,3.7381449266991546e-18f,-0.5f,0.25000000000000006f,0f,0f,0f,1f], start_interpolation: 0, interpolation_duration: 1 }
$data merge entity $(bone_hat) { transformation: [-0.9981347984218669f,0.06104853953485686f,1.2246467991473532e-16f,7.654042494670958e-18f,0.06104853953485686f,0.9981347984218669f,0f,-1.0625f,-1.2223625860049279e-16f,7.476289853398309e-18f,-1f,-0.0625f,0f,0f,0f,1f], start_interpolation: 0, interpolation_duration: 1 }