# This file was generated by Animated Java via MC-Build. It is not recommended to edit this file directly.
$data merge entity $(bone_body) { transformation: [-0.9992290362407229f,0.0392598157590686f,1.2246467991473532e-16f,0.03125000000000001f,0.0392598157590686f,0.9992290362407229f,0f,-1.0625f,-1.223702640847296e-16f,4.807940770445818e-18f,-1f,-0.031249999999999997f,0f,0f,0f,1f], start_interpolation: 0, interpolation_duration: 1 }
$data merge entity $(bone_left_leg) { transformation: [-1f,-1.439417975768511e-17f,1.2161581071440516e-16f,1.071565949253934e-17f,0f,0.9930684569549263f,0.11753739745783762f,-1.034375f,-1.2246467991473532e-16f,0.11753739745783762f,-0.9930684569549263f,-0.0875f,0f,0f,0f,1f], start_interpolation: 0, interpolation_duration: 1 }
$data merge entity $(bone_right_leg) { transformation: [-1f,1.439417975768511e-17f,1.2161581071440516e-16f,0.12499999999999997f,0f,0.9930684569549263f,-0.11753739745783762f,-1.034375f,-1.2246467991473532e-16f,-0.11753739745783762f,-0.9930684569549263f,0.21250000000000002f,0f,0f,0f,1f], start_interpolation: 0, interpolation_duration: 1 }
$data merge entity $(bone_left_arm) { transformation: [-0.9992290355403227f,0.03925833794955099f,0.00034268731411411877f,0.03125f,0.03911045611386599f,0.9961499155935825f,-0.07845838314331942f,-1.0625f,-0.003421513659445558f,-0.07838449186119274f,-0.9969173309156285f,-0.003124999999999999f,0f,0f,0f,1f], start_interpolation: 0, interpolation_duration: 1 }
$data merge entity $(bone_right_arm) { transformation: [-0.9992290355403227f,0.03925833794955098f,-0.0003426873141138746f,0.03125000000000001f,0.03911045611386599f,0.9961499155935825f,0.07845838314331942f,-1.0625f,0.0034215136594453136f,0.07838449186119274f,-0.9969173309156285f,-0.05937499999999999f,0f,0f,0f,1f], start_interpolation: 0, interpolation_duration: 1 }
$data merge entity $(block_display_plant) { transformation: [-0.49924454872526897f,0.027475089956222866f,6.123233995736766e-17f,0.308006840519608f,0.027475089956222866f,0.49924454872526897f,0f,-0.015342878936914772f,-6.113982385881655e-17f,3.3647280971173926e-18f,-0.5f,0.25000000000000006f,0f,0f,0f,1f], start_interpolation: 0, interpolation_duration: 1 }
$data merge entity $(bone_hat) { transformation: [-0.9984890974505379f,0.05495017991244573f,1.2246467991473532e-16f,7.654042494670958e-18f,0.05495017991244573f,0.9984890974505379f,0f,-1.0625f,-1.222796477176331e-16f,6.729456194234785e-18f,-1f,-0.0625f,0f,0f,0f,1f], start_interpolation: 0, interpolation_duration: 1 }