# This file was generated by Animated Java via MC-Build. It is not recommended to edit this file directly.
$data merge entity $(bone_body) { transformation: [-0.9997620270799091f,0.02181488503456112f,1.2246467991473532e-16f,0.03125000000000001f,0.02181488503456112f,0.9997620270799091f,0f,-1.0625f,-1.22435536637248e-16f,2.6715529131342774e-18f,-1f,-0.031249999999999997f,0f,0f,0f,1f], start_interpolation: 0, interpolation_duration: 1 }
$data merge entity $(bone_left_leg) { transformation: [-1f,-8.00957328659154e-18f,1.2220247363447802e-16f,7.654042494670958e-18f,0f,0.9978589232386035f,0.06540312923014306f,-1.046875f,-1.2246467991473532e-16f,0.06540312923014306f,-0.9978589232386035f,-0.0625f,0f,0f,0f,1f], start_interpolation: 0, interpolation_duration: 1 }
$data merge entity $(bone_right_leg) { transformation: [-1f,8.00957328659154e-18f,1.2220247363447802e-16f,0.12499999999999997f,0f,0.9978589232386035f,-0.06540312923014306f,-1.046875f,-1.2246467991473532e-16f,-0.06540312923014306f,-0.9978589232386035f,0.18750000000000003f,0f,0f,0f,1f], start_interpolation: 0, interpolation_duration: 1 }
$data merge entity $(bone_left_arm) { transformation: [-0.9997620262264896f,0.021794161321384484f,0.0009515502096764049f,0.03125f,0.021731951351540286f,0.998812279621386f,-0.04360908584211019f,-1.0625f,-0.0019008434860221517f,-0.043578028980527775f,-0.9990482181477598f,-0.015624999999999997f,0f,0f,0f,1f], start_interpolation: 0, interpolation_duration: 1 }
$data merge entity $(bone_right_arm) { transformation: [-0.9997620262264896f,0.02179416132138447f,-0.0009515502096761603f,0.03125000000000001f,0.021731951351540286f,0.998812279621386f,0.04360908584211019f,-1.0625f,0.0019008434860219067f,0.043578028980527775f,-0.9990482181477598f,-0.04687499999999999f,0f,0f,0f,1f], start_interpolation: 0, interpolation_duration: 1 }
$data merge entity $(block_display_plant) { transformation: [-0.49976679541835645f,0.015269256604911328f,6.123233995736766e-17f,0.28233056799461476f,0.015269256604911328f,0.49976679541835645f,0f,-0.008130188038448338f,-6.120378063292204e-17f,1.869944622656424e-18f,-0.5f,0.25000000000000006f,0f,0f,0f,1f], start_interpolation: 0, interpolation_duration: 1 }
$data merge entity $(bone_hat) { transformation: [-0.9995335908367129f,0.030538513209822656f,1.2246467991473532e-16f,7.654042494670958e-18f,0.030538513209822656f,0.9995335908367129f,0f,-1.0625f,-1.2240756126584407e-16f,3.739889245312848e-18f,-1f,-0.0625f,0f,0f,0f,1f], start_interpolation: 0, interpolation_duration: 1 }