# This file was generated by Animated Java via MC-Build. It is not recommended to edit this file directly.
$data merge entity $(bone_body) { transformation: [-0.999914327574007f,-0.013089595571344433f,1.2246467991473532e-16f,0.03125000000000001f,-0.013089595571344433f,0.999914327574007f,0f,-1.0625f,-1.2245418806850857e-16f,-1.603013131858033e-18f,-1f,-0.031249999999999997f,0f,0f,0f,1f], start_interpolation: 0, interpolation_duration: 1 }
$data merge entity $(bone_left_leg) { transformation: [-1f,4.807940770445816e-18f,1.223702640847296e-16f,1.530808498934193e-18f,0f,0.9992290362407229f,-0.03925981575906858f,-1.053125f,-1.2246467991473532e-16f,-0.03925981575906858f,-0.9992290362407229f,-0.012500000000000011f,0f,0f,0f,1f], start_interpolation: 0, interpolation_duration: 1 }
$data merge entity $(bone_right_leg) { transformation: [-1f,-4.807940770445816e-18f,1.223702640847296e-16f,0.12499999999999999f,0f,0.9992290362407229f,0.03925981575906858f,-1.053125f,-1.2246467991473532e-16f,0.03925981575906858f,-0.9992290362407229f,0.13750000000000004f,0f,0f,0f,1f], start_interpolation: 0, interpolation_duration: 1 }
$data merge entity $(bone_left_arm) { transformation: [-0.999914327574007f,-0.013085110093862082f,-0.00034264566664192594f,0.03125000000000001f,-0.013089595571344433f,0.999571681907365f,0.02617470566520651f,-1.0625f,-1.2245418806850857e-16f,0.02617694830787314f,-0.9996573249755573f,-0.04062499999999999f,0f,0f,0f,1f], start_interpolation: 0, interpolation_duration: 1 }
$data merge entity $(bone_right_arm) { transformation: [-0.999914327574007f,-0.013085110093862075f,0.00034264566664217076f,0.03125f,-0.013089595571344433f,0.999571681907365f,-0.02617470566520651f,-1.0625f,-1.2245418806850857e-16f,-0.02617694830787314f,-0.9996573249755573f,-0.021875000000000002f,0f,0f,0f,1f], start_interpolation: 0, interpolation_duration: 1 }
$data merge entity $(block_display_plant) { transformation: [-0.49991604217341534f,-0.009162465698051393f,-4.469473864763567e-9f,0.23048778427176964f,-0.009162465698051393f,0.4999160421734154f,-8.19165581429111e-11f,0.004402822518731364f,4.470224485448416e-9f,-1.1220784289416057e-18f,-0.5f,0.24999999776488774f,0f,0f,0f,1f], start_interpolation: 0, interpolation_duration: 1 }
$data merge entity $(bone_hat) { transformation: [-0.9998320843468307f,-0.018324931396102785f,-8.938947729527135e-9f,7.654042494670958e-18f,-0.018324931396102785f,0.9998320843468308f,-1.638331162858222e-10f,-1.0625f,8.940448970896832e-9f,-2.2441568578832114e-18f,-1f,-0.0625f,0f,0f,0f,1f], start_interpolation: 0, interpolation_duration: 1 }