# This file was generated by Animated Java via MC-Build. It is not recommended to edit this file directly.
$data merge entity $(bone_body) { transformation: [-0.9998476951563913f,-0.017452406437283508f,1.2246467991473532e-16f,0.03125000000000001f,-0.017452406437283508f,0.9998476951563913f,0f,-1.0625f,-1.2244602795081332e-16f,-2.137303368083791e-18f,-1f,-0.031249999999999997f,0f,0f,0f,1f], start_interpolation: 0, interpolation_duration: 1 }
$data merge entity $(bone_left_leg) { transformation: [-1f,6.409306129323708e-18f,1.2229684632711994e-16f,7.654042494670965e-19f,0f,0.9986295347545738f,-0.052335956242943814f,-1.05f,-1.2246467991473532e-16f,-0.052335956242943814f,-0.9986295347545738f,-0.0062500000000000056f,0f,0f,0f,1f], start_interpolation: 0, interpolation_duration: 1 }
$data merge entity $(bone_right_leg) { transformation: [-1f,-6.409306129323708e-18f,1.2229684632711994e-16f,0.12499999999999999f,0f,0.9986295347545738f,0.052335956242943814f,-1.05f,-1.2246467991473532e-16f,0.052335956242943814f,-0.9986295347545738f,0.13125000000000003f,0f,0f,0f,1f], start_interpolation: 0, interpolation_duration: 1 }
$data merge entity $(bone_left_arm) { transformation: [-0.9998476951563913f,-0.017441774902830158f,-0.00060908020090856f,0.03125000000000001f,-0.017452406437283508f,0.9992386149554826f,0.03489418134011367f,-1.0625f,-1.2244602795081332e-16f,0.03489949670250096f,-0.9993908270190958f,-0.04374999999999999f,0f,0f,0f,1f], start_interpolation: 0, interpolation_duration: 1 }
$data merge entity $(bone_right_arm) { transformation: [-0.9998476951563913f,-0.01744177490283015f,0.0006090802009088048f,0.03125f,-0.017452406437283508f,0.9992386149554826f,-0.03489418134011367f,-1.0625f,-1.2244602795081332e-16f,-0.03489949670250096f,-0.9993908270190958f,-0.01875f,0f,0f,0f,1f], start_interpolation: 0, interpolation_duration: 1 }
$data merge entity $(block_display_plant) { transformation: [-0.49985074489059156f,-0.012216089076326573f,-5.958520124051512e-9f,0.2239661868821769f,-0.012216089076326573f,0.49985074489059156f,-1.456230966754883e-10f,0.005790877521685056f,5.9602993343465735e-9f,-1.4960394385422284e-18f,-0.49999999999999994f,0.24999999701985026f,0f,0f,0f,1f], start_interpolation: 0, interpolation_duration: 1 }
$data merge entity $(bone_hat) { transformation: [-0.9997014897811831f,-0.024432178152653146f,-1.1917040248103024e-8f,7.654042494670958e-18f,-0.024432178152653146f,0.9997014897811831f,-2.912461933509766e-10f,-1.0625f,1.1920598668693147e-8f,-2.992078877084457e-18f,-0.9999999999999999f,-0.0625f,0f,0f,0f,1f], start_interpolation: 0, interpolation_duration: 1 }