# This file was generated by Animated Java via MC-Build. It is not recommended to edit this file directly.
$data merge entity $(bone_body) { transformation: [-0.9997620270799091f,-0.02181488503456112f,1.2246467991473532e-16f,0.03125000000000001f,-0.02181488503456112f,0.9997620270799091f,0f,-1.0625f,-1.22435536637248e-16f,-2.6715529131342774e-18f,-1f,-0.031249999999999997f,0f,0f,0f,1f], start_interpolation: 0, interpolation_duration: 1 }
$data merge entity $(bone_left_leg) { transformation: [-1f,8.00957328659154e-18f,1.2220247363447802e-16f,0f,0f,0.9978589232386035f,-0.06540312923014306f,-1.046875f,-1.2246467991473532e-16f,-0.06540312923014306f,-0.9978589232386035f,0f,0f,0f,0f,1f], start_interpolation: 0, interpolation_duration: 1 }
$data merge entity $(bone_right_leg) { transformation: [-1f,-8.00957328659154e-18f,1.2220247363447802e-16f,0.12499999999999999f,0f,0.9978589232386035f,0.06540312923014306f,-1.046875f,-1.2246467991473532e-16f,0.06540312923014306f,-0.9978589232386035f,0.12500000000000003f,0f,0f,0f,1f], start_interpolation: 0, interpolation_duration: 1 }
$data merge entity $(bone_left_arm) { transformation: [-0.9997620270799091f,-0.021794122097790983f,-0.0009515519206526706f,0.03125000000000001f,-0.021814885034561124f,0.9988104751592563f,0.04360900713235209f,-1.0625f,-1.2248974674587229e-16f,0.04361938736533599f,-0.9990482215818578f,-0.04687499999999999f,0f,0f,0f,1f], start_interpolation: 0, interpolation_duration: 1 }
$data merge entity $(bone_right_arm) { transformation: [-0.9997620270799091f,-0.02179412209779097f,0.0009515519206529151f,0.03125f,-0.021814885034561124f,0.9988104751592563f,-0.04360900713235209f,-1.0625f,-1.2238132652862374e-16f,-0.04361938736533599f,-0.9990482215818578f,-0.015624999999999997f,0f,0f,0f,1f], start_interpolation: 0, interpolation_duration: 1 }
$data merge entity $(block_display_plant) { transformation: [-0.4997667954183564f,-0.015269256604911328f,-7.4468992604009225e-9f,0.21743623207805368f,-0.015269256604911328f,0.49976679541835645f,-2.2752335228228304e-10f,0.007139068708665208f,7.450374183247012e-9f,-1.869944622656424e-18f,-0.49999999999999994f,0.24999999627481284f,0f,0f,0f,1f], start_interpolation: 0, interpolation_duration: 1 }
$data merge entity $(bone_hat) { transformation: [-0.9995335908367128f,-0.030538513209822656f,-1.4893798520801845e-8f,7.654042494670958e-18f,-0.030538513209822656f,0.9995335908367129f,-4.550467045645661e-10f,-1.0625f,1.4900748366494023e-8f,-3.739889245312848e-18f,-0.9999999999999999f,-0.0625f,0f,0f,0f,1f], start_interpolation: 0, interpolation_duration: 1 }