# This file was generated by Animated Java via MC-Build. It is not recommended to edit this file directly.
$data merge entity $(bone_body) { transformation: [-0.9995335908367129f,-0.030538513209822666f,1.2246467991473532e-16f,0.03125000000000001f,-0.030538513209822666f,0.9995335908367129f,0f,-1.0625f,-1.2240756126584407e-16f,-3.739889245312849e-18f,-1f,-0.031249999999999997f,0f,0f,0f,1f], start_interpolation: 0, interpolation_duration: 1 }
$data merge entity $(bone_left_leg) { transformation: [-1f,1.1205716441293747e-17f,1.2195093171294713e-16f,-1.530808498934193e-18f,0f,0.9958049275746618f,-0.09150161866340241f,-1.040625f,-1.2246467991473532e-16f,-0.09150161866340241f,-0.9958049275746618f,0.012500000000000011f,0f,0f,0f,1f], start_interpolation: 0, interpolation_duration: 1 }
$data merge entity $(bone_right_leg) { transformation: [-1f,-1.1205716441293747e-17f,1.2195093171294713e-16f,0.12499999999999999f,0f,0.9958049275746618f,0.09150161866340241f,-1.040625f,-1.2246467991473532e-16f,0.09150161866340241f,-0.9958049275746618f,0.1125f,0f,0f,0f,1f], start_interpolation: 0, interpolation_duration: 1 }
$data merge entity $(bone_left_arm) { transformation: [-0.9995335908367129f,-0.03048155272678987f,-0.0018643316310254857f,0.03125000000000001f,-0.03053851320982266f,0.9976692592056874f,0.06102006593661253f,-1.0625f,-1.2229914104859552e-16f,0.061048539534856866f,-0.9981347984218669f,-0.053125f,0f,0f,0f,1f], start_interpolation: 0, interpolation_duration: 1 }
$data merge entity $(bone_right_arm) { transformation: [-0.9995335908367129f,-0.030481552726789856f,0.0018643316310257303f,0.03125f,-0.03053851320982266f,0.9976692592056874f,-0.06102006593661253f,-1.0625f,-1.2251598148309262e-16f,-0.06104853953485688f,-0.9981347984218669f,-0.009374999999999991f,0f,0f,0f,1f], start_interpolation: 0, interpolation_duration: 1 }
$data merge entity $(block_display_plant) { transformation: [-0.4995429531320237f,-0.021373768412161133f,-1.042098940440048e-8f,0.2043522252032878f,-0.021373768412161126f,0.4995429531320238f,-4.4587920631749946e-10f,0.009715659890305428f,1.0430523881054748e-8f,-2.6175316813175996e-18f,-0.4999999999999999f,0.249999994784738f,0f,0f,0f,1f], start_interpolation: 0, interpolation_duration: 1 }
$data merge entity $(bone_hat) { transformation: [-0.9990859062640474f,-0.042747536824322266f,-2.084197880880096e-8f,7.654042494670958e-18f,-0.04274753682432225f,0.9990859062640476f,-8.917584126349989e-10f,-1.0625f,2.0861047762109496e-8f,-5.235063362635199e-18f,-0.9999999999999998f,-0.0625f,0f,0f,0f,1f], start_interpolation: 0, interpolation_duration: 1 }