# This file was generated by Animated Java via MC-Build. It is not recommended to edit this file directly.
$data merge entity $(bone_body) { transformation: [-0.999914327574007f,0.01308959557134444f,1.2246467991473532e-16f,0.03125000000000001f,0.01308959557134444f,0.999914327574007f,0f,-1.0625f,-1.2245418806850857e-16f,1.6030131318580337e-18f,-1f,-0.031249999999999997f,0f,0f,0f,1f], start_interpolation: 0, interpolation_duration: 1 }
$data merge entity $(bone_left_leg) { transformation: [-1f,-4.807940770445818e-18f,1.223702640847296e-16f,6.123233995736766e-18f,0f,0.9992290362407229f,0.0392598157590686f,-1.053125f,-1.2246467991473532e-16f,0.0392598157590686f,-0.9992290362407229f,-0.05f,0f,0f,0f,1f], start_interpolation: 0, interpolation_duration: 1 }
$data merge entity $(bone_right_leg) { transformation: [-1f,4.807940770445818e-18f,1.223702640847296e-16f,0.12499999999999997f,0f,0.9992290362407229f,-0.0392598157590686f,-1.053125f,-1.2246467991473532e-16f,-0.0392598157590686f,-0.9992290362407229f,0.17500000000000002f,0f,0f,0f,1f], start_interpolation: 0, interpolation_duration: 1 }
$data merge entity $(bone_left_arm) { transformation: [-0.9999143272012216f,0.013065215576758044f,0.0007989991621544117f,0.03125f,0.013039842889415188f,0.9995725912984017f,-0.026164808854980334f,-1.0625f,-0.0011405065311749232f,-0.02615214841903296f,-0.9996573234753603f,-0.021874999999999995f,0f,0f,0f,1f], start_interpolation: 0, interpolation_duration: 1 }
$data merge entity $(bone_right_arm) { transformation: [-0.9999143272012216f,0.013065215576758037f,-0.0007989991621541669f,0.03125000000000001f,0.013039842889415188f,0.9995725912984017f,0.026164808854980334f,-1.0625f,0.0011405065311746781f,0.02615214841903296f,-0.9996573234753603f,-0.040624999999999994f,0f,0f,0f,1f], start_interpolation: 0, interpolation_duration: 1 }
$data merge entity $(block_display_plant) { transformation: [-0.4999160421734154f,0.0091624656980514f,6.123233995736766e-17f,0.26942826069506687f,0.0091624656980514f,0.4999160421734154f,0f,-0.00475964323051814f,-6.122205808900864e-17f,1.1220784289416066e-18f,-0.5f,0.25000000000000006f,0f,0f,0f,1f], start_interpolation: 0, interpolation_duration: 1 }
$data merge entity $(bone_hat) { transformation: [-0.9998320843468308f,0.0183249313961028f,1.2246467991473532e-16f,7.654042494670958e-18f,0.0183249313961028f,0.9998320843468308f,0f,-1.0625f,-1.2244411617801728e-16f,2.2441568578832133e-18f,-1f,-0.0625f,0f,0f,0f,1f], start_interpolation: 0, interpolation_duration: 1 }