# This file was generated by Animated Java via MC-Build. It is not recommended to edit this file directly.
$data merge entity $(bone_body) { transformation: [-0.9990482215818578f,-0.043619387365336f,1.2246467991473532e-16f,0.03125000000000001f,-0.043619387365336f,0.9990482215818578f,0f,-1.0625f,-1.223481206754078e-16f,-5.341834311772723e-18f,-1f,-0.031249999999999997f,0f,0f,0f,1f], start_interpolation: 0, interpolation_duration: 1 }
$data merge entity $(bone_left_leg) { transformation: [-1f,1.5984848350717833e-17f,1.2141697760125282e-16f,-3.827021247335479e-18f,0f,0.9914448613738104f,-0.13052619222005157f,-1.03125f,-1.2246467991473532e-16f,-0.13052619222005157f,-0.9914448613738104f,0.03125f,0f,0f,0f,1f], start_interpolation: 0, interpolation_duration: 1 }
$data merge entity $(bone_right_leg) { transformation: [-1f,-1.5984848350717833e-17f,1.2141697760125282e-16f,0.12499999999999999f,0f,0.9914448613738104f,0.13052619222005157f,-1.03125f,-1.2246467991473532e-16f,0.13052619222005157f,-0.9914448613738104f,0.09375000000000001f,0f,0f,0f,1f], start_interpolation: 0, interpolation_duration: 1 }
$data merge entity $(bone_left_arm) { transformation: [-0.9990482215818578f,-0.04345340242735781f,-0.003801680104023554f,0.03125000000000001f,-0.043619387365336f,0.9952465414778341f,0.08707278979269381f,-1.0625f,-1.225649611099049e-16f,0.0871557427476582f,-0.9961946980917455f,-0.06249999999999999f,0f,0f,0f,1f], start_interpolation: 0, interpolation_duration: 1 }
$data merge entity $(bone_right_arm) { transformation: [-0.9990482215818578f,-0.04345340242735778f,0.003801680104023798f,0.03125f,-0.043619387365336f,0.9952465414778341f,-0.08707278979269381f,-1.0625f,-1.221312802409107e-16f,-0.0871557427476582f,-0.9961946980917455f,3.827021247335479e-18f,0f,0f,0f,1f], start_interpolation: 0, interpolation_duration: 1 }
$data merge entity $(block_display_plant) { transformation: [-0.49906739921093324f,-0.03052426976742843f,-1.4872955528072382e-8f,0.1846696356452784f,-0.030524269767428416f,0.49906739921093346f,-9.09668933223667e-10f,0.01328035877549083f,1.4900748427783455e-8f,-3.7381449266991546e-18f,-0.4999999999999998f,0.24999999254962568f,0f,0f,0f,1f], start_interpolation: 0, interpolation_duration: 1 }
$data merge entity $(bone_hat) { transformation: [-0.9981347984218665f,-0.06104853953485686f,-2.9745911056144764e-8f,7.654042494670958e-18f,-0.06104853953485683f,0.9981347984218669f,-1.819337866447334e-9f,-1.0625f,2.980149685556691e-8f,-7.476289853398309e-18f,-0.9999999999999996f,-0.0625f,0f,0f,0f,1f], start_interpolation: 0, interpolation_duration: 1 }