# This file was generated by Animated Java via MC-Build. It is not recommended to edit this file directly.
$data merge entity $(bone_body) { transformation: [-0.9992290362407229f,-0.0392598157590686f,1.2246467991473532e-16f,0.03125000000000001f,-0.0392598157590686f,0.9992290362407229f,0f,-1.0625f,-1.223702640847296e-16f,-4.807940770445818e-18f,-1f,-0.031249999999999997f,0f,0f,0f,1f], start_interpolation: 0, interpolation_duration: 1 }
$data merge entity $(bone_left_leg) { transformation: [-1f,1.439417975768511e-17f,1.2161581071440516e-16f,-3.0616169978683824e-18f,0f,0.9930684569549263f,-0.11753739745783762f,-1.034375f,-1.2246467991473532e-16f,-0.11753739745783762f,-0.9930684569549263f,0.024999999999999994f,0f,0f,0f,1f], start_interpolation: 0, interpolation_duration: 1 }
$data merge entity $(bone_right_leg) { transformation: [-1f,-1.439417975768511e-17f,1.2161581071440516e-16f,0.12499999999999999f,0f,0.9930684569549263f,0.11753739745783762f,-1.034375f,-1.2246467991473532e-16f,0.11753739745783762f,-0.9930684569549263f,0.10000000000000002f,0f,0f,0f,1f], start_interpolation: 0, interpolation_duration: 1 }
$data merge entity $(bone_left_arm) { transformation: [-0.9992290362407229f,-0.039138790849384514f,-0.003080289642898197f,0.03125000000000001f,-0.039259815759068596f,0.9961487465978246f,0.07839860660845312f,-1.0625f,-1.223702640847296e-16f,0.07845909572784494f,-0.996917333733128f,-0.05937499999999999f,0f,0f,0f,1f], start_interpolation: 0, interpolation_duration: 1 }
$data merge entity $(bone_right_arm) { transformation: [-0.9992290362407229f,-0.0391387908493845f,0.0030802896428984415f,0.03125f,-0.039259815759068596f,0.9961487465978246f,-0.07839860660845312f,-1.0625f,-1.223702640847296e-16f,-0.07845909572784494f,-0.996917333733128f,-0.003124999999999999f,0f,0f,0f,1f], start_interpolation: 0, interpolation_duration: 1 }
$data merge entity $(block_display_plant) { transformation: [-0.4992445487252688f,-0.027475089956222862f,-1.3390411357786389e-8f,0.19123771657466793f,-0.027475089956222856f,0.49924454872526897f,-7.369189292657212e-10f,0.012132211479882304f,1.34106735788716e-8f,-3.364728045418604e-18f,-0.49999999999999983f,0.2499999932946631f,0f,0f,0f,1f], start_interpolation: 0, interpolation_duration: 1 }
$data merge entity $(bone_hat) { transformation: [-0.9984890974505376f,-0.054950179912445725f,-2.6780822715572778e-8f,7.654042494670958e-18f,-0.05495017991244571f,0.9984890974505379f,-1.4738378585314425e-9f,-1.0625f,2.68213471577432e-8f,-6.729456090837208e-18f,-0.9999999999999997f,-0.0625f,0f,0f,0f,1f], start_interpolation: 0, interpolation_duration: 1 }