# This file was generated by Animated Java via MC-Build. It is not recommended to edit this file directly.
$data merge entity $(bone_body) { transformation: [-0.9993908270190958f,-0.03489949670250096f,1.2246467991473532e-16f,0.03125000000000001f,-0.03489949670250096f,0.9993908270190958f,0f,-1.0625f,-1.2239007774061617e-16f,-4.273955692857141e-18f,-1f,-0.031249999999999997f,0f,0f,0f,1f], start_interpolation: 0, interpolation_duration: 1 }
$data merge entity $(bone_left_leg) { transformation: [-1f,1.2801044796052346e-17f,1.217938055844715e-16f,-2.296212748401286e-18f,0f,0.9945218953682733f,-0.10452846326765343f,-1.0375f,-1.2246467991473532e-16f,-0.10452846326765343f,-0.9945218953682733f,0.01874999999999999f,0f,0f,0f,1f], start_interpolation: 0, interpolation_duration: 1 }
$data merge entity $(bone_right_leg) { transformation: [-1f,-1.2801044796052346e-17f,1.217938055844715e-16f,0.12499999999999999f,0f,0.9945218953682733f,0.10452846326765343f,-1.0375f,-1.2246467991473532e-16f,0.10452846326765343f,-0.9945218953682733f,0.10625000000000002f,0f,0f,0f,1f], start_interpolation: 0, interpolation_duration: 1 }
$data merge entity $(bone_left_arm) { transformation: [-0.9993908270190958f,-0.034814483282576254f,-0.002434465825411073f,0.03125000000000001f,-0.03489949670250096f,0.9969563611936846f,0.06971397998507721f,-1.0625f,-1.2217323730611907e-16f,0.06975647374412529f,-0.9975640502598242f,-0.05624999999999999f,0f,0f,0f,1f], start_interpolation: 0, interpolation_duration: 1 }
$data merge entity $(bone_right_arm) { transformation: [-0.9993908270190958f,-0.03481448328257624f,0.0024344658254113177f,0.03125f,-0.03489949670250096f,0.9969563611936846f,-0.06971397998507721f,-1.0625f,-1.2260691817511327e-16f,-0.06975647374412529f,-0.9975640502598242f,-0.006250000000000002f,0f,0f,0f,1f], start_interpolation: 0, interpolation_duration: 1 }
$data merge entity $(block_display_plant) { transformation: [-0.4994030686707169f,-0.02442488489780662f,-1.190636717212446e-8f,0.19779866136899885f,-0.024424884897806615f,0.49940306867071704f,-5.823185067721395e-10f,0.010943963738126117f,1.192059872996203e-8f,-2.9911857109641406e-18f,-0.49999999999999983f,0.24999999403970052f,0f,0f,0f,1f], start_interpolation: 0, interpolation_duration: 1 }
$data merge entity $(bone_hat) { transformation: [-0.9988061373414338f,-0.04884976979561324f,-2.381273434424892e-8f,7.654042494670958e-18f,-0.04884976979561323f,0.9988061373414341f,-1.164637013544279e-9f,-1.0625f,2.384119745992406e-8f,-5.982371421928281e-18f,-0.9999999999999997f,-0.0625f,0f,0f,0f,1f], start_interpolation: 0, interpolation_duration: 1 }