# This file was generated by Animated Java via MC-Build. It is not recommended to edit this file directly.
$data merge entity $(bone_body) { transformation: [-0.9996573249755573f,-0.026176948307873153f,1.2246467991473532e-16f,0.03125000000000001f,-0.026176948307873153f,0.9996573249755573f,0f,-1.0625f,-1.2242271432755217e-16f,-3.205751595668258e-18f,-1f,-0.031249999999999997f,0f,0f,0f,1f], start_interpolation: 0, interpolation_duration: 1 }
$data merge entity $(bone_left_leg) { transformation: [-1f,9.60846804471011e-18f,1.220871621770789e-16f,-7.654042494670965e-19f,0f,0.996917333733128f,-0.07845909572784496f,-1.04375f,-1.2246467991473532e-16f,-0.07845909572784496f,-0.996917333733128f,0.0062500000000000056f,0f,0f,0f,1f], start_interpolation: 0, interpolation_duration: 1 }
$data merge entity $(bone_right_leg) { transformation: [-1f,-9.60846804471011e-18f,1.220871621770789e-16f,0.12499999999999999f,0f,0.996917333733128f,0.07845909572784496f,-1.04375f,-1.2246467991473532e-16f,0.07845909572784496f,-0.996917333733128f,0.11875000000000001f,0f,0f,0f,1f], start_interpolation: 0, interpolation_duration: 1 }
$data merge entity $(bone_left_arm) { transformation: [-0.9996573249755573f,-0.0261410737099859f,-0.0013699956212145296f,0.03125000000000001f,-0.026176948307873153f,0.9982873293543426f,0.052318022017859046f,-1.0625f,-1.2242271432755217e-16f,0.05233595624294383f,-0.9986295347545738f,-0.049999999999999996f,0f,0f,0f,1f], start_interpolation: 0, interpolation_duration: 1 }
$data merge entity $(bone_right_arm) { transformation: [-0.9996573249755573f,-0.026141073709985887f,0.0013699956212147742f,0.03125f,-0.026176948307873153f,0.9982873293543426f,-0.052318022017859046f,-1.0625f,-1.2242271432755217e-16f,-0.05233595624294383f,-0.9986295347545738f,-0.012499999999999994f,0f,0f,0f,1f], start_interpolation: 0, interpolation_duration: 1 }
$data merge entity $(block_display_plant) { transformation: [-0.49966419688932806f,-0.01832185435327814f,-8.934444570875919e-9f,0.21089816352797583f,-0.01832185435327814f,0.4996641968893281f,-3.276112122821811e-10f,0.008447345771218417f,8.940449032149738e-9f,-2.2437800288186074e-18f,-0.49999999999999994f,0.24999999552977542f,0f,0f,0f,1f], start_interpolation: 0, interpolation_duration: 1 }
$data merge entity $(bone_hat) { transformation: [-0.9993283937786561f,-0.03664370870655628f,-1.7868889141751838e-8f,7.654042494670958e-18f,-0.03664370870655628f,0.9993283937786562f,-6.552224245643622e-10f,-1.0625f,1.7880898064299476e-8f,-4.487560057637215e-18f,-0.9999999999999999f,-0.0625f,0f,0f,0f,1f], start_interpolation: 0, interpolation_duration: 1 }