# This file was generated by Animated Java via MC-Build. It is not recommended to edit this file directly.
$data merge entity $(bone_body) { transformation: [-0.9998476951563913f,0.01745240643728351f,1.2246467991473532e-16f,0.03125000000000001f,0.01745240643728351f,0.9998476951563913f,0f,-1.0625f,-1.2244602795081332e-16f,2.1373033680837913e-18f,-1f,-0.031249999999999997f,0f,0f,0f,1f], start_interpolation: 0, interpolation_duration: 1 }
$data merge entity $(bone_left_leg) { transformation: [-1f,-6.4093061293237094e-18f,1.2229684632711994e-16f,6.888638245203862e-18f,0f,0.9986295347545738f,0.05233595624294383f,-1.05f,-1.2246467991473532e-16f,0.05233595624294383f,-0.9986295347545738f,-0.05625f,0f,0f,0f,1f], start_interpolation: 0, interpolation_duration: 1 }
$data merge entity $(bone_right_leg) { transformation: [-1f,6.4093061293237094e-18f,1.2229684632711994e-16f,0.12499999999999997f,0f,0.9986295347545738f,-0.05233595624294383f,-1.05f,-1.2246467991473532e-16f,-0.05233595624294383f,-0.9986295347545738f,0.18125000000000002f,0f,0f,0f,1f], start_interpolation: 0, interpolation_duration: 1 }
$data merge entity $(bone_left_arm) { transformation: [-0.9998476945446493f,0.017428526699417992f,0.0009133295338896246f,0.03125f,0.01738606513659171f,0.999240000760255f,-0.034887614130400924f,-1.0625f,-0.0015206751184889168f,-0.03486642134967731f,-0.9993908245573654f,-0.018749999999999996f,0f,0f,0f,1f], start_interpolation: 0, interpolation_duration: 1 }
$data merge entity $(bone_right_arm) { transformation: [-0.9998476945446493f,0.017428526699417985f,-0.0009133295338893798f,0.03125000000000001f,0.01738606513659171f,0.999240000760255f,0.034887614130400924f,-1.0625f,0.0015206751184886718f,0.03486642134967731f,-0.9993908245573654f,-0.04374999999999999f,0f,0f,0f,1f], start_interpolation: 0, interpolation_duration: 1 }
$data merge entity $(block_display_plant) { transformation: [-0.49985074489059156f,0.012216089076326578f,6.123233995736766e-17f,0.2758845617324897f,0.012216089076326578f,0.49985074489059156f,0f,-0.006425211645656237f,-6.121406147816831e-17f,1.496039438542229e-18f,-0.5f,0.25000000000000006f,0f,0f,0f,1f], start_interpolation: 0, interpolation_duration: 1 }
$data merge entity $(bone_hat) { transformation: [-0.9997014897811831f,0.024432178152653156f,1.2246467991473532e-16f,7.654042494670958e-18f,0.024432178152653156f,0.9997014897811831f,0f,-1.0625f,-1.2242812295633663e-16f,2.992078877084458e-18f,-1f,-0.0625f,0f,0f,0f,1f], start_interpolation: 0, interpolation_duration: 1 }