# This file was generated by Animated Java via MC-Build. It is not recommended to edit this file directly.
$data merge entity $(bone_body) { transformation: [-0.9996573249755573f,0.02617694830787315f,1.2246467991473532e-16f,0.03125000000000001f,0.02617694830787315f,0.9996573249755573f,0f,-1.0625f,-1.2242271432755217e-16f,3.2057515956682574e-18f,-1f,-0.031249999999999997f,0f,0f,0f,1f], start_interpolation: 0, interpolation_duration: 1 }
$data merge entity $(bone_left_leg) { transformation: [-1f,-9.608468044710109e-18f,1.220871621770789e-16f,8.419446744138055e-18f,0f,0.996917333733128f,0.07845909572784494f,-1.04375f,-1.2246467991473532e-16f,0.07845909572784494f,-0.996917333733128f,-0.06875f,0f,0f,0f,1f], start_interpolation: 0, interpolation_duration: 1 }
$data merge entity $(bone_right_leg) { transformation: [-1f,9.608468044710109e-18f,1.220871621770789e-16f,0.12499999999999997f,0f,0.996917333733128f,-0.07845909572784494f,-1.04375f,-1.2246467991473532e-16f,-0.07845909572784494f,-0.996917333733128f,0.19375000000000003f,0f,0f,0f,1f], start_interpolation: 0, interpolation_duration: 1 }
$data merge entity $(bone_left_arm) { transformation: [-0.9996573239268983f,0.026161040149004493f,0.0009136178820808678f,0.03125f,0.026077417538735097f,0.9982894080620689f,-0.05232806174123632f,-1.0625f,-0.0022810115788294994f,-0.05228630537154394f,-0.9986295305351084f,-0.012499999999999997f,0f,0f,0f,1f], start_interpolation: 0, interpolation_duration: 1 }
$data merge entity $(bone_right_arm) { transformation: [-0.9996573239268983f,0.02616104014900448f,-0.0009136178820806232f,0.03125000000000001f,0.026077417538735097f,0.9982894080620689f,0.05232806174123632f,-1.0625f,0.002281011578829255f,0.05228630537154394f,-0.9986295305351084f,-0.049999999999999996f,0f,0f,0f,1f], start_interpolation: 0, interpolation_duration: 1 }
$data merge entity $(block_display_plant) { transformation: [-0.4996641968893281f,0.018321854353278138f,6.123233995736766e-17f,0.28876603894538005f,0.018321854353278138f,0.4996641968893281f,0f,-0.009874508786816838f,-6.119121593690486e-17f,2.243780028818607e-18f,-0.5f,0.25000000000000006f,0f,0f,0f,1f], start_interpolation: 0, interpolation_duration: 1 }
$data merge entity $(bone_hat) { transformation: [-0.9993283937786562f,0.036643708706556276f,1.2246467991473532e-16f,7.654042494670958e-18f,0.036643708706556276f,0.9993283937786562f,0f,-1.0625f,-1.2238243187380972e-16f,4.487560057637214e-18f,-1f,-0.0625f,0f,0f,0f,1f], start_interpolation: 0, interpolation_duration: 1 }