# This file was generated by Animated Java via MC-Build. It is not recommended to edit this file directly.
$data merge entity $(bone_body) { transformation: [-0.9995335908367129f,0.030538513209822656f,1.2246467991473532e-16f,0.03125000000000001f,0.030538513209822656f,0.9995335908367129f,0f,-1.0625f,-1.2240756126584407e-16f,3.739889245312848e-18f,-1f,-0.031249999999999997f,0f,0f,0f,1f], start_interpolation: 0, interpolation_duration: 1 }
$data merge entity $(bone_left_leg) { transformation: [-1f,-1.1205716441293746e-17f,1.2195093171294713e-16f,9.184850993605149e-18f,0f,0.9958049275746618f,0.0915016186634024f,-1.040625f,-1.2246467991473532e-16f,0.0915016186634024f,-0.9958049275746618f,-0.075f,0f,0f,0f,1f], start_interpolation: 0, interpolation_duration: 1 }
$data merge entity $(bone_right_leg) { transformation: [-1f,1.1205716441293746e-17f,1.2195093171294713e-16f,0.12499999999999997f,0f,0.9958049275746618f,-0.0915016186634024f,-1.040625f,-1.2246467991473532e-16f,-0.0915016186634024f,-0.9958049275746618f,0.20000000000000004f,0f,0f,0f,1f], start_interpolation: 0, interpolation_duration: 1 }
$data merge entity $(bone_left_arm) { transformation: [-0.9995335896993304f,0.03052808308004892f,0.0007995037387293778f,0.03125f,0.03042237971100396f,0.9976713811192662f,-0.061043378906276424f,-1.0625f,-0.002661179341965868f,-0.06099058483924686f,-0.9981347938457393f,-0.009374999999999998f,0f,0f,0f,1f], start_interpolation: 0, interpolation_duration: 1 }
$data merge entity $(bone_right_arm) { transformation: [-0.9995335896993304f,0.030528083080048906f,-0.0007995037387291334f,0.03125000000000001f,0.03042237971100396f,0.9976713811192662f,0.061043378906276424f,-1.0625f,0.0026611793419656234f,0.060990584839246874f,-0.9981347938457393f,-0.05312499999999999f,0f,0f,0f,1f], start_interpolation: 0, interpolation_duration: 1 }
$data merge entity $(block_display_plant) { transformation: [-0.4995429531320238f,0.021373768412161123f,6.123233995736766e-17f,0.29519073444185423f,0.021373768412161123f,0.4995429531320238f,0f,-0.011658108800530087f,-6.117636785897492e-17f,2.6175317071669926e-18f,-0.5f,0.25000000000000006f,0f,0f,0f,1f], start_interpolation: 0, interpolation_duration: 1 }
$data merge entity $(bone_hat) { transformation: [-0.9990859062640476f,0.042747536824322245f,1.2246467991473532e-16f,7.654042494670958e-18f,0.042747536824322245f,0.9990859062640476f,0f,-1.0625f,-1.2235273571794984e-16f,5.235063414333985e-18f,-1f,-0.0625f,0f,0f,0f,1f], start_interpolation: 0, interpolation_duration: 1 }