# This file was generated by Animated Java via MC-Build. It is not recommended to edit this file directly.
$data merge entity $(bone_body) { transformation: [-0.9993908270190958f,0.03489949670250097f,1.2246467991473532e-16f,0.03125000000000001f,0.03489949670250097f,0.9993908270190958f,0f,-1.0625f,-1.2239007774061617e-16f,4.273955692857142e-18f,-1f,-0.031249999999999997f,0f,0f,0f,1f], start_interpolation: 0, interpolation_duration: 1 }
$data merge entity $(bone_left_leg) { transformation: [-1f,-1.2801044796052349e-17f,1.217938055844715e-16f,9.950255243072246e-18f,0f,0.9945218953682733f,0.10452846326765346f,-1.0375f,-1.2246467991473532e-16f,0.10452846326765346f,-0.9945218953682733f,-0.08125f,0f,0f,0f,1f], start_interpolation: 0, interpolation_duration: 1 }
$data merge entity $(bone_right_leg) { transformation: [-1f,1.2801044796052349e-17f,1.217938055844715e-16f,0.12499999999999997f,0f,0.9945218953682733f,-0.10452846326765346f,-1.0375f,-1.2246467991473532e-16f,-0.10452846326765346f,-0.9945218953682733f,0.20625000000000002f,0f,0f,0f,1f], start_interpolation: 0, interpolation_duration: 1 }
$data merge entity $(bone_left_arm) { transformation: [-0.9993908259704982f,0.03489420939516195f,0.000609193476652613f,0.03125f,0.034766753891198876f,0.9969582087002306f,-0.06975387393612177f,-1.0625f,-0.003041346720486217f,-0.06969020200798785f,-0.9975640460412613f,-0.006249999999999995f,0f,0f,0f,1f], start_interpolation: 0, interpolation_duration: 1 }
$data merge entity $(bone_right_arm) { transformation: [-0.9993908259704982f,0.03489420939516193f,-0.0006091934766523686f,0.03125000000000001f,0.034766753891198876f,0.9969582087002306f,0.06975387393612177f,-1.0625f,0.0030413467204859724f,0.06969020200798785f,-0.9975640460412613f,-0.056249999999999994f,0f,0f,0f,1f], start_interpolation: 0, interpolation_duration: 1 }
$data merge entity $(block_display_plant) { transformation: [-0.49940306867071704f,0.024424884897806635f,6.123233995736766e-17f,0.30160441474319755f,0.024424884897806635f,0.49940306867071704f,0f,-0.013480921523629785f,-6.115923695319594e-17f,2.9911857109641425e-18f,-0.5f,0.25000000000000006f,0f,0f,0f,1f], start_interpolation: 0, interpolation_duration: 1 }
$data merge entity $(bone_hat) { transformation: [-0.9988061373414341f,0.04884976979561327f,1.2246467991473532e-16f,7.654042494670958e-18f,0.04884976979561327f,0.9988061373414341f,0f,-1.0625f,-1.2231847390639188e-16f,5.982371421928285e-18f,-1f,-0.0625f,0f,0f,0f,1f], start_interpolation: 0, interpolation_duration: 1 }