# This file was generated by Animated Java via MC-Build. It is not recommended to edit this file directly.
$data merge entity $(bone_body) { transformation: [-0.9992290362407229f,0.0392598157590686f,1.2246467991473532e-16f,0.03125000000000001f,0.0392598157590686f,0.9992290362407229f,0f,-1.0625f,-1.223702640847296e-16f,4.807940770445818e-18f,-1f,-0.031249999999999997f,0f,0f,0f,1f], start_interpolation: 0, interpolation_duration: 1 }
$data merge entity $(bone_left_leg) { transformation: [-1f,-1.4394179757685112e-17f,1.2161581071440516e-16f,1.071565949253934e-17f,0f,0.9930684569549263f,0.11753739745783764f,-1.034375f,-1.2246467991473532e-16f,0.11753739745783764f,-0.9930684569549263f,-0.0875f,0f,0f,0f,1f], start_interpolation: 0, interpolation_duration: 1 }
$data merge entity $(bone_right_leg) { transformation: [-1f,1.4394179757685112e-17f,1.2161581071440516e-16f,0.12499999999999997f,0f,0.9930684569549263f,-0.11753739745783764f,-1.034375f,-1.2246467991473532e-16f,-0.11753739745783764f,-0.9930684569549263f,0.21250000000000002f,0f,0f,0f,1f], start_interpolation: 0, interpolation_duration: 1 }
$data merge entity $(bone_left_arm) { transformation: [-0.9992290355403227f,0.039258337949551f,0.0003426873141141177f,0.03125f,0.039110456113865995f,0.9961499155935825f,-0.07845838314331943f,-1.0625f,-0.0034215136594455586f,-0.07838449186119276f,-0.9969173309156285f,-0.0031249999999999954f,0f,0f,0f,1f], start_interpolation: 0, interpolation_duration: 1 }
$data merge entity $(bone_right_arm) { transformation: [-0.9992290355403227f,0.039258337949550984f,-0.0003426873141138735f,0.03125000000000001f,0.039110456113865995f,0.9961499155935825f,0.07845838314331943f,-1.0625f,0.003421513659445314f,0.07838449186119276f,-0.9969173309156285f,-0.05937499999999999f,0f,0f,0f,1f], start_interpolation: 0, interpolation_duration: 1 }
$data merge entity $(block_display_plant) { transformation: [-0.49924454872526897f,0.02747508995622287f,6.123233995736766e-17f,0.308006840519608f,0.02747508995622287f,0.49924454872526897f,0f,-0.015342878936914772f,-6.113982385881655e-17f,3.364728097117393e-18f,-0.5f,0.25000000000000006f,0f,0f,0f,1f], start_interpolation: 0, interpolation_duration: 1 }
$data merge entity $(bone_hat) { transformation: [-0.9984890974505379f,0.05495017991244574f,1.2246467991473532e-16f,7.654042494670958e-18f,0.05495017991244574f,0.9984890974505379f,0f,-1.0625f,-1.222796477176331e-16f,6.729456194234786e-18f,-1f,-0.0625f,0f,0f,0f,1f], start_interpolation: 0, interpolation_duration: 1 }