# This file was generated by Animated Java via MC-Build. It is not recommended to edit this file directly.
$data merge entity $(block_display_block_display3) {transformation: [-0.4f,0f,0f,0.2f,0f,0.3064f,-0.2571f,-0.1538f,0f,-0.2571f,-0.3064f,-0.2223f,0f,0f,0f,1f],start_interpolation: 0,interpolation_duration: 1}
$data merge entity $(bone_body) {transformation: [-1f,0f,0f,0f,0f,0.9962f,0.0872f,-0.625f,0f,0.0872f,-0.9962f,0f,0f,0f,0f,1f],start_interpolation: 0,interpolation_duration: 1}
$data merge entity $(block_display_block_display) {transformation: [-0.3f,0f,0f,0.15f,0f,0.2974f,-0.0392f,0.0409f,0f,-0.0392f,-0.2974f,0.2783f,0f,0f,0f,1f],start_interpolation: 0,interpolation_duration: 1}
$data merge entity $(block_display_block_display1) {transformation: [-0.15f,0f,0f,0.075f,0f,0.1487f,-0.0196f,0.0531f,0f,-0.0196f,-0.1487f,0.3712f,0f,0f,0f,1f],start_interpolation: 0,interpolation_duration: 1}
$data merge entity $(block_display_block_display2) {transformation: [-0.15f,0f,0f,0.075f,0f,0.1487f,-0.0196f,0.0082f,0f,-0.0196f,-0.1487f,0.0304f,0f,0f,0f,1f],start_interpolation: 0,interpolation_duration: 1}
$data merge entity $(bone_upper) {transformation: [-1f,0f,0f,0f,0f,0.9914f,-0.1305f,-0.6187f,0f,-0.1305f,-0.9914f,0.0563f,0f,0f,0f,1f],start_interpolation: 0,interpolation_duration: 1}
$data merge entity $(bone_lower) {transformation: [-1f,0f,0f,0f,0f,0.9962f,0.0872f,-0.625f,0f,0.0872f,-0.9962f,-0.0437f,0f,0f,0f,1f],start_interpolation: 0,interpolation_duration: 1}
$data merge entity $(bone_front_left) {transformation: [-1f,0f,0f,0f,0f,0.7071f,0.7071f,-0.5312f,0f,0.7071f,-0.7071f,-0.0937f,0f,0f,0f,1f],start_interpolation: 0,interpolation_duration: 1}
$data merge entity $(bone_back_left) {transformation: [-1f,0f,0f,0f,0f,0.9239f,0.3827f,-0.7187f,0f,0.3827f,-0.9239f,-0.0625f,0f,0f,0f,1f],start_interpolation: 0,interpolation_duration: 1}
$data merge entity $(bone_front_right) {transformation: [-1f,0f,0f,0f,0f,0.7071f,-0.7071f,-0.625f,0f,-0.7071f,-0.7071f,0.0938f,0f,0f,0f,1f],start_interpolation: 0,interpolation_duration: 1}
$data merge entity $(bone_back_right) {transformation: [-1f,0f,0f,0f,0f,0.9239f,0.3827f,-0.7187f,0f,0.3827f,-0.9239f,-0.0625f,0f,0f,0f,1f],start_interpolation: 0,interpolation_duration: 1}