# This file was generated by Animated Java via MC-Build. It is not recommended to edit this file directly.
$data merge entity $(block_display_block_display3) {transformation: [-0.4f,0f,0f,0.2f,0f,0.2949f,-0.2702f,-0.164f,0f,-0.2702f,-0.2949f,-0.2426f,0f,0f,0f,1f],start_interpolation: 0,interpolation_duration: 1}
$data merge entity $(bone_body) {transformation: [-1f,0f,0f,0f,0f,0.999f,0.0436f,-0.625f,0f,0.0436f,-0.999f,0f,0f,0f,0f,1f],start_interpolation: 0,interpolation_duration: 1}
$data merge entity $(block_display_block_display) {transformation: [-0.3f,0f,0f,0.15f,0f,0.2994f,-0.0196f,0.0218f,0f,-0.0196f,-0.2994f,0.2928f,0f,0f,0f,1f],start_interpolation: 0,interpolation_duration: 1}
$data merge entity $(block_display_block_display1) {transformation: [-0.15f,0f,0f,0.075f,0f,0.1497f,-0.0098f,0.0279f,0f,-0.0098f,-0.1497f,0.3864f,0f,0f,0f,1f],start_interpolation: 0,interpolation_duration: 1}
$data merge entity $(block_display_block_display2) {transformation: [-0.15f,0f,0f,0.075f,0f,0.1497f,-0.0098f,0.0055f,0f,-0.0098f,-0.1497f,0.0434f,0f,0f,0f,1f],start_interpolation: 0,interpolation_duration: 1}
$data merge entity $(bone_upper) {transformation: [-1f,0f,0f,0f,0f,0.9979f,-0.0654f,-0.6219f,0f,-0.0654f,-0.9979f,0.0281f,0f,0f,0f,1f],start_interpolation: 0,interpolation_duration: 1}
$data merge entity $(bone_lower) {transformation: [-1f,0f,0f,0f,0f,0.999f,0.0436f,-0.625f,0f,0.0436f,-0.999f,-0.0219f,0f,0f,0f,1f],start_interpolation: 0,interpolation_duration: 1}
$data merge entity $(bone_front_left) {transformation: [-1f,0f,0f,0f,0f,0.9239f,-0.3827f,-0.6406f,0f,-0.3827f,-0.9239f,0.0625f,0f,0f,0f,1f],start_interpolation: 0,interpolation_duration: 1}
$data merge entity $(bone_back_left) {transformation: [-1f,0f,0f,0f,0f,0.9808f,0.1951f,-0.6719f,0f,0.1951f,-0.9808f,-0.0312f,0f,0f,0f,1f],start_interpolation: 0,interpolation_duration: 1}
$data merge entity $(bone_front_right) {transformation: [-1f,0f,0f,0f,0f,0.9239f,0.3827f,-0.5781f,0f,0.3827f,-0.9239f,-0.0312f,0f,0f,0f,1f],start_interpolation: 0,interpolation_duration: 1}
$data merge entity $(bone_back_right) {transformation: [-1f,0f,0f,0f,0f,0.9808f,0.1951f,-0.6719f,0f,0.1951f,-0.9808f,-0.0312f,0f,0f,0f,1f],start_interpolation: 0,interpolation_duration: 1}