# This file was generated by Animated Java via MC-Build. It is not recommended to edit this file directly.
$data merge entity $(block_display_block_display3) {transformation: [-0.4f,0f,0f,0.2f,0f,0.3007f,-0.2637f,-0.1588f,0f,-0.2637f,-0.3007f,-0.2325f,0f,0f,0f,1f],start_interpolation: 0,interpolation_duration: 1}
$data merge entity $(bone_body) {transformation: [-1f,0f,0f,0f,0f,0.9979f,0.0654f,-0.625f,0f,0.0654f,-0.9979f,0f,0f,0f,0f,1f],start_interpolation: 0,interpolation_duration: 1}
$data merge entity $(block_display_block_display) {transformation: [-0.3f,0f,0f,0.15f,0f,0.2986f,-0.0294f,0.0317f,0f,-0.0294f,-0.2986f,0.2857f,0f,0f,0f,1f],start_interpolation: 0,interpolation_duration: 1}
$data merge entity $(block_display_block_display1) {transformation: [-0.15f,0f,0f,0.075f,0f,0.1493f,-0.0147f,0.0409f,0f,-0.0147f,-0.1493f,0.379f,0f,0f,0f,1f],start_interpolation: 0,interpolation_duration: 1}
$data merge entity $(block_display_block_display2) {transformation: [-0.15f,0f,0f,0.075f,0f,0.1493f,-0.0147f,0.0072f,0f,-0.0147f,-0.1493f,0.0369f,0f,0f,0f,1f],start_interpolation: 0,interpolation_duration: 1}
$data merge entity $(bone_upper) {transformation: [-1f,0f,0f,0f,0f,0.9952f,-0.098f,-0.6203f,0f,-0.098f,-0.9952f,0.0422f,0f,0f,0f,1f],start_interpolation: 0,interpolation_duration: 1}
$data merge entity $(bone_lower) {transformation: [-1f,0f,0f,0f,0f,0.9979f,0.0654f,-0.625f,0f,0.0654f,-0.9979f,-0.0328f,0f,0f,0f,1f],start_interpolation: 0,interpolation_duration: 1}
$data merge entity $(bone_front_left) {transformation: [-1f,0f,0f,0f,0f,0.8315f,-0.5556f,-0.6484f,0f,-0.5556f,-0.8315f,0.0937f,0f,0f,0f,1f],start_interpolation: 0,interpolation_duration: 1}
$data merge entity $(bone_back_left) {transformation: [-1f,0f,0f,0f,0f,0.9569f,0.2903f,-0.6953f,0f,0.2903f,-0.9569f,-0.0469f,0f,0f,0f,1f],start_interpolation: 0,interpolation_duration: 1}
$data merge entity $(bone_front_right) {transformation: [-1f,0f,0f,0f,0f,0.8315f,0.5556f,-0.5547f,0f,0.5556f,-0.8315f,-0.0469f,0f,0f,0f,1f],start_interpolation: 0,interpolation_duration: 1}
$data merge entity $(bone_back_right) {transformation: [-1f,0f,0f,0f,0f,0.9569f,0.2903f,-0.6953f,0f,0.2903f,-0.9569f,-0.0469f,0f,0f,0f,1f],start_interpolation: 0,interpolation_duration: 1}