# This file was generated by Animated Java via MC-Build. It is not recommended to edit this file directly.
$data merge entity $(bone_head) { transformation: [-1f,0f,1.7961486387494513e-16f,9.286904893534094e-18f,0f,0.86f,0f,-0.2937499999999999f,-1.2246467991473532e-16f,0f,-1.4666666666666666f,-0.07583333333333332f,0f,0f,0f,1f], start_interpolation: 0, interpolation_duration: 1 }
$data merge entity $(bone_tail) { transformation: [-1f,0f,1.4532475349881924e-16f,-4.286263797015736e-18f,0f,0.86f,0f,-0.2937499999999999f,-1.2246467991473532e-16f,0f,-1.1866666666666665f,0.034999999999999996f,0f,0f,0f,1f], start_interpolation: 0, interpolation_duration: 1 }
$data merge entity $(bone_shell) { transformation: [-1f,3.989129733513805e-18f,1.2239969228142598e-16f,0f,0f,0.9994693357027138f,-0.0325737162444812f,-0.2937499999999999f,-1.2246467991473532e-16f,-0.0325737162444812f,-0.9994693357027138f,0f,0f,0f,0f,1f], start_interpolation: 0, interpolation_duration: 1 }
$data merge entity $(bone_left_eye) { transformation: [-0.9659258262890683f,-0.2579610309917917f,0.02105717448834181f,0.03416666666666666f,-0.25488700224417865f,0.9339699526038245f,-0.25046505488827325f,-0.3599999999999999f,0.044943455527547624f,-0.24729786518055824f,-0.9678966120833267f,0.058333333333333334f,0f,0f,0f,1f], start_interpolation: 0, interpolation_duration: 1 }
$data merge entity $(bone_right_eye) { transformation: [-0.9659258262890683f,0.2579610309917918f,-0.02105717448834163f,-0.03416666666666667f,0.25488700224417865f,0.9339699526038245f,-0.25046505488827353f,-0.3599999999999999f,-0.044943455527547874f,-0.24729786518055846f,-0.9678966120833266f,0.05833333333333332f,0f,0f,0f,1f], start_interpolation: 0, interpolation_duration: 1 }