# This file was generated by Animated Java via MC-Build. It is not recommended to edit this file directly.
$data merge entity $(bone_head) { transformation: [-1f,0f,1.7961486387494513e-16f,9.286904893534094e-18f,0f,0.86f,0f,-0.29375f,-1.2246467991473532e-16f,0f,-1.4666666666666666f,-0.07583333333333332f,0f,0f,0f,1f], start_interpolation: 0, interpolation_duration: 1 }
$data merge entity $(bone_tail) { transformation: [-1f,0f,1.4532475349881924e-16f,-4.286263797015736e-18f,0f,0.86f,0f,-0.29375f,-1.2246467991473532e-16f,0f,-1.1866666666666665f,0.034999999999999996f,0f,0f,0f,1f], start_interpolation: 0, interpolation_duration: 1 }
$data merge entity $(bone_shell) { transformation: [-1f,3.989129733513805e-18f,1.2239969228142598e-16f,0f,0f,0.9994693357027138f,-0.0325737162444812f,-0.29375f,-1.2246467991473532e-16f,-0.0325737162444812f,-0.9994693357027138f,0f,0f,0f,0f,1f], start_interpolation: 0, interpolation_duration: 1 }
$data merge entity $(bone_left_eye) { transformation: [-0.9659258090037505f,-0.2579610957637879f,0.021057173903353734f,0.03416666666666666f,-0.2548870616338004f,0.9339699185213812f,-0.25046512154160633f,-0.36f,0.04494349020867725f,-0.24729792633483655f,-0.9678965948479994f,0.058333333333333334f,0f,0f,0f,1f], start_interpolation: 0, interpolation_duration: 1 }
$data merge entity $(bone_right_eye) { transformation: [-0.9659258090037505f,0.257961095763788f,-0.021057173903353498f,-0.03416666666666667f,0.2548870616338004f,0.9339699185213812f,-0.25046512154160633f,-0.36f,-0.04494349020867749f,-0.2472979263348365f,-0.9678965948479994f,0.05833333333333332f,0f,0f,0f,1f], start_interpolation: 0, interpolation_duration: 1 }