# This file was generated by Animated Java via MC-Build. It is not recommended to edit this file directly.
$data merge entity $(bone_head) { transformation: [-1f,0f,1.8165594187352406e-16f,9.618580068303171e-18f,0f,0.855f,0f,-0.2937499999999999f,-1.2246467991473532e-16f,0f,-1.4833333333333334f,-0.07854166666666668f,0f,0f,0f,1f], start_interpolation: 0, interpolation_duration: 1 }
$data merge entity $(bone_tail) { transformation: [-1f,0f,1.4614118469825082e-16f,-4.439344646909155e-18f,0f,0.855f,0f,-0.2937499999999999f,-1.2246467991473532e-16f,0f,-1.1933333333333334f,0.03625f,0f,0f,0f,1f], start_interpolation: 0, interpolation_duration: 1 }
$data merge entity $(bone_shell) { transformation: [-1f,4.131545509942343e-18f,1.2239496786354354e-16f,0f,0f,0.9994307579030923f,-0.03373662931074401f,-0.2937499999999999f,-1.2246467991473532e-16f,-0.03373662931074401f,-0.9994307579030923f,0f,0f,0f,0f,1f], start_interpolation: 0, interpolation_duration: 1 }
$data merge entity $(bone_left_eye) { transformation: [-0.9659258262890683f,-0.25789868686039497f,0.02180746256363881f,0.03427083333333333f,-0.25488700224417865f,0.9332374288848566f,-0.25318079985527786f,-0.3612499999999999f,0.04494345552754762f,-0.25011231206013457f,-0.967173157796047f,0.060416666666666674f,0f,0f,0f,1f], start_interpolation: 0, interpolation_duration: 1 }
$data merge entity $(bone_right_eye) { transformation: [-0.9659258262890683f,0.25789868686039513f,-0.021807462563638642f,-0.03427083333333334f,0.2548870022441787f,0.9332374288848565f,-0.2531807998552782f,-0.3612499999999999f,-0.04494345552754788f,-0.2501123120601348f,-0.967173157796047f,0.06041666666666666f,0f,0f,0f,1f], start_interpolation: 0, interpolation_duration: 1 }