# This file was generated by Animated Java via MC-Build. It is not recommended to edit this file directly.
$data merge entity $(bone_head) { transformation: [-1f,0f,1.8369701987210297e-16f,9.950255243072246e-18f,0f,0.85f,0f,-0.2937499999999999f,-1.2246467991473532e-16f,0f,-1.5f,-0.08125f,0f,0f,0f,1f], start_interpolation: 0, interpolation_duration: 1 }
$data merge entity $(bone_tail) { transformation: [-1f,0f,1.4695761589768238e-16f,-4.592425496802574e-18f,0f,0.85f,0f,-0.2937499999999999f,-1.2246467991473532e-16f,0f,-1.2f,0.0375f,0f,0f,0f,1f], start_interpolation: 0, interpolation_duration: 1 }
$data merge entity $(bone_shell) { transformation: [-1f,4.273955692857142e-18f,1.2239007774061617e-16f,0f,0f,0.9993908270190958f,-0.03489949670250097f,-0.2937499999999999f,-1.2246467991473532e-16f,-0.03489949670250097f,-0.9993908270190958f,0f,0f,0f,0f,1f], start_interpolation: 0, interpolation_duration: 1 }
$data merge entity $(bone_left_eye) { transformation: [-0.9659258262890683f,-0.2578341604962994f,0.022557566113149914f,0.034374999999999996f,-0.2548870022441787f,0.9324970084943003f,-0.25589440251040463f,-0.3624999999999999f,0.04494345552754762f,-0.2529246425921157f,-0.9664415196869875f,0.0625f,0f,0f,0f,1f], start_interpolation: 0, interpolation_duration: 1 }
$data merge entity $(bone_right_eye) { transformation: [-0.9659258262890683f,0.25783416049629954f,-0.022557566113149734f,-0.03437500000000001f,0.2548870022441787f,0.9324970084943002f,-0.2558944025104049f,-0.3624999999999999f,-0.04494345552754788f,-0.2529246425921159f,-0.9664415196869874f,0.06249999999999999f,0f,0f,0f,1f], start_interpolation: 0, interpolation_duration: 1 }