# This file was generated by Animated Java via MC-Build. It is not recommended to edit this file directly.
$data merge entity $(bone_head) { transformation: [-1f,0f,1.8165594187352406e-16f,9.61858006830317e-18f,0f,0.855f,0f,-0.29375f,-1.2246467991473532e-16f,0f,-1.4833333333333334f,-0.07854166666666666f,0f,0f,0f,1f], start_interpolation: 0, interpolation_duration: 1 }
$data merge entity $(bone_tail) { transformation: [-1f,0f,1.4614118469825082e-16f,-4.439344646909155e-18f,0f,0.855f,0f,-0.29375f,-1.2246467991473532e-16f,0f,-1.1933333333333334f,0.03625f,0f,0f,0f,1f], start_interpolation: 0, interpolation_duration: 1 }
$data merge entity $(bone_shell) { transformation: [-1f,4.131545509942343e-18f,1.2239496786354354e-16f,0f,0f,0.9994307579030923f,-0.03373662931074401f,-0.29375f,-1.2246467991473532e-16f,-0.03373662931074401f,-0.9994307579030923f,0f,0f,0f,0f,1f], start_interpolation: 0, interpolation_duration: 1 }
$data merge entity $(bone_left_eye) { transformation: [-0.9659258090037505f,-0.25789875163381876f,0.021807462167067054f,0.03427083333333333f,-0.25488706163380037f,0.9332373946086711f,-0.25318086640918736f,-0.36125f,0.044943490208677245f,-0.25011237316401874f,-0.9671731403829023f,0.060416666666666674f,0f,0f,0f,1f], start_interpolation: 0, interpolation_duration: 1 }
$data merge entity $(bone_right_eye) { transformation: [-0.9659258090037505f,0.25789875163381887f,-0.02180746216706682f,-0.03427083333333334f,0.25488706163380037f,0.9332373946086711f,-0.25318086640918736f,-0.36125f,-0.04494349020867748f,-0.25011237316401863f,-0.9671731403829023f,0.06041666666666666f,0f,0f,0f,1f], start_interpolation: 0, interpolation_duration: 1 }