# This file was generated by Animated Java via MC-Build. It is not recommended to edit this file directly.
$data merge entity $(bone_left_wing) { transformation: [-0.992546151641322f,0.12186934340514746f,1.2246467991473532e-16f,-0.4175f,0.12186934340514746f,0.992546151641322f,0f,-0.5162500000000001f,-1.2155184676135683e-16f,1.4924690131530345e-17f,-1f,-0.01875000000000005f,0f,0f,0f,1f], start_interpolation: 0, interpolation_duration: 1 }
$data merge entity $(bone_right_wing) { transformation: [-0.992546151641322f,-0.12186934340514746f,1.2246467991473532e-16f,0.05625f,-0.12186934340514746f,0.992546151641322f,0f,-0.5587500000000001f,-1.2155184676135683e-16f,-1.4924690131530345e-17f,-1f,-0.018749999999999992f,0f,0f,0f,1f], start_interpolation: 0, interpolation_duration: 1 }
$data merge entity $(bone_left_foot) { transformation: [-1f,-1.371169372781263e-17f,1.2169464771194024e-16f,-0.25f,0f,0.9937122098932426f,0.11196447610330787f,-0.58125f,-1.2246467991473532e-16f,0.11196447610330787f,-0.9937122098932426f,-0.01875000000000003f,0f,0f,0f,1f], start_interpolation: 0, interpolation_duration: 1 }
$data merge entity $(bone_right_foot) { transformation: [-1f,-3.1696191514317656e-17f,1.1829179713786698e-16f,-5.35782974626967e-18f,0f,0.9659258262890683f,0.2588190451025208f,-0.58125f,-1.2246467991473532e-16f,0.2588190451025208f,-0.9659258262890683f,0.04375f,0f,0f,0f,1f], start_interpolation: 0, interpolation_duration: 1 }
$data merge entity $(bone_head) { transformation: [-1f,3.5618507712852414e-18f,1.2241287124196407e-16f,-0.04687500000000001f,0f,0.9995769500822006f,-0.029084718743111408f,-0.05f,-1.2246467991473532e-16f,-0.029084718743111408f,-0.9995769500822006f,0.04374999999999999f,0f,0f,0f,1f], start_interpolation: 0, interpolation_duration: 1 }