# This file was generated by Animated Java via MC-Build. It is not recommended to edit this file directly.
$data merge entity $(bone_left_wing) { transformation: [-0.882947592858927f,0.46947156278589075f,1.2246467991473532e-16f,-0.545f,0.46947156278589075f,0.882947592858927f,0f,-0.41500000000000004f,-1.0812989434095454e-16f,5.749368466564468e-17f,-1f,-0.018750000000000065f,0f,0f,0f,1f], start_interpolation: 0, interpolation_duration: 1 }
$data merge entity $(bone_right_wing) { transformation: [-0.882947592858927f,-0.46947156278589075f,1.2246467991473532e-16f,0.225f,-0.46947156278589075f,0.882947592858927f,0f,-0.5850000000000001f,-1.0812989434095454e-16f,-5.749368466564468e-17f,-1f,-0.01874999999999997f,0f,0f,0f,1f], start_interpolation: 0, interpolation_duration: 1 }
$data merge entity $(bone_left_foot) { transformation: [-1f,-5.313543323124029e-17f,1.1033686402081121e-16f,-0.25f,0f,0.9009688679024191f,0.4338837391175582f,-0.58125f,-1.2246467991473532e-16f,0.4338837391175582f,-0.9009688679024191f,-0.01875000000000003f,0f,0f,0f,1f], start_interpolation: 0, interpolation_duration: 1 }
$data merge entity $(bone_right_foot) { transformation: [-1f,-7.635547901473156e-17f,9.574674224771027e-17f,-5.35782974626967e-18f,0f,0.7818314824680298f,0.6234898018587336f,-0.58125f,-1.2246467991473532e-16f,0.6234898018587336f,-0.7818314824680298f,0.04375f,0f,0f,0f,1f], start_interpolation: 0, interpolation_duration: 1 }
$data merge entity $(bone_head) { transformation: [-1f,5.341834311772722e-18f,1.223481206754078e-16f,-0.04687500000000001f,0f,0.9990482215818578f,-0.043619387365335986f,-0.05f,-1.2246467991473532e-16f,-0.043619387365335986f,-0.9990482215818578f,0.04374999999999999f,0f,0f,0f,1f], start_interpolation: 0, interpolation_duration: 1 }