# This file was generated by Animated Java via MC-Build. It is not recommended to edit this file directly.
$data merge entity $(bone_left_wing) { transformation: [-0.8191520442889918f,0.573576436351046f,1.2246467991473532e-16f,-0.5875f,0.573576436351046f,0.8191520442889918f,0f,-0.38125000000000003f,-1.0031719290535247e-16f,7.024285468436541e-17f,-1f,-0.018750000000000072f,0f,0f,0f,1f], start_interpolation: 0, interpolation_duration: 1 }
$data merge entity $(bone_right_wing) { transformation: [-0.8191520442889918f,-0.573576436351046f,1.2246467991473532e-16f,0.28125f,-0.573576436351046f,0.8191520442889918f,0f,-0.59375f,-1.0031719290535247e-16f,-7.024285468436541e-17f,-1f,-0.018749999999999965f,0f,0f,0f,1f], start_interpolation: 0, interpolation_duration: 1 }
$data merge entity $(bone_left_foot) { transformation: [-1f,-6.515513795482267e-17f,1.0369380803455241e-16f,-0.25f,0f,0.8467241992282842f,0.5320320765153366f,-0.58125f,-1.2246467991473532e-16f,0.5320320765153366f,-0.8467241992282842f,-0.01875000000000003f,0f,0f,0f,1f], start_interpolation: 0, interpolation_duration: 1 }
$data merge entity $(bone_right_foot) { transformation: [-1f,-6.515513795482267e-17f,1.0369380803455241e-16f,-5.35782974626967e-18f,0f,0.8467241992282842f,0.5320320765153366f,-0.58125f,-1.2246467991473532e-16f,0.5320320765153366f,-0.8467241992282842f,0.04375f,0f,0f,0f,1f], start_interpolation: 0, interpolation_duration: 1 }
$data merge entity $(bone_head) { transformation: [-1f,-1.8984031075258477e-33f,1.2246467991473532e-16f,-0.04687500000000001f,0f,1f,1.5501637768927253e-17f,-0.05f,-1.2246467991473532e-16f,1.5501637768927253e-17f,-1f,0.04374999999999999f,0f,0f,0f,1f], start_interpolation: 0, interpolation_duration: 1 }