# This file was generated by Animated Java via MC-Build. It is not recommended to edit this file directly.
$data merge entity $(bone_left_wing) { transformation: [-0.9335804264972017f,0.3583679495453004f,1.2246467991473532e-16f,-0.5025f,0.3583679495453004f,0.9335804264972017f,0f,-0.44875000000000004f,-1.143306281056419e-16f,4.3887416232765226e-17f,-1f,-0.018750000000000062f,0f,0f,0f,1f], start_interpolation: 0, interpolation_duration: 1 }
$data merge entity $(bone_right_wing) { transformation: [-0.9335804264972017f,-0.3583679495453004f,1.2246467991473532e-16f,0.16875f,-0.3583679495453004f,0.9335804264972017f,0f,-0.57625f,-1.143306281056419e-16f,-4.3887416232765226e-17f,-1f,-0.01874999999999998f,0f,0f,0f,1f], start_interpolation: 0, interpolation_duration: 1 }
$data merge entity $(bone_left_foot) { transformation: [-1f,-8.659560562354934e-17f,8.659560562354932e-17f,-0.25f,0f,0.7071067811865475f,0.7071067811865476f,-0.58125f,-1.2246467991473532e-16f,0.7071067811865476f,-0.7071067811865475f,-0.01875000000000003f,0f,0f,0f,1f], start_interpolation: 0, interpolation_duration: 1 }
$data merge entity $(bone_right_foot) { transformation: [-1f,-4.044751960487858e-17f,1.1559236992306862e-16f,-5.35782974626967e-18f,0f,0.9438833303083676f,0.33027906195516715f,-0.58125f,-1.2246467991473532e-16f,0.33027906195516715f,-0.9438833303083676f,0.04375f,0f,0f,0f,1f], start_interpolation: 0, interpolation_duration: 1 }
$data merge entity $(bone_head) { transformation: [-1f,-1.0673500138322974e-17f,1.2199866483456202e-16f,-0.04687500000000001f,0f,0.9961946980917455f,0.08715574274765818f,-0.05f,-1.2246467991473532e-16f,0.08715574274765818f,-0.9961946980917455f,0.04374999999999999f,0f,0f,0f,1f], start_interpolation: 0, interpolation_duration: 1 }