# This file was generated by Animated Java via MC-Build. It is not recommended to edit this file directly.
$data merge entity $(bone_left_wing) { transformation: [-0.9702957262759965f,0.24192189559966765f,1.2246467991473532e-16f,-0.45999999999999996f,0.24192189559966765f,0.9702957262759965f,0f,-0.48250000000000004f,-1.1882695554102554e-16f,2.9626887508979314e-17f,-1f,-0.018750000000000055f,0f,0f,0f,1f], start_interpolation: 0, interpolation_duration: 1 }
$data merge entity $(bone_right_wing) { transformation: [-0.9702957262759965f,-0.24192189559966765f,1.2246467991473532e-16f,0.11249999999999999f,-0.24192189559966765f,0.9702957262759965f,0f,-0.5675f,-1.1882695554102554e-16f,-2.9626887508979314e-17f,-1f,-0.018749999999999985f,0f,0f,0f,1f], start_interpolation: 0, interpolation_duration: 1 }
$data merge entity $(bone_left_foot) { transformation: [-1f,-6.123233995736764e-17f,1.0605752387249072e-16f,-0.25f,0f,0.8660254037844388f,0.4999999999999998f,-0.58125f,-1.2246467991473532e-16f,0.4999999999999998f,-0.8660254037844388f,-0.01875000000000003f,0f,0f,0f,1f], start_interpolation: 0, interpolation_duration: 1 }
$data merge entity $(bone_right_foot) { transformation: [-1f,-2.7250954951287993e-17f,1.1939423470528823e-16f,-5.35782974626967e-18f,0f,0.9749279121818236f,0.22252093395631434f,-0.58125f,-1.2246467991473532e-16f,0.22252093395631434f,-0.9749279121818236f,0.04375f,0f,0f,0f,1f], start_interpolation: 0, interpolation_duration: 1 }
$data merge entity $(bone_head) { transformation: [-1f,-7.120687861218467e-18f,1.2225748905895979e-16f,-0.04687500000000001f,0f,0.9983081582712682f,0.0581448289104758f,-0.05f,-1.2246467991473532e-16f,0.0581448289104758f,-0.9983081582712682f,0.04374999999999999f,0f,0f,0f,1f], start_interpolation: 0, interpolation_duration: 1 }