# This file was generated by Animated Java via MC-Build. It is not recommended to edit this file directly.
$data merge entity $(bone_body) {transformation: [-0.9992f,0.0393f,0f,0.0313f,0.0393f,0.9992f,0f,-1.0625f,0f,0f,-1f,-0.0312f,0f,0f,0f,1f],start_interpolation: 0,interpolation_duration: 1}
$data merge entity $(bone_left_leg) {transformation: [-1f,0f,0f,0f,0f,0.9931f,0.1175f,-1.0344f,0f,0.1175f,-0.9931f,-0.0875f,0f,0f,0f,1f],start_interpolation: 0,interpolation_duration: 1}
$data merge entity $(bone_right_leg) {transformation: [-1f,0f,0f,0.125f,0f,0.9931f,-0.1175f,-1.0344f,0f,-0.1175f,-0.9931f,0.2125f,0f,0f,0f,1f],start_interpolation: 0,interpolation_duration: 1}
$data merge entity $(bone_left_arm) {transformation: [-0.9992f,0.0393f,0.0003f,0.0313f,0.0391f,0.9961f,-0.0785f,-1.0625f,-0.0034f,-0.0784f,-0.9969f,-0.0031f,0f,0f,0f,1f],start_interpolation: 0,interpolation_duration: 1}
$data merge entity $(bone_right_arm) {transformation: [-0.9992f,0.0393f,-0.0003f,0.0313f,0.0391f,0.9961f,0.0785f,-1.0625f,0.0034f,0.0784f,-0.9969f,-0.0594f,0f,0f,0f,1f],start_interpolation: 0,interpolation_duration: 1}
$data merge entity $(block_display_plant) {transformation: [-0.4992f,0.0275f,0f,0.308f,0.0275f,0.4992f,0f,-0.0153f,0f,0f,-0.5f,0.25f,0f,0f,0f,1f],start_interpolation: 0,interpolation_duration: 1}
$data merge entity $(bone_hat) {transformation: [-0.9985f,0.055f,0f,0f,0.055f,0.9985f,0f,-1.0625f,0f,0f,-1f,-0.0625f,0f,0f,0f,1f],start_interpolation: 0,interpolation_duration: 1}