# This file was generated by Animated Java via MC-Build. It is not recommended to edit this file directly.
$data merge entity $(bone_body) {transformation: [-0.9995f,0.0305f,0f,0.0313f,0.0305f,0.9995f,0f,-1.0625f,0f,0f,-1f,-0.0312f,0f,0f,0f,1f],start_interpolation: 0,interpolation_duration: 1}
$data merge entity $(bone_left_leg) {transformation: [-1f,0f,0f,0f,0f,0.9958f,0.0915f,-1.0406f,0f,0.0915f,-0.9958f,-0.075f,0f,0f,0f,1f],start_interpolation: 0,interpolation_duration: 1}
$data merge entity $(bone_right_leg) {transformation: [-1f,0f,0f,0.125f,0f,0.9958f,-0.0915f,-1.0406f,0f,-0.0915f,-0.9958f,0.2f,0f,0f,0f,1f],start_interpolation: 0,interpolation_duration: 1}
$data merge entity $(bone_left_arm) {transformation: [-0.9995f,0.0305f,0.0008f,0.0313f,0.0304f,0.9977f,-0.061f,-1.0625f,-0.0027f,-0.061f,-0.9981f,-0.0094f,0f,0f,0f,1f],start_interpolation: 0,interpolation_duration: 1}
$data merge entity $(bone_right_arm) {transformation: [-0.9995f,0.0305f,-0.0008f,0.0313f,0.0304f,0.9977f,0.061f,-1.0625f,0.0027f,0.061f,-0.9981f,-0.0531f,0f,0f,0f,1f],start_interpolation: 0,interpolation_duration: 1}
$data merge entity $(block_display_plant) {transformation: [-0.4995f,0.0214f,0f,0.2952f,0.0214f,0.4995f,0f,-0.0117f,0f,0f,-0.5f,0.25f,0f,0f,0f,1f],start_interpolation: 0,interpolation_duration: 1}
$data merge entity $(bone_hat) {transformation: [-0.9991f,0.0427f,0f,0f,0.0427f,0.9991f,0f,-1.0625f,0f,0f,-1f,-0.0625f,0f,0f,0f,1f],start_interpolation: 0,interpolation_duration: 1}