# This file was generated by Animated Java via MC-Build. It is not recommended to edit this file directly.
$data merge entity $(bone_body) {transformation: [-0.9999f,-0.0131f,0f,0.0313f,-0.0131f,0.9999f,0f,-1.0625f,0f,0f,-1f,-0.0312f,0f,0f,0f,1f],start_interpolation: 0,interpolation_duration: 1}
$data merge entity $(bone_left_leg) {transformation: [-1f,0f,0f,0f,0f,0.9992f,-0.0393f,-1.0531f,0f,-0.0393f,-0.9992f,-0.0125f,0f,0f,0f,1f],start_interpolation: 0,interpolation_duration: 1}
$data merge entity $(bone_right_leg) {transformation: [-1f,0f,0f,0.125f,0f,0.9992f,0.0393f,-1.0531f,0f,0.0393f,-0.9992f,0.1375f,0f,0f,0f,1f],start_interpolation: 0,interpolation_duration: 1}
$data merge entity $(bone_left_arm) {transformation: [-0.9999f,-0.0131f,-0.0003f,0.0313f,-0.0131f,0.9996f,0.0262f,-1.0625f,0f,0.0262f,-0.9997f,-0.0406f,0f,0f,0f,1f],start_interpolation: 0,interpolation_duration: 1}
$data merge entity $(bone_right_arm) {transformation: [-0.9999f,-0.0131f,0.0003f,0.0313f,-0.0131f,0.9996f,-0.0262f,-1.0625f,0f,-0.0262f,-0.9997f,-0.0219f,0f,0f,0f,1f],start_interpolation: 0,interpolation_duration: 1}
$data merge entity $(block_display_plant) {transformation: [-0.4999f,-0.0092f,0f,0.2305f,-0.0092f,0.4999f,0f,0.0044f,0f,0f,-0.5f,0.25f,0f,0f,0f,1f],start_interpolation: 0,interpolation_duration: 1}
$data merge entity $(bone_hat) {transformation: [-0.9998f,-0.0183f,0f,0f,-0.0183f,0.9998f,0f,-1.0625f,0f,0f,-1f,-0.0625f,0f,0f,0f,1f],start_interpolation: 0,interpolation_duration: 1}