# This file was generated by Animated Java via MC-Build. It is not recommended to edit this file directly.
$data merge entity $(bone_body) {transformation: [-0.9998f,0.0175f,0f,0.0313f,0.0175f,0.9998f,0f,-1.0625f,0f,0f,-1f,-0.0312f,0f,0f,0f,1f],start_interpolation: 0,interpolation_duration: 1}
$data merge entity $(bone_left_leg) {transformation: [-1f,0f,0f,0f,0f,0.9986f,0.0523f,-1.05f,0f,0.0523f,-0.9986f,-0.0562f,0f,0f,0f,1f],start_interpolation: 0,interpolation_duration: 1}
$data merge entity $(bone_right_leg) {transformation: [-1f,0f,0f,0.125f,0f,0.9986f,-0.0523f,-1.05f,0f,-0.0523f,-0.9986f,0.1813f,0f,0f,0f,1f],start_interpolation: 0,interpolation_duration: 1}
$data merge entity $(bone_left_arm) {transformation: [-0.9998f,0.0174f,0.0009f,0.0313f,0.0174f,0.9992f,-0.0349f,-1.0625f,-0.0015f,-0.0349f,-0.9994f,-0.0187f,0f,0f,0f,1f],start_interpolation: 0,interpolation_duration: 1}
$data merge entity $(bone_right_arm) {transformation: [-0.9998f,0.0174f,-0.0009f,0.0313f,0.0174f,0.9992f,0.0349f,-1.0625f,0.0015f,0.0349f,-0.9994f,-0.0437f,0f,0f,0f,1f],start_interpolation: 0,interpolation_duration: 1}
$data merge entity $(block_display_plant) {transformation: [-0.4999f,0.0122f,0f,0.2759f,0.0122f,0.4999f,0f,-0.0064f,0f,0f,-0.5f,0.25f,0f,0f,0f,1f],start_interpolation: 0,interpolation_duration: 1}
$data merge entity $(bone_hat) {transformation: [-0.9997f,0.0244f,0f,0f,0.0244f,0.9997f,0f,-1.0625f,0f,0f,-1f,-0.0625f,0f,0f,0f,1f],start_interpolation: 0,interpolation_duration: 1}