# This file was generated by Animated Java via MC-Build. It is not recommended to edit this file directly.
$data merge entity $(bone_body) {transformation: [-0.9998f,0.0218f,0f,0.0313f,0.0218f,0.9998f,0f,-1.0625f,0f,0f,-1f,-0.0312f,0f,0f,0f,1f],start_interpolation: 0,interpolation_duration: 1}
$data merge entity $(bone_left_leg) {transformation: [-1f,0f,0f,0f,0f,0.9979f,0.0654f,-1.0469f,0f,0.0654f,-0.9979f,-0.0625f,0f,0f,0f,1f],start_interpolation: 0,interpolation_duration: 1}
$data merge entity $(bone_right_leg) {transformation: [-1f,0f,0f,0.125f,0f,0.9979f,-0.0654f,-1.0469f,0f,-0.0654f,-0.9979f,0.1875f,0f,0f,0f,1f],start_interpolation: 0,interpolation_duration: 1}
$data merge entity $(bone_left_arm) {transformation: [-0.9998f,0.0218f,0.001f,0.0313f,0.0217f,0.9988f,-0.0436f,-1.0625f,-0.0019f,-0.0436f,-0.999f,-0.0156f,0f,0f,0f,1f],start_interpolation: 0,interpolation_duration: 1}
$data merge entity $(bone_right_arm) {transformation: [-0.9998f,0.0218f,-0.001f,0.0313f,0.0217f,0.9988f,0.0436f,-1.0625f,0.0019f,0.0436f,-0.999f,-0.0469f,0f,0f,0f,1f],start_interpolation: 0,interpolation_duration: 1}
$data merge entity $(block_display_plant) {transformation: [-0.4998f,0.0153f,0f,0.2823f,0.0153f,0.4998f,0f,-0.0081f,0f,0f,-0.5f,0.25f,0f,0f,0f,1f],start_interpolation: 0,interpolation_duration: 1}
$data merge entity $(bone_hat) {transformation: [-0.9995f,0.0305f,0f,0f,0.0305f,0.9995f,0f,-1.0625f,0f,0f,-1f,-0.0625f,0f,0f,0f,1f],start_interpolation: 0,interpolation_duration: 1}