# This file was generated by Animated Java via MC-Build. It is not recommended to edit this file directly.
$data merge entity $(bone_body) {transformation: [-0.9997f,0.0262f,0f,0.0313f,0.0262f,0.9997f,0f,-1.0625f,0f,0f,-1f,-0.0312f,0f,0f,0f,1f],start_interpolation: 0,interpolation_duration: 1}
$data merge entity $(bone_left_leg) {transformation: [-1f,0f,0f,0f,0f,0.9969f,0.0785f,-1.0437f,0f,0.0785f,-0.9969f,-0.0687f,0f,0f,0f,1f],start_interpolation: 0,interpolation_duration: 1}
$data merge entity $(bone_right_leg) {transformation: [-1f,0f,0f,0.125f,0f,0.9969f,-0.0785f,-1.0437f,0f,-0.0785f,-0.9969f,0.1938f,0f,0f,0f,1f],start_interpolation: 0,interpolation_duration: 1}
$data merge entity $(bone_left_arm) {transformation: [-0.9997f,0.0262f,0.0009f,0.0313f,0.0261f,0.9983f,-0.0523f,-1.0625f,-0.0023f,-0.0523f,-0.9986f,-0.0125f,0f,0f,0f,1f],start_interpolation: 0,interpolation_duration: 1}
$data merge entity $(bone_right_arm) {transformation: [-0.9997f,0.0262f,-0.0009f,0.0313f,0.0261f,0.9983f,0.0523f,-1.0625f,0.0023f,0.0523f,-0.9986f,-0.05f,0f,0f,0f,1f],start_interpolation: 0,interpolation_duration: 1}
$data merge entity $(block_display_plant) {transformation: [-0.4997f,0.0183f,0f,0.2888f,0.0183f,0.4997f,0f,-0.0099f,0f,0f,-0.5f,0.25f,0f,0f,0f,1f],start_interpolation: 0,interpolation_duration: 1}
$data merge entity $(bone_hat) {transformation: [-0.9993f,0.0366f,0f,0f,0.0366f,0.9993f,0f,-1.0625f,0f,0f,-1f,-0.0625f,0f,0f,0f,1f],start_interpolation: 0,interpolation_duration: 1}