# This file was generated by Animated Java via MC-Build. It is not recommended to edit this file directly.
$data merge entity $(bone_body) {transformation: [-0.9994f,0.0349f,0f,0.0313f,0.0349f,0.9994f,0f,-1.0625f,0f,0f,-1f,-0.0312f,0f,0f,0f,1f],start_interpolation: 0,interpolation_duration: 1}
$data merge entity $(bone_left_leg) {transformation: [-1f,0f,0f,0f,0f,0.9945f,0.1045f,-1.0375f,0f,0.1045f,-0.9945f,-0.0812f,0f,0f,0f,1f],start_interpolation: 0,interpolation_duration: 1}
$data merge entity $(bone_right_leg) {transformation: [-1f,0f,0f,0.125f,0f,0.9945f,-0.1045f,-1.0375f,0f,-0.1045f,-0.9945f,0.2063f,0f,0f,0f,1f],start_interpolation: 0,interpolation_duration: 1}
$data merge entity $(bone_left_arm) {transformation: [-0.9994f,0.0349f,0.0006f,0.0313f,0.0348f,0.997f,-0.0698f,-1.0625f,-0.003f,-0.0697f,-0.9976f,-0.0062f,0f,0f,0f,1f],start_interpolation: 0,interpolation_duration: 1}
$data merge entity $(bone_right_arm) {transformation: [-0.9994f,0.0349f,-0.0006f,0.0313f,0.0348f,0.997f,0.0698f,-1.0625f,0.003f,0.0697f,-0.9976f,-0.0562f,0f,0f,0f,1f],start_interpolation: 0,interpolation_duration: 1}
$data merge entity $(block_display_plant) {transformation: [-0.4994f,0.0244f,0f,0.3016f,0.0244f,0.4994f,0f,-0.0135f,0f,0f,-0.5f,0.25f,0f,0f,0f,1f],start_interpolation: 0,interpolation_duration: 1}
$data merge entity $(bone_hat) {transformation: [-0.9988f,0.0488f,0f,0f,0.0488f,0.9988f,0f,-1.0625f,0f,0f,-1f,-0.0625f,0f,0f,0f,1f],start_interpolation: 0,interpolation_duration: 1}