# This file was generated by Animated Java via MC-Build. It is not recommended to edit this file directly.
$data merge entity $(bone_leg_right) {transformation: [-1f,0f,0f,-0.0937f,0f,0.999f,0.0436f,-0.5625f,0f,0.0436f,-0.999f,-0.1312f,0f,0f,0f,1f],start_interpolation: 0,interpolation_duration: 1}
$data merge entity $(bone_leg_left) {transformation: [-1f,0f,0f,0f,0f,0.999f,-0.0436f,-0.5625f,0f,-0.0436f,-0.999f,0.0313f,0f,0f,0f,1f],start_interpolation: 0,interpolation_duration: 1}
$data merge entity $(bone_hat) {transformation: [-0.9997f,0.0262f,0f,0f,0.0262f,0.9997f,0f,-0.5625f,0f,0f,-1f,0f,0f,0f,0f,1f],start_interpolation: 0,interpolation_duration: 1}
$data merge entity $(bone_body) {transformation: [-0.9992f,0.0388f,0f,0f,0.0388f,0.9992f,0f,-0.5625f,0f,0f,-1f,0f,0f,0f,0f,1f],start_interpolation: 0,interpolation_duration: 1}