# This file was generated by Animated Java via MC-Build. It is not recommended to edit this file directly.
$data merge entity $(bone_leg_right) {transformation: [-1f,0f,0f,-0.0937f,0f,0.9981f,0.061f,-0.5625f,0f,0.061f,-0.9981f,-0.1438f,0f,0f,0f,1f],start_interpolation: 0,interpolation_duration: 1}
$data merge entity $(bone_leg_left) {transformation: [-1f,0f,0f,0f,0f,0.9981f,-0.061f,-0.5625f,0f,-0.061f,-0.9981f,0.0438f,0f,0f,0f,1f],start_interpolation: 0,interpolation_duration: 1}
$data merge entity $(bone_hat) {transformation: [-0.9993f,0.0366f,0f,0f,0.0366f,0.9993f,0f,-0.5625f,0f,0f,-1f,0f,0f,0f,0f,1f],start_interpolation: 0,interpolation_duration: 1}
$data merge entity $(bone_body) {transformation: [-0.9985f,0.0543f,0f,0f,0.0543f,0.9985f,0f,-0.5625f,0f,0f,-1f,0f,0f,0f,0f,1f],start_interpolation: 0,interpolation_duration: 1}