# This file was generated by Animated Java via MC-Build. It is not recommended to edit this file directly.
$data merge entity $(bone_leg_right) {transformation: [-1f,0f,0f,-0.0937f,0f,0.9962f,0.0872f,-0.5625f,0f,0.0872f,-0.9962f,-0.1625f,0f,0f,0f,1f],start_interpolation: 0,interpolation_duration: 2}
$data merge entity $(bone_leg_left) {transformation: [-1f,0f,0f,0f,0f,0.9962f,-0.0872f,-0.5625f,0f,-0.0872f,-0.9962f,0.0625f,0f,0f,0f,1f],start_interpolation: 0,interpolation_duration: 2}
$data merge entity $(bone_hat) {transformation: [-0.9986f,0.0523f,0f,0f,0.0523f,0.9986f,0f,-0.5625f,0f,0f,-1f,0f,0f,0f,0f,1f],start_interpolation: 0,interpolation_duration: 2}
$data merge entity $(bone_body) {transformation: [-0.998f,0.0634f,0f,0f,0.0634f,0.998f,0f,-0.5625f,0f,0f,-1f,0f,0f,0f,0f,1f],start_interpolation: 0,interpolation_duration: 2}