# This file was generated by Animated Java via MC-Build. It is not recommended to edit this file directly.
$data merge entity $(bone_leg_right) {transformation: [-1f,0f,0f,-0.0937f,0f,0.9986f,0.0523f,-0.5625f,0f,0.0523f,-0.9986f,-0.1375f,0f,0f,0f,1f],start_interpolation: 0,interpolation_duration: 2}
$data merge entity $(bone_leg_left) {transformation: [-1f,0f,0f,0f,0f,0.9986f,-0.0523f,-0.5625f,0f,-0.0523f,-0.9986f,0.0375f,0f,0f,0f,1f],start_interpolation: 0,interpolation_duration: 2}
$data merge entity $(bone_hat) {transformation: [-0.9995f,0.0314f,0f,0f,0.0314f,0.9995f,0f,-0.5625f,0f,0f,-1f,0f,0f,0f,0f,1f],start_interpolation: 0,interpolation_duration: 2}
$data merge entity $(bone_body) {transformation: [-0.9993f,0.0381f,0f,0f,0.0381f,0.9993f,0f,-0.5625f,0f,0f,-1f,0f,0f,0f,0f,1f],start_interpolation: 0,interpolation_duration: 2}