# This file was generated by Animated Java via MC-Build. It is not recommended to edit this file directly.
$data merge entity $(bone_leg_right) {transformation: [-1f,0f,0f,-0.0937f,0f,0.9962f,-0.0872f,-0.5625f,0f,-0.0872f,-0.9962f,-0.0688f,0f,0f,0f,1f],start_interpolation: 0,interpolation_duration: 2}
$data merge entity $(bone_leg_left) {transformation: [-1f,0f,0f,0f,0f,0.9962f,0.0872f,-0.5625f,0f,0.0872f,-0.9962f,-0.0312f,0f,0f,0f,1f],start_interpolation: 0,interpolation_duration: 2}
$data merge entity $(bone_hat) {transformation: [-0.9997f,-0.0262f,0f,0f,-0.0262f,0.9997f,0f,-0.5625f,0f,0f,-1f,0f,0f,0f,0f,1f],start_interpolation: 0,interpolation_duration: 2}
$data merge entity $(bone_body) {transformation: [-0.9994f,-0.0349f,0f,0f,-0.0349f,0.9994f,0f,-0.5625f,0f,0f,-1f,0f,0f,0f,0f,1f],start_interpolation: 0,interpolation_duration: 2}