# This file was generated by Animated Java via MC-Build. It is not recommended to edit this file directly.
$data merge entity $(bone_leg_right) {transformation: [-1f,0f,0f,-0.0937f,0f,0.9925f,-0.1219f,-0.5625f,0f,-0.1219f,-0.9925f,-0.0563f,0f,0f,0f,1f],start_interpolation: 0,interpolation_duration: 2}
$data merge entity $(bone_leg_left) {transformation: [-1f,0f,0f,0f,0f,0.9925f,0.1219f,-0.5625f,0f,0.1219f,-0.9925f,-0.0437f,0f,0f,0f,1f],start_interpolation: 0,interpolation_duration: 2}
$data merge entity $(bone_hat) {transformation: [-0.9993f,-0.0366f,0f,0f,-0.0366f,0.9993f,0f,-0.5625f,0f,0f,-1f,0f,0f,0f,0f,1f],start_interpolation: 0,interpolation_duration: 2}
$data merge entity $(bone_body) {transformation: [-0.9988f,-0.0488f,0f,0f,-0.0488f,0.9988f,0f,-0.5625f,0f,0f,-1f,0f,0f,0f,0f,1f],start_interpolation: 0,interpolation_duration: 2}