# This file was generated by Animated Java via MC-Build. It is not recommended to edit this file directly.
$data merge entity $(bone_body) { transformation: [-1f,0f,1.2246467991473532e-16f,0.03125000000000001f,0f,1f,0f,-0.75f,-1.2246467991473532e-16f,0f,-1f,-0.031249999999999997f,0f,0f,0f,1f], start_interpolation: 0, interpolation_duration: 1 }
$data merge entity $(bone_left_leg) { transformation: [-0.9659258262890683f,0.25881904510252074f,1.2246467991473532e-16f,-0.06249999999999999f,0.25881904510252074f,0.9659258262890683f,0f,-0.78125f,-1.1829179713786698e-16f,3.169619151431765e-17f,-1f,-0.03125000000000001f,0f,0f,0f,1f], start_interpolation: 0, interpolation_duration: 1 }
$data merge entity $(bone_right_leg) { transformation: [-0.9659258262890683f,-0.25881904510252074f,1.2246467991473532e-16f,0.18749999999999997f,-0.25881904510252074f,0.9659258262890683f,0f,-0.75f,-1.1829179713786698e-16f,-3.169619151431765e-17f,-1f,0.15625000000000003f,0f,0f,0f,1f], start_interpolation: 0, interpolation_duration: 1 }
$data merge entity $(bone_left_arm) { transformation: [-0.9238795325112867f,0.3826834323650897f,1.2246467991473532e-16f,-0.1875f,0.3826834323650897f,0.9238795325112867f,0f,-0.84375f,-1.1314261122877003e-16f,4.6865204053262974e-17f,-1f,-0.03125000000000002f,0f,0f,0f,1f], start_interpolation: 0, interpolation_duration: 1 }
$data merge entity $(bone_right_arm) { transformation: [-0.9063077870366499f,-0.42261826174069944f,1.2246467991473532e-16f,0.28125f,-0.42261826174069944f,0.9063077870366499f,0f,-0.8125f,-1.1099069304367545e-16f,-5.175581015019659e-17f,-1f,-0.031249999999999965f,0f,0f,0f,1f], start_interpolation: 0, interpolation_duration: 1 }
$data merge entity $(block_display_plant) { transformation: [-0.4980973490458728f,0.04357787137382909f,6.123233995736766e-17f,0.34165165119232316f,0.04357787137382909f,0.4980973490458728f,0f,0.3491679310355651f,-6.099933241728101e-17f,5.336750069161487e-18f,-0.5f,0.25000000000000006f,0f,0f,0f,1f], start_interpolation: 0, interpolation_duration: 1 }
$data merge entity $(bone_hat) { transformation: [-0.9961946980917455f,0.08715574274765818f,1.2246467991473532e-16f,7.654042494670958e-18f,0.08715574274765818f,0.9961946980917455f,0f,-0.6875f,-1.2199866483456202e-16f,1.0673500138322974e-17f,-1f,-0.0625f,0f,0f,0f,1f], start_interpolation: 0, interpolation_duration: 1 }