# This file was generated by Animated Java via MC-Build. It is not recommended to edit this file directly.
$data merge entity $(bone_body) { transformation: [-1f,0f,1.2246467991473532e-16f,0.03125000000000001f,0f,1f,0f,-0.8625f,-1.2246467991473532e-16f,0f,-1f,-0.031249999999999997f,0f,0f,0f,1f], start_interpolation: 0, interpolation_duration: 1 }
$data merge entity $(bone_left_leg) { transformation: [-0.9758363932829132f,0.21786706441748577f,-0.016651600124392093f,-0.06875000000000002f,0.21212259658471747f,0.9263078213792582f,-0.31138051331091604f,-0.826875f,-0.0524150509181549f,-0.3073886177035829f,-0.9501394108990153f,0.06250000000000007f,0f,0f,0f,1f], start_interpolation: 0, interpolation_duration: 1 }
$data merge entity $(bone_right_leg) { transformation: [-0.976807083442103f,-0.2135550559667681f,0.0155614847737256f,0.18749999999999997f,-0.20762675507137565f,0.9269111561959043f,-0.31261292215470377f,-0.7625f,0.052335956242943744f,-0.30859349732391067f,-0.9497531263931349f,0.20625000000000007f,0f,0f,0f,1f], start_interpolation: 0, interpolation_duration: 1 }
$data merge entity $(bone_left_arm) { transformation: [-0.9510565162951536f,0.3090169943749474f,1.2246467991473532e-16f,-0.14374999999999996f,0.3090169943749474f,0.9510565162951536f,0f,-0.9375000000000001f,-1.1647083184890926e-16f,3.78436673043415e-17f,-1f,-0.03125000000000002f,0f,0f,0f,1f], start_interpolation: 0, interpolation_duration: 1 }
$data merge entity $(bone_right_arm) { transformation: [-0.9396926207859084f,-0.34202014332566866f,1.2246467991473532e-16f,0.23124999999999996f,-0.34202014332566866f,0.9396926207859084f,0f,-0.9125000000000001f,-1.1507915602278503e-16f,-4.188538737676991e-17f,-1f,-0.031249999999999972f,0f,0f,0f,1f], start_interpolation: 0, interpolation_duration: 1 }
$data merge entity $(block_display_plant) { transformation: [-0.4987820251299121f,0.034878236872062644f,6.123233995736766e-17f,0.3235072659180891f,0.034878236872062644f,0.4987820251299121f,0f,0.22997268496503176f,-6.108318105475815e-17f,4.271352114527471e-18f,-0.5f,0.25000000000000006f,0f,0f,0f,1f], start_interpolation: 0, interpolation_duration: 1 }
$data merge entity $(bone_hat) { transformation: [-0.9975640502598242f,0.06975647374412529f,1.2246467991473532e-16f,7.654042494670958e-18f,0.06975647374412529f,0.9975640502598242f,0f,-0.8125000000000001f,-1.221663621095163e-16f,8.542704229054942e-18f,-1f,-0.0625f,0f,0f,0f,1f], start_interpolation: 0, interpolation_duration: 1 }