# This file was generated by Animated Java via MC-Build. It is not recommended to edit this file directly.
$data merge entity $(bone_body) { transformation: [-1f,0f,1.2246467991473532e-16f,0.03125000000000001f,0f,1f,0f,-0.975f,-1.2246467991473532e-16f,0f,-1f,-0.031249999999999997f,0f,0f,0f,1f], start_interpolation: 0, interpolation_duration: 1 }
$data merge entity $(bone_left_leg) { transformation: [-0.9807865791495572f,0.1946315328182695f,-0.01327601570201716f,-0.07500000000000001f,0.16461630345695757f,0.7891736113861074f,-0.5916979666417452f,-0.8725f,-0.10468600095655663f,-0.5825148732218088f,-0.8060504101351875f,0.15624999999999994f,0f,0f,0f,1f], start_interpolation: 0, interpolation_duration: 1 }
$data merge entity $(bone_right_leg) { transformation: [-0.9822776805218211f,-0.18724199796322807f,0.008425707531695215f,0.18749999999999997f,-0.1555775006727323f,0.7894452739218094f,-0.5937775684268859f,-0.775f,0.10452846326765332f,-0.584565303179429f,-0.8045851146309165f,0.25625f,0f,0f,0f,1f], start_interpolation: 0, interpolation_duration: 1 }
$data merge entity $(bone_left_arm) { transformation: [-0.9723699203976766f,0.23344536385590545f,1.2246467991473532e-16f,-0.10000000000000003f,0.23344536385590545f,0.9723699203976766f,0f,-1.03125f,-1.1908097106021811e-16f,2.858881176219238e-17f,-1f,-0.031250000000000014f,0f,0f,0f,1f], start_interpolation: 0, interpolation_duration: 1 }
$data merge entity $(bone_right_arm) { transformation: [-0.9659258262890683f,-0.2588190451025208f,1.2246467991473532e-16f,0.18125000000000002f,-0.2588190451025208f,0.9659258262890683f,0f,-1.0125f,-1.1829179713786698e-16f,-3.1696191514317656e-17f,-1f,-0.03124999999999998f,0f,0f,0f,1f], start_interpolation: 0, interpolation_duration: 1 }
$data merge entity $(block_display_plant) { transformation: [-0.4993147673772869f,0.026167978121471917f,6.123233995736766e-17f,0.3052643371967712f,0.026167978121471917f,0.4993147673772869f,0f,0.11045989161599867f,-6.114842316355997e-17f,3.204653064661855e-18f,-0.5f,0.25000000000000006f,0f,0f,0f,1f], start_interpolation: 0, interpolation_duration: 1 }
$data merge entity $(bone_hat) { transformation: [-0.9986295347545738f,0.052335956242943835f,1.2246467991473532e-16f,7.654042494670958e-18f,0.052335956242943835f,0.9986295347545738f,0f,-0.9375f,-1.2229684632711994e-16f,6.40930612932371e-18f,-1f,-0.0625f,0f,0f,0f,1f], start_interpolation: 0, interpolation_duration: 1 }