# This file was generated by Animated Java via MC-Build. It is not recommended to edit this file directly.
$data merge entity $(bone_body) { transformation: [-1f,0f,1.2246467991473532e-16f,0.03125000000000001f,0f,1f,0f,-1.0875f,-1.2246467991473532e-16f,0f,-1f,-0.031249999999999997f,0f,0f,0f,1f], start_interpolation: 0, interpolation_duration: 1 }
$data merge entity $(bone_left_leg) { transformation: [-0.9807205053047535f,0.19538452263039058f,-0.0034898124997292507f,-0.08125000000000003f,0.11679926949237518f,0.5717622380420728f,-0.81206272774655f,-0.9181250000000001f,-0.15666914540150012f,-0.7968141762453869f,-0.5835597205201446f,0.25000000000000006f,0f,0f,0f,1f], start_interpolation: 0, interpolation_duration: 1 }
$data merge entity $(bone_right_leg) { transformation: [-0.9822776805218211f,-0.18730513114014233f,-0.006880857304525241f,0.18749999999999997f,-0.10324154442978842f,0.5713363752155902f,-0.8141964933965647f,-0.7875f,0.15643446504023079f,-0.7990566526874577f,-0.5805486404630471f,0.30625f,0f,0f,0f,1f], start_interpolation: 0, interpolation_duration: 1 }
$data merge entity $(bone_left_arm) { transformation: [-0.9876883405951378f,0.15643446504023084f,1.2246467991473532e-16f,-0.05624999999999996f,0.15643446504023084f,0.9876883405951378f,0f,-1.125f,-1.2095693648649962e-16f,1.9157696688784723e-17f,-1f,-0.03125000000000001f,0f,0f,0f,1f], start_interpolation: 0, interpolation_duration: 1 }
$data merge entity $(bone_right_arm) { transformation: [-0.984807753012208f,-0.1736481776669303f,1.2246467991473532e-16f,0.13124999999999998f,-0.1736481776669303f,0.984807753012208f,0f,-1.1125f,-1.2060416625018976e-16f,-2.126576849575771e-17f,-1f,-0.031249999999999983f,0f,0f,0f,1f], start_interpolation: 0, interpolation_duration: 1 }
$data merge entity $(block_display_plant) { transformation: [-0.4996954135095479f,0.01744974835125048f,6.123233995736766e-17f,0.2869284220011811f,0.01744974835125048f,0.4996954135095479f,0f,-0.009372120467835865f,-6.119503887030809e-17f,2.1369778464285705e-18f,-0.5f,0.25000000000000006f,0f,0f,0f,1f], start_interpolation: 0, interpolation_duration: 1 }
$data merge entity $(bone_hat) { transformation: [-0.9993908270190958f,0.03489949670250096f,1.2246467991473532e-16f,7.654042494670958e-18f,0.03489949670250096f,0.9993908270190958f,0f,-1.0625f,-1.2239007774061617e-16f,4.273955692857141e-18f,-1f,-0.0625f,0f,0f,0f,1f], start_interpolation: 0, interpolation_duration: 1 }