# This file was generated by Animated Java via MC-Build. It is not recommended to edit this file directly.
$data merge entity $(bone_body) { transformation: [-1f,0f,1.2246467991473532e-16f,0.03125000000000001f,0f,1f,0f,-1.2f,-1.2246467991473532e-16f,0f,-1f,-0.031249999999999997f,0f,0f,0f,1f], start_interpolation: 0, interpolation_duration: 1 }
$data merge entity $(bone_left_leg) { transformation: [-0.9756325018393344f,0.21940225625865978f,-0.0019675627895025705f,-0.08750000000000004f,0.06917368586178273f,0.2990649417862935f,-0.9517222083037971f,-0.96375f,-0.20822157078222384f,-0.928667222713804f,-0.3069543401191993f,0.3437499999999999f,0f,0f,0f,1f], start_interpolation: 0, interpolation_duration: 1 }
$data merge entity $(bone_right_leg) { transformation: [-0.976807083442103f,-0.21363747826378285f,-0.014385743582590127f,0.18749999999999994f,-0.05119229003114498f,0.2982448068030339f,-0.9531156197735864f,-0.8f,0.20791169081775912f,-0.9302736495763557f,-0.3022642316338271f,0.35624999999999996f,0f,0f,0f,1f], start_interpolation: 0, interpolation_duration: 1 }
$data merge entity $(bone_left_arm) { transformation: [-0.996917333733128f,0.078459095727845f,1.2246467991473532e-16f,-0.012500000000000035f,0.078459095727845f,0.996917333733128f,0f,-1.21875f,-1.220871621770789e-16f,9.608468044710115e-18f,-1f,-0.03125f,0f,0f,0f,1f], start_interpolation: 0, interpolation_duration: 1 }
$data merge entity $(bone_right_arm) { transformation: [-0.9961946980917455f,-0.08715574274765825f,1.2246467991473532e-16f,0.08125000000000004f,-0.08715574274765825f,0.9961946980917455f,0f,-1.2125f,-1.2199866483456202e-16f,-1.0673500138322981e-17f,-1f,-0.03124999999999999f,0f,0f,0f,1f], start_interpolation: 0, interpolation_duration: 1 }
$data merge entity $(block_display_plant) { transformation: [-0.49992384757819563f,0.008726203218641765f,6.123233995736766e-17f,0.2685051056287115f,0.008726203218641765f,0.49992384757819563f,0f,-0.1295249255056552f,-6.122301397540666e-17f,1.0686516840418968e-18f,-0.5f,0.25000000000000006f,0f,0f,0f,1f], start_interpolation: 0, interpolation_duration: 1 }
$data merge entity $(bone_hat) { transformation: [-0.9998476951563913f,0.01745240643728353f,1.2246467991473532e-16f,7.654042494670958e-18f,0.01745240643728353f,0.9998476951563913f,0f,-1.1875f,-1.2244602795081332e-16f,2.1373033680837936e-18f,-1f,-0.0625f,0f,0f,0f,1f], start_interpolation: 0, interpolation_duration: 1 }