# This file was generated by Animated Java via MC-Build. It is not recommended to edit this file directly.
$data merge entity $(bone_body) { transformation: [-1f,4.2739556928571464e-18f,1.2239007774061617e-16f,0.03125000000000001f,0f,0.9993908270190958f,-0.034899496702501004f,-1.3025f,-1.2246467991473532e-16f,-0.034899496702501004f,-0.9993908270190958f,-0.031249999999999997f,0f,0f,0f,1f], start_interpolation: 0, interpolation_duration: 1 }
$data merge entity $(bone_left_leg) { transformation: [-0.9682518811296705f,0.24992840844917838f,-0.004907681623226127f,-0.08125000000000004f,0.021409268278374888f,0.06334961069535627f,-0.9977617301021978f,-1.02f,-0.2490581014956929f,-0.9661897419631441f,-0.06668916407148673f,0.4125f,0f,0f,0f,1f], start_interpolation: 0, interpolation_duration: 1 }
$data merge entity $(bone_right_leg) { transformation: [-0.9685831611286311f,-0.24819915448033592f,-0.01561536721676756f,0.18499999999999994f,1.3877787807814457e-17f,0.06279051952931325f,-0.9980267284282716f,-0.8225f,0.24868988716485466f,-0.9666718835119212f,-0.060817839894611314f,0.39625f,0f,0f,0f,1f], start_interpolation: 0, interpolation_duration: 1 }
$data merge entity $(bone_left_arm) { transformation: [-1f,-4.2739556928571464e-18f,1.2239007774061617e-16f,0.03125000000000001f,0f,0.9993908270190958f,0.034899496702501004f,-1.3f,-1.2246467991473532e-16f,0.034899496702501004f,-0.9993908270190958f,-0.06875000000000003f,0f,0f,0f,1f], start_interpolation: 0, interpolation_duration: 1 }
$data merge entity $(bone_right_arm) { transformation: [-1f,-4.2739556928571464e-18f,1.2239007774061617e-16f,0.03125000000000001f,0f,0.9993908270190958f,0.034899496702501004f,-1.3f,-1.2246467991473532e-16f,0.034899496702501004f,-0.9993908270190958f,-0.06875000000000003f,0f,0f,0f,1f], start_interpolation: 0, interpolation_duration: 1 }
$data merge entity $(block_display_plant) { transformation: [-0.5f,0f,6.123233995736766e-17f,0.24999999999999997f,0f,0.5f,0f,-0.26249999999999996f,-6.123233995736766e-17f,0f,-0.5f,0.21875000000000003f,0f,0f,0f,1f], start_interpolation: 0, interpolation_duration: 1 }
$data merge entity $(bone_hat) { transformation: [-1f,0f,1.2246467991473532e-16f,1.148106374200644e-17f,0f,1f,0f,-1.325f,-1.2246467991473532e-16f,0f,-1f,-0.09375000000000003f,0f,0f,0f,1f], start_interpolation: 0, interpolation_duration: 1 }