# This file was generated by Animated Java via MC-Build. It is not recommended to edit this file directly.
$data merge entity $(bone_body) { transformation: [-1f,8.542704229054942e-18f,1.221663621095163e-16f,0.03125000000000001f,0f,0.9975640502598242f,-0.06975647374412529f,-1.2925f,-1.2246467991473532e-16f,-0.06975647374412529f,-0.9975640502598242f,-0.031249999999999997f,0f,0f,0f,1f], start_interpolation: 0, interpolation_duration: 1 }
$data merge entity $(bone_left_leg) { transformation: [-0.970829381369128f,0.23954951405747804f,0.010312254131000747f,-0.06875000000000005f,0.020571559022095898f,0.1260668576162205f,-0.9918084282613111f,-1.030625f,-0.23888726050134326f,-0.9626646237011092f,-0.12731731635785315f,0.3875f,0f,0f,0f,1f], start_interpolation: 0, interpolation_duration: 1 }
$data merge entity $(bone_right_leg) { transformation: [-0.9711342799096361f,-0.23665255001908334f,-0.029896169551597365f,0.18249999999999994f,0f,0.12533323356430426f,-0.992114701314478f,-0.8325f,0.23853345757858077f,-0.9634765960487992f,-0.1217153995262168f,0.38625f,0f,0f,0f,1f], start_interpolation: 0, interpolation_duration: 1 }
$data merge entity $(bone_left_arm) { transformation: [-1f,-8.542704229054942e-18f,1.221663621095163e-16f,0.031250000000000014f,0f,0.9975640502598242f,0.06975647374412529f,-1.2875f,-1.2246467991473532e-16f,0.06975647374412529f,-0.9975640502598242f,-0.10624999999999998f,0f,0f,0f,1f], start_interpolation: 0, interpolation_duration: 1 }
$data merge entity $(bone_right_arm) { transformation: [-1f,-8.542704229054942e-18f,1.221663621095163e-16f,0.031250000000000014f,0f,0.9975640502598242f,0.06975647374412529f,-1.2875f,-1.2246467991473532e-16f,0.06975647374412529f,-0.9975640502598242f,-0.10624999999999998f,0f,0f,0f,1f], start_interpolation: 0, interpolation_duration: 1 }
$data merge entity $(block_display_plant) { transformation: [-0.5f,0f,6.123233995736766e-17f,0.25f,0f,0.5f,0f,-0.2749999999999999f,-6.123233995736766e-17f,0f,-0.5f,0.18750000000000006f,0f,0f,0f,1f], start_interpolation: 0, interpolation_duration: 1 }
$data merge entity $(bone_hat) { transformation: [-1f,0f,1.2246467991473532e-16f,1.5308084989341912e-17f,0f,1f,0f,-1.3375f,-1.2246467991473532e-16f,0f,-1f,-0.12499999999999999f,0f,0f,0f,1f], start_interpolation: 0, interpolation_duration: 1 }