# This file was generated by Animated Java via MC-Build. It is not recommended to edit this file directly.
$data merge entity $(bone_body) { transformation: [-1f,1.280104479605235e-17f,1.217938055844715e-16f,0.03125000000000001f,0f,0.9945218953682733f,-0.10452846326765347f,-1.2825f,-1.2246467991473532e-16f,-0.10452846326765347f,-0.9945218953682733f,-0.031249999999999997f,0f,0f,0f,1f], start_interpolation: 0, interpolation_duration: 1 }
$data merge entity $(bone_left_leg) { transformation: [-0.9732993709578762f,0.2282589468451277f,0.024211313020065402f,-0.056250000000000036f,0.019726954978512984f,0.1882677385628745f,-0.9819196025457972f,-1.04125f,-0.2286901435136157f,-0.9552241160071149f,-0.1877437254827643f,0.3625f,0f,0f,0f,1f], start_interpolation: 0, interpolation_duration: 1 }
$data merge entity $(bone_right_leg) { transformation: [-0.9735789028731603f,-0.2243061484024998f,-0.04278868622812867f,0.17999999999999994f,-1.3877787807814457e-17f,0.1873813145857246f,-0.9822872507286887f,-0.8425f,0.22835087011065558f,-0.9563341438707297f,-0.1824304946733002f,0.37625f,0f,0f,0f,1f], start_interpolation: 0, interpolation_duration: 1 }
$data merge entity $(bone_left_arm) { transformation: [-1f,-1.280104479605235e-17f,1.217938055844715e-16f,0.03125000000000002f,0f,0.9945218953682733f,0.10452846326765347f,-1.275f,-1.2246467991473532e-16f,0.10452846326765347f,-0.9945218953682733f,-0.14375000000000002f,0f,0f,0f,1f], start_interpolation: 0, interpolation_duration: 1 }
$data merge entity $(bone_right_arm) { transformation: [-1f,-1.280104479605235e-17f,1.217938055844715e-16f,0.03125000000000002f,0f,0.9945218953682733f,0.10452846326765347f,-1.275f,-1.2246467991473532e-16f,0.10452846326765347f,-0.9945218953682733f,-0.14375000000000002f,0f,0f,0f,1f], start_interpolation: 0, interpolation_duration: 1 }
$data merge entity $(block_display_plant) { transformation: [-0.5f,0f,6.123233995736766e-17f,0.25f,0f,0.5f,0f,-0.2875000000000001f,-6.123233995736766e-17f,0f,-0.5f,0.15625000000000006f,0f,0f,0f,1f], start_interpolation: 0, interpolation_duration: 1 }
$data merge entity $(bone_hat) { transformation: [-1f,0f,1.2246467991473532e-16f,1.9135106236677395e-17f,0f,1f,0f,-1.35f,-1.2246467991473532e-16f,0f,-1f,-0.15625f,0f,0f,0f,1f], start_interpolation: 0, interpolation_duration: 1 }