# This file was generated by Animated Java via MC-Build. It is not recommended to edit this file directly.
$data merge entity $(bone_body) { transformation: [-1f,1.7043789261815554e-17f,1.2127286206821952e-16f,0.03125000000000001f,0f,0.9902680687415704f,-0.1391731009600654f,-1.2725f,-1.2246467991473532e-16f,-0.1391731009600654f,-0.9902680687415704f,-0.031249999999999997f,0f,0f,0f,1f], start_interpolation: 0, interpolation_duration: 1 }
$data merge entity $(bone_left_leg) { transformation: [-0.9756615678746859f,0.2161826901204243f,0.036736214619993504f,-0.04375000000000005f,0.01887574665899079f,0.24970573565139442f,-0.9681377752008551f,-1.051875f,-0.21846787214685642f,-0.9438813961907992f,-0.24770889924371353f,0.3375f,0f,0f,0f,1f], start_interpolation: 0, interpolation_duration: 1 }
$data merge entity $(bone_right_leg) { transformation: [-0.9759167619387474f,-0.21128987033070912f,-0.054250018088681795f,0.17749999999999994f,1.3877787807814457e-17f,0.24868988716485474f,-0.9685831611286312f,-0.8525f,0.21814324139654243f,-0.9452565422770497f,-0.24270062940883752f,0.36625f,0f,0f,0f,1f], start_interpolation: 0, interpolation_duration: 1 }
$data merge entity $(bone_left_arm) { transformation: [-1f,-1.7043789261815554e-17f,1.2127286206821952e-16f,0.03125000000000002f,0f,0.9902680687415704f,0.1391731009600654f,-1.2625f,-1.2246467991473532e-16f,0.1391731009600654f,-0.9902680687415704f,-0.18124999999999997f,0f,0f,0f,1f], start_interpolation: 0, interpolation_duration: 1 }
$data merge entity $(bone_right_arm) { transformation: [-1f,-1.7043789261815554e-17f,1.2127286206821952e-16f,0.03125000000000002f,0f,0.9902680687415704f,0.1391731009600654f,-1.2625f,-1.2246467991473532e-16f,0.1391731009600654f,-0.9902680687415704f,-0.18124999999999997f,0f,0f,0f,1f], start_interpolation: 0, interpolation_duration: 1 }
$data merge entity $(block_display_plant) { transformation: [-0.5f,0f,6.123233995736766e-17f,0.25f,0f,0.5f,0f,-0.30000000000000004f,-6.123233995736766e-17f,0f,-0.5f,0.12500000000000008f,0f,0f,0f,1f], start_interpolation: 0, interpolation_duration: 1 }
$data merge entity $(bone_hat) { transformation: [-1f,0f,1.2246467991473532e-16f,2.2962127484012868e-17f,0f,1f,0f,-1.3625f,-1.2246467991473532e-16f,0f,-1f,-0.18749999999999997f,0f,0f,0f,1f], start_interpolation: 0, interpolation_duration: 1 }