# This file was generated by Animated Java via MC-Build. It is not recommended to edit this file directly.
$data merge entity $(bone_body) { transformation: [-1f,0f,1.2246467991473532e-16f,0.03125000000000001f,0f,1f,0f,-1.1458333333333333f,-1.2246467991473532e-16f,0f,-1f,-0.031249999999999997f,0f,0f,0f,1f], start_interpolation: 0, interpolation_duration: 1 }
$data merge entity $(bone_left_leg) { transformation: [-0.9986295347545738f,0.05233595624294383f,1.2246467991473532e-16f,-0.012499999999999997f,0.05233595624294383f,0.9986295347545738f,0f,-1.00625f,-1.2229684632711994e-16f,6.4093061293237094e-18f,-1f,-0.03125f,0f,0f,0f,1f], start_interpolation: 0, interpolation_duration: 1 }
$data merge entity $(bone_right_leg) { transformation: [-0.9986295347545738f,-0.05233595624294383f,1.2246467991473532e-16f,0.13749999999999998f,-0.05233595624294383f,0.9986295347545738f,0f,-1f,-1.2229684632711994e-16f,-6.4093061293237094e-18f,-1f,0.15625000000000003f,0f,0f,0f,1f], start_interpolation: 0, interpolation_duration: 1 }
$data merge entity $(bone_left_arm) { transformation: [-0.993238357741943f,0.11609291412523023f,1.2246467991473532e-16f,-0.031249999999999997f,0.11609291412523023f,0.993238357741943f,0f,-1.1875f,-1.2163661755990443e-16f,1.4217281568715176e-17f,-1f,-0.03125000000000001f,0f,0f,0f,1f], start_interpolation: 0, interpolation_duration: 1 }
$data merge entity $(bone_right_arm) { transformation: [-0.993238357741943f,-0.11609291412523023f,1.2246467991473532e-16f,0.09375f,-0.11609291412523023f,0.993238357741943f,0f,-1.1875f,-1.2163661755990443e-16f,-1.4217281568715176e-17f,-1f,-0.03124999999999999f,0f,0f,0f,1f], start_interpolation: 0, interpolation_duration: 1 }
$data merge entity $(block_display_plant) { transformation: [-0.5f,0f,6.123233995736766e-17f,0.24999999999999997f,0f,0.5f,0f,-0.08333333333333326f,-6.123233995736766e-17f,0f,-0.5f,0.25000000000000006f,0f,0f,0f,1f], start_interpolation: 0, interpolation_duration: 1 }
$data merge entity $(bone_hat) { transformation: [-1f,0f,1.2246467991473532e-16f,7.654042494670958e-18f,0f,1f,0f,-1.1458333333333333f,-1.2246467991473532e-16f,0f,-1f,-0.0625f,0f,0f,0f,1f], start_interpolation: 0, interpolation_duration: 1 }