# This file was generated by Animated Java via MC-Build. It is not recommended to edit this file directly.
$data merge entity $(bone_body) { transformation: [-1f,2.1265768495757713e-17f,1.2060416625018976e-16f,0.03125000000000001f,0f,0.984807753012208f,-0.17364817766693033f,-1.2625f,-1.2246467991473532e-16f,-0.17364817766693033f,-0.984807753012208f,-0.031249999999999997f,0f,0f,0f,1f], start_interpolation: 0, interpolation_duration: 1 }
$data merge entity $(bone_left_leg) { transformation: [-0.9779157023996808f,0.20344972338456335f,0.04784442553614412f,-0.03125000000000004f,0.018018225803953875f,0.310137710560606f,-0.9505208803740735f,-1.0625f,-0.20822157078222397f,-0.9286672227138044f,-0.306954340119199f,0.3125f,0f,0f,0f,1f], start_interpolation: 0, interpolation_duration: 1 }
$data merge entity $(bone_right_leg) { transformation: [-0.9781476007338057f,-0.19773576836617313f,-0.06424824579191732f,0.17499999999999993f,1.3877787807814457e-17f,0.30901699437494734f,-0.9510565162951535f,-0.8625f,0.20791169081775923f,-0.930273649576356f,-0.30226423163382665f,0.35625f,0f,0f,0f,1f], start_interpolation: 0, interpolation_duration: 1 }
$data merge entity $(bone_left_arm) { transformation: [-1f,-2.1265768495757713e-17f,1.2060416625018976e-16f,0.03125000000000003f,0f,0.984807753012208f,0.17364817766693033f,-1.25f,-1.2246467991473532e-16f,0.17364817766693033f,-0.984807753012208f,-0.21875f,0f,0f,0f,1f], start_interpolation: 0, interpolation_duration: 1 }
$data merge entity $(bone_right_arm) { transformation: [-1f,-2.1265768495757713e-17f,1.2060416625018976e-16f,0.03125000000000003f,0f,0.984807753012208f,0.17364817766693033f,-1.25f,-1.2246467991473532e-16f,0.17364817766693033f,-0.984807753012208f,-0.21875f,0f,0f,0f,1f], start_interpolation: 0, interpolation_duration: 1 }
$data merge entity $(block_display_plant) { transformation: [-0.5f,0f,6.123233995736766e-17f,0.25f,0f,0.5f,0f,-0.3125f,-6.123233995736766e-17f,0f,-0.5f,0.09375000000000006f,0f,0f,0f,1f], start_interpolation: 0, interpolation_duration: 1 }
$data merge entity $(bone_hat) { transformation: [-1f,0f,1.2246467991473532e-16f,2.678914873134835e-17f,0f,1f,0f,-1.375f,-1.2246467991473532e-16f,0f,-1f,-0.21875f,0f,0f,0f,1f], start_interpolation: 0, interpolation_duration: 1 }