# This file was generated by Animated Java via MC-Build. It is not recommended to edit this file directly.
$data merge entity $(bone_body) { transformation: [-1f,2.1265768495757713e-17f,1.2060416625018976e-16f,0.03125000000000001f,0f,0.984807753012208f,-0.17364817766693033f,-1.2325f,-1.2246467991473532e-16f,-0.17364817766693033f,-0.984807753012208f,-0.031249999999999997f,0f,0f,0f,1f], start_interpolation: 0, interpolation_duration: 1 }
$data merge entity $(bone_left_leg) { transformation: [-0.9840272195998802f,0.1626270771139703f,0.07240762995635175f,-0.021875000000000037f,0.015410722719404135f,0.4830368584156609f,-0.8754643927865909f,-1.0625f,-0.17734976941567993f,-0.8603649383844599f,-0.47782761754309433f,0.265625f,0f,0f,0f,1f], start_interpolation: 0, interpolation_duration: 1 }
$data merge entity $(bone_right_leg) { transformation: [-0.9841956079692419f,-0.15518054087588365f,-0.08531122427630736f,0.16749999999999998f,0f,0.4817536741017153f,-0.8763066800438636f,-0.8925f,0.17708474031958318f,-0.8624571857332782f,-0.47413985017395377f,0.32625000000000004f,0f,0f,0f,1f], start_interpolation: 0, interpolation_duration: 1 }
$data merge entity $(block_display_plant) { transformation: [-0.5f,0f,6.123233995736766e-17f,0.25f,0f,0.5f,0f,-0.2749999999999999f,-6.123233995736766e-17f,0f,-0.5f,0.09375000000000006f,0f,0f,0f,1f], start_interpolation: 0, interpolation_duration: 1 }
$data merge entity $(bone_hat) { transformation: [-1f,0f,1.2246467991473532e-16f,2.678914873134835e-17f,0f,1f,0f,-1.3375f,-1.2246467991473532e-16f,0f,-1f,-0.21875f,0f,0f,0f,1f], start_interpolation: 0, interpolation_duration: 1 }