# This file was generated by Animated Java via MC-Build. It is not recommended to edit this file directly.
$data merge entity $(bone_body) { transformation: [-1f,2.1265768495757713e-17f,1.2060416625018976e-16f,0.03125000000000001f,0f,0.984807753012208f,-0.17364817766693033f,-1.2125f,-1.2246467991473532e-16f,-0.17364817766693033f,-0.984807753012208f,-0.031249999999999997f,0f,0f,0f,1f], start_interpolation: 0, interpolation_duration: 1 }
$data merge entity $(bone_left_leg) { transformation: [-0.9875568639130368f,0.13454875767498917f,0.08141297406657509f,-0.015625000000000028f,0.013646223558604259f,0.5890533085744472f,-0.8079789478941178f,-1.0625f,-0.15666914540150007f,-0.7968141762453865f,-0.5835597205201447f,0.234375f,0f,0f,0f,1f], start_interpolation: 0, interpolation_duration: 1 }
$data merge entity $(bone_right_leg) { transformation: [-0.9876883405951378f,-0.12655814072350025f,-0.09194987150091012f,0.16249999999999998f,-1.3877787807814457e-17f,0.5877852522924732f,-0.8090169943749475f,-0.9125f,0.15643446504023076f,-0.7990566526874576f,-0.5805486404630473f,0.30625f,0f,0f,0f,1f], start_interpolation: 0, interpolation_duration: 1 }
$data merge entity $(block_display_plant) { transformation: [-0.5f,0f,6.123233995736766e-17f,0.25f,0f,0.5f,0f,-0.25f,-6.123233995736766e-17f,0f,-0.5f,0.09375000000000006f,0f,0f,0f,1f], start_interpolation: 0, interpolation_duration: 1 }
$data merge entity $(bone_hat) { transformation: [-1f,0f,1.2246467991473532e-16f,2.678914873134835e-17f,0f,1f,0f,-1.3125f,-1.2246467991473532e-16f,0f,-1f,-0.21875f,0f,0f,0f,1f], start_interpolation: 0, interpolation_duration: 1 }