# This file was generated by Animated Java via MC-Build. It is not recommended to edit this file directly.
$data merge entity $(bone_body) { transformation: [-1f,2.1265768495757713e-17f,1.2060416625018976e-16f,0.03125000000000001f,0f,0.984807753012208f,-0.17364817766693033f,-1.1925f,-1.2246467991473532e-16f,-0.17364817766693033f,-0.984807753012208f,-0.031249999999999997f,0f,0f,0f,1f], start_interpolation: 0, interpolation_duration: 1 }
$data merge entity $(bone_left_leg) { transformation: [-0.9906488378722701f,0.10699294609644316f,0.08466043649736488f,-0.009375000000000019f,0.011863567845213759f,0.6857127490698236f,-0.7277755708465949f,-1.0625f,-0.13591959306995718f,-0.7199656486588153f,-0.6805698560551947f,0.20312499999999997f,0f,0f,0f,1f], start_interpolation: 0, interpolation_duration: 1 }
$data merge entity $(bone_right_leg) { transformation: [-0.9907478404714436f,-0.09893239455714589f,-0.0929037023393583f,0.15749999999999997f,0f,0.6845471059286888f,-0.7289686274214112f,-0.9325f,0.13571557243430424f,-0.7222240933891956f,-0.678213566899825f,0.28625f,0f,0f,0f,1f], start_interpolation: 0, interpolation_duration: 1 }
$data merge entity $(block_display_plant) { transformation: [-0.5f,0f,6.123233995736766e-17f,0.25f,0f,0.5f,0f,-0.2250000000000001f,-6.123233995736766e-17f,0f,-0.5f,0.09375000000000006f,0f,0f,0f,1f], start_interpolation: 0, interpolation_duration: 1 }
$data merge entity $(bone_hat) { transformation: [-1f,0f,1.2246467991473532e-16f,2.678914873134835e-17f,0f,1f,0f,-1.2875f,-1.2246467991473532e-16f,0f,-1f,-0.21875f,0f,0f,0f,1f], start_interpolation: 0, interpolation_duration: 1 }