# This file was generated by Animated Java via MC-Build. It is not recommended to edit this file directly.
$data merge entity $(bone_body) { transformation: [-1f,2.1265768495757713e-17f,1.2060416625018976e-16f,0.03125000000000001f,0f,0.984807753012208f,-0.17364817766693033f,-1.1825f,-1.2246467991473532e-16f,-0.17364817766693033f,-0.984807753012208f,-0.031249999999999997f,0f,0f,0f,1f], start_interpolation: 0, interpolation_duration: 1 }
$data merge entity $(bone_left_leg) { transformation: [-0.9920302492848975f,0.09372242977184948f,0.0842145513637937f,-0.006250000000000028f,0.01096617877081403f,0.7300554868066917f,-0.6832998822673767f,-1.0625f,-0.1255218205210188f,-0.6769306407166874f,-0.7252649034883628f,0.18750000000000003f,0f,0f,0f,1f], start_interpolation: 0, interpolation_duration: 1 }
$data merge entity $(bone_right_leg) { transformation: [-0.9921147013144779f,-0.08579650231312877f,-0.09136399524165795f,0.15499999999999997f,0f,0.7289686274214116f,-0.6845471059286887f,-0.9425f,0.12533323356430412f,-0.6791492475341312f,-0.7232204920618186f,0.27625f,0f,0f,0f,1f], start_interpolation: 0, interpolation_duration: 1 }
$data merge entity $(block_display_plant) { transformation: [-0.5f,0f,6.123233995736766e-17f,0.25f,0f,0.5f,0f,-0.2124999999999999f,-6.123233995736766e-17f,0f,-0.5f,0.09375000000000006f,0f,0f,0f,1f], start_interpolation: 0, interpolation_duration: 1 }
$data merge entity $(bone_hat) { transformation: [-1f,0f,1.2246467991473532e-16f,2.678914873134835e-17f,0f,1f,0f,-1.275f,-1.2246467991473532e-16f,0f,-1f,-0.21875f,0f,0f,0f,1f], start_interpolation: 0, interpolation_duration: 1 }