# This file was generated by Animated Java via MC-Build. It is not recommended to edit this file directly.
$data merge entity $(bone_body) { transformation: [-1f,0f,1.2246467991473532e-16f,0.03125000000000001f,0f,1f,0f,-1.1875f,-1.2246467991473532e-16f,0f,-1f,-0.031249999999999997f,0f,0f,0f,1f], start_interpolation: 0, interpolation_duration: 1 }
$data merge entity $(bone_left_leg) { transformation: [-0.996917333733128f,0.07845909572784494f,1.2246467991473532e-16f,-0.018749999999999996f,0.07845909572784494f,0.996917333733128f,0f,-0.978125f,-1.220871621770789e-16f,9.608468044710109e-18f,-1f,-0.03125f,0f,0f,0f,1f], start_interpolation: 0, interpolation_duration: 1 }
$data merge entity $(bone_right_leg) { transformation: [-0.996917333733128f,-0.07845909572784494f,1.2246467991473532e-16f,0.14374999999999996f,-0.07845909572784494f,0.996917333733128f,0f,-0.96875f,-1.220871621770789e-16f,-9.608468044710109e-18f,-1f,0.15625000000000003f,0f,0f,0f,1f], start_interpolation: 0, interpolation_duration: 1 }
$data merge entity $(bone_left_arm) { transformation: [-0.984807753012208f,0.17364817766693033f,1.2246467991473532e-16f,-0.06249999999999999f,0.17364817766693033f,0.984807753012208f,0f,-1.25f,-1.2060416625018976e-16f,2.1265768495757713e-17f,-1f,-0.03125000000000001f,0f,0f,0f,1f], start_interpolation: 0, interpolation_duration: 1 }
$data merge entity $(bone_right_arm) { transformation: [-0.984807753012208f,-0.17364817766693033f,1.2246467991473532e-16f,0.125f,-0.17364817766693033f,0.984807753012208f,0f,-1.25f,-1.2060416625018976e-16f,-2.1265768495757713e-17f,-1f,-0.031249999999999986f,0f,0f,0f,1f], start_interpolation: 0, interpolation_duration: 1 }
$data merge entity $(block_display_plant) { transformation: [-0.5f,0f,6.123233995736766e-17f,0.24999999999999997f,0f,0.5f,0f,-0.125f,-6.123233995736766e-17f,0f,-0.5f,0.25000000000000006f,0f,0f,0f,1f], start_interpolation: 0, interpolation_duration: 1 }
$data merge entity $(bone_hat) { transformation: [-1f,0f,1.2246467991473532e-16f,7.654042494670958e-18f,0f,1f,0f,-1.1875f,-1.2246467991473532e-16f,0f,-1f,-0.0625f,0f,0f,0f,1f], start_interpolation: 0, interpolation_duration: 1 }