# This file was generated by Animated Java via MC-Build. It is not recommended to edit this file directly.
$data merge entity $(bone_body) { transformation: [-1f,2.1265768495757713e-17f,1.2060416625018976e-16f,0.03125000000000001f,0f,0.984807753012208f,-0.17364817766693033f,-1.1625f,-1.2246467991473532e-16f,-0.17364817766693033f,-0.984807753012208f,-0.031249999999999997f,0f,0f,0f,1f], start_interpolation: 0, interpolation_duration: 1 }
$data merge entity $(bone_left_leg) { transformation: [-0.9944631322063974f,0.06878134395571196f,0.07944938895855352f,-1.9135106236677395e-17f,0.009160779768409018f,0.8099046543878026f,-0.5864900092201135f,-1.0625f,-0.1046860009565567f,-0.5825148732218091f,-0.8060504101351873f,0.15625f,0f,0f,0f,1f], start_interpolation: 0, interpolation_duration: 1 }
$data merge entity $(bone_right_leg) { transformation: [-0.9945218953682733f,-0.06144028915352212f,-0.084565303179429f,0.14999999999999997f,3.469446951953614e-18f,0.8090169943749475f,-0.587785252292473f,-0.9625f,0.10452846326765332f,-0.584565303179429f,-0.8045851146309164f,0.25625f,0f,0f,0f,1f], start_interpolation: 0, interpolation_duration: 1 }
$data merge entity $(block_display_plant) { transformation: [-0.5f,0f,6.123233995736766e-17f,0.25f,0f,0.5f,0f,-0.1875f,-6.123233995736766e-17f,0f,-0.5f,0.09375000000000006f,0f,0f,0f,1f], start_interpolation: 0, interpolation_duration: 1 }
$data merge entity $(bone_hat) { transformation: [-1f,0f,1.2246467991473532e-16f,2.678914873134835e-17f,0f,1f,0f,-1.25f,-1.2246467991473532e-16f,0f,-1f,-0.21875f,0f,0f,0f,1f], start_interpolation: 0, interpolation_duration: 1 }