# This file was generated by Animated Java via MC-Build. It is not recommended to edit this file directly.
$data merge entity $(bone_body) { transformation: [-1f,1.9157696688784726e-17f,1.2095693648649962e-16f,0.03125000000000001f,0f,0.9876883405951378f,-0.15643446504023087f,-1.1525f,-1.2246467991473532e-16f,-0.15643446504023087f,-0.9876883405951378f,-0.031249999999999997f,0f,0f,0f,1f], start_interpolation: 0, interpolation_duration: 1 }
$data merge entity $(bone_left_leg) { transformation: [-0.9955143258741284f,0.05732828260886793f,0.07526416805158666f,-1.6838893488276103e-17f,0.008253372468775406f,0.8451015281992615f,-0.5345421301246183f,-1.0625f,-0.09425024574117231f,-0.5315231651098478f,-0.8417838298098498f,0.13749999999999998f,0f,0f,0f,1f], start_interpolation: 0, interpolation_duration: 1 }
$data merge entity $(bone_right_leg) { transformation: [-0.99556196460308f,-0.050425755906338694f,-0.07945827695671477f,0.14749999999999996f,-3.469446951953614e-18f,0.8443279255020151f,-0.5358267949789967f,-0.9725f,0.0941083133185142f,-0.5334487766962618f,-0.8405807682820291f,0.24625000000000002f,0f,0f,0f,1f], start_interpolation: 0, interpolation_duration: 1 }
$data merge entity $(bone_left_arm) { transformation: [-1f,-1.9157696688784726e-17f,1.2095693648649962e-16f,0.03125000000000003f,0f,0.9876883405951378f,0.15643446504023087f,-1.23125f,-1.2246467991473532e-16f,0.15643446504023087f,-0.9876883405951378f,-0.19999999999999998f,0f,0f,0f,1f], start_interpolation: 0, interpolation_duration: 1 }
$data merge entity $(bone_right_arm) { transformation: [-1f,-1.9157696688784726e-17f,1.2095693648649962e-16f,0.03125000000000003f,0f,0.9876883405951378f,0.15643446504023087f,-1.23125f,-1.2246467991473532e-16f,0.15643446504023087f,-0.9876883405951378f,-0.19999999999999998f,0f,0f,0f,1f], start_interpolation: 0, interpolation_duration: 1 }
$data merge entity $(block_display_plant) { transformation: [-0.5f,0f,6.123233995736766e-17f,0.25f,0f,0.5f,0f,-0.16874999999999996f,-6.123233995736766e-17f,0f,-0.5f,0.10937500000000006f,0f,0f,0f,1f], start_interpolation: 0, interpolation_duration: 1 }
$data merge entity $(bone_hat) { transformation: [-1f,0f,1.2246467991473532e-16f,2.487563810768061e-17f,0f,1f,0f,-1.23125f,-1.2246467991473532e-16f,0f,-1f,-0.203125f,0f,0f,0f,1f], start_interpolation: 0, interpolation_duration: 1 }