# This file was generated by Animated Java via MC-Build. It is not recommended to edit this file directly.
$data merge entity $(bone_body) { transformation: [-1f,1.4924690131530348e-17f,1.2155184676135683e-16f,0.03125000000000001f,0f,0.992546151641322f,-0.1218693434051475f,-1.1325f,-1.2246467991473532e-16f,-0.1218693434051475f,-0.992546151641322f,-0.031249999999999997f,0f,0f,0f,1f], start_interpolation: 0, interpolation_duration: 1 }
$data merge entity $(bone_left_leg) { transformation: [-0.9972856173832824f,0.03695117737175282f,0.06368679495222432f,-1.2246467991473536e-17f,0.006430653160203463f,0.905361446552101f,-0.424593096737359f,-1.0625f,-0.07334878363257681f,-0.42303104092717403f,-0.9031415693852726f,0.10000000000000003f,0f,0f,0f,1f], start_interpolation: 0, interpolation_duration: 1 }
$data merge entity $(bone_right_leg) { transformation: [-0.9973144772244581f,-0.031183307688506114f,-0.06626790203492018f,0.1425f,0f,0.9048270524660196f,-0.4257792915650726f,-0.9924999999999999f,0.07323819712763158f,-0.4246358515802205f,-0.9023971188086956f,0.22625000000000003f,0f,0f,0f,1f], start_interpolation: 0, interpolation_duration: 1 }
$data merge entity $(bone_left_arm) { transformation: [-1f,-1.4924690131530348e-17f,1.2155184676135683e-16f,0.03125000000000002f,0f,0.992546151641322f,0.1218693434051475f,-1.19375f,-1.2246467991473532e-16f,0.1218693434051475f,-0.992546151641322f,-0.16250000000000003f,0f,0f,0f,1f], start_interpolation: 0, interpolation_duration: 1 }
$data merge entity $(bone_right_arm) { transformation: [-1f,-1.4924690131530348e-17f,1.2155184676135683e-16f,0.03125000000000002f,0f,0.992546151641322f,0.1218693434051475f,-1.19375f,-1.2246467991473532e-16f,0.1218693434051475f,-0.992546151641322f,-0.16250000000000003f,0f,0f,0f,1f], start_interpolation: 0, interpolation_duration: 1 }
$data merge entity $(block_display_plant) { transformation: [-0.5f,0f,6.123233995736766e-17f,0.25f,0f,0.5f,0f,-0.1312500000000001f,-6.123233995736766e-17f,0f,-0.5f,0.14062500000000003f,0f,0f,0f,1f], start_interpolation: 0, interpolation_duration: 1 }
$data merge entity $(bone_hat) { transformation: [-1f,0f,1.2246467991473532e-16f,2.1048616860345137e-17f,0f,1f,0f,-1.19375f,-1.2246467991473532e-16f,0f,-1f,-0.17187500000000003f,0f,0f,0f,1f], start_interpolation: 0, interpolation_duration: 1 }