# This file was generated by Animated Java via MC-Build. It is not recommended to edit this file directly.
$data merge entity $(bone_body) { transformation: [-1f,1.280104479605235e-17f,1.217938055844715e-16f,0.03125000000000001f,0f,0.9945218953682733f,-0.10452846326765347f,-1.1225f,-1.2246467991473532e-16f,-0.10452846326765347f,-0.9945218953682733f,-0.031249999999999997f,0f,0f,0f,1f], start_interpolation: 0, interpolation_duration: 1 }
$data merge entity $(bone_left_leg) { transformation: [-0.9980055129328106f,0.028202229931637717f,0.05647681278720314f,-9.950255243072247e-18f,0.0055159469969894865f,0.9301934526609409f,-0.3670282209251004f,-1.0625f,-0.06288537575974368f,-0.36598466477927866f,-0.9284937558551242f,0.08125000000000002f,0f,0f,0f,1f], start_interpolation: 0, interpolation_duration: 1 }
$data merge entity $(bone_right_leg) { transformation: [-0.9980267284282716f,-0.02311473191456696f,-0.05838114859506249f,0.13999999999999999f,1.734723475976807e-18f,0.9297764858882515f,-0.36812455268467786f,-1.0025f,0.06279051952931324f,-0.3673981429700099f,-0.9279417843805866f,0.21625000000000003f,0f,0f,0f,1f], start_interpolation: 0, interpolation_duration: 1 }
$data merge entity $(bone_left_arm) { transformation: [-1f,-1.280104479605235e-17f,1.217938055844715e-16f,0.03125000000000002f,0f,0.9945218953682733f,0.10452846326765347f,-1.175f,-1.2246467991473532e-16f,0.10452846326765347f,-0.9945218953682733f,-0.14375000000000002f,0f,0f,0f,1f], start_interpolation: 0, interpolation_duration: 1 }
$data merge entity $(bone_right_arm) { transformation: [-1f,-1.280104479605235e-17f,1.217938055844715e-16f,0.03125000000000002f,0f,0.9945218953682733f,0.10452846326765347f,-1.175f,-1.2246467991473532e-16f,0.10452846326765347f,-0.9945218953682733f,-0.14375000000000002f,0f,0f,0f,1f], start_interpolation: 0, interpolation_duration: 1 }
$data merge entity $(block_display_plant) { transformation: [-0.5f,0f,6.123233995736766e-17f,0.25f,0f,0.5f,0f,-0.11250000000000004f,-6.123233995736766e-17f,0f,-0.5f,0.15625000000000006f,0f,0f,0f,1f], start_interpolation: 0, interpolation_duration: 1 }
$data merge entity $(bone_hat) { transformation: [-1f,0f,1.2246467991473532e-16f,1.9135106236677395e-17f,0f,1f,0f,-1.175f,-1.2246467991473532e-16f,0f,-1f,-0.15625f,0f,0f,0f,1f], start_interpolation: 0, interpolation_duration: 1 }