# This file was generated by Animated Java via MC-Build. It is not recommended to edit this file directly.
$data merge entity $(bone_body) { transformation: [-1f,1.0673500138322974e-17f,1.2199866483456202e-16f,0.03125000000000001f,0f,0.9961946980917455f,-0.08715574274765818f,-1.1125f,-1.2246467991473532e-16f,-0.08715574274765818f,-0.9961946980917455f,-0.031249999999999997f,0f,0f,0f,1f], start_interpolation: 0, interpolation_duration: 1 }
$data merge entity $(bone_left_leg) { transformation: [-0.998614794514994f,0.02051592097820466f,0.048451926300121434f,-7.654042494670958e-18f,0.004599414421811939f,0.9513628827596212f,-0.3080381643470166f,-1.0625f,-0.052415050918154855f,-0.3073886177035826f,-0.9501394108990154f,0.0625f,0f,0f,0f,1f], start_interpolation: 0, interpolation_duration: 1 }
$data merge entity $(bone_right_leg) { transformation: [-0.9986295347545738f,-0.01617269989593323f,-0.04977445222138964f,0.13749999999999998f,0f,0.9510565162951536f,-0.3090169943749474f,-1.0125f,0.0523359562429437f,-0.30859349732391045f,-0.949753126393135f,0.20625000000000002f,0f,0f,0f,1f], start_interpolation: 0, interpolation_duration: 1 }
$data merge entity $(bone_left_arm) { transformation: [-1f,-1.0673500138322974e-17f,1.2199866483456202e-16f,0.031250000000000014f,0f,0.9961946980917455f,0.08715574274765818f,-1.15625f,-1.2246467991473532e-16f,0.08715574274765818f,-0.9961946980917455f,-0.125f,0f,0f,0f,1f], start_interpolation: 0, interpolation_duration: 1 }
$data merge entity $(bone_right_arm) { transformation: [-1f,-1.0673500138322974e-17f,1.2199866483456202e-16f,0.031250000000000014f,0f,0.9961946980917455f,0.08715574274765818f,-1.15625f,-1.2246467991473532e-16f,0.08715574274765818f,-0.9961946980917455f,-0.125f,0f,0f,0f,1f], start_interpolation: 0, interpolation_duration: 1 }
$data merge entity $(block_display_plant) { transformation: [-0.5f,0f,6.123233995736766e-17f,0.25f,0f,0.5f,0f,-0.09375f,-6.123233995736766e-17f,0f,-0.5f,0.17187500000000006f,0f,0f,0f,1f], start_interpolation: 0, interpolation_duration: 1 }
$data merge entity $(bone_hat) { transformation: [-1f,0f,1.2246467991473532e-16f,1.7221595613009655e-17f,0f,1f,0f,-1.15625f,-1.2246467991473532e-16f,0f,-1f,-0.140625f,0f,0f,0f,1f], start_interpolation: 0, interpolation_duration: 1 }