# This file was generated by Animated Java via MC-Build. It is not recommended to edit this file directly.
$data merge entity $(bone_body) { transformation: [-1f,8.542704229054942e-18f,1.221663621095163e-16f,0.03125000000000001f,0f,0.9975640502598242f,-0.06975647374412529f,-1.1025f,-1.2246467991473532e-16f,-0.06975647374412529f,-0.9975640502598242f,-0.031249999999999997f,0f,0f,0f,1f], start_interpolation: 0, interpolation_duration: 1 }
$data merge entity $(bone_left_leg) { transformation: [-0.9991133925450281f,0.013958314678872144f,0.039718941180376374f,-5.3578297462696684e-18f,0.003681359318231034f,0.968789884868908f,-0.24785601983663427f,-1.0625f,-0.04193896077318427f,-0.24749004914746278f,-0.9679823341064917f,0.04374999999999998f,0f,0f,0f,1f], start_interpolation: 0, interpolation_duration: 1 }
$data merge entity $(bone_right_leg) { transformation: [-0.9991228300988584f,-0.010414051600869143f,-0.040560053063355986f,0.13499999999999998f,0f,0.9685831611286312f,-0.24868988716485463f,-1.0225f,0.041875653729199484f,-0.24847174388111531f,-0.9677335491329365f,0.19625f,0f,0f,0f,1f], start_interpolation: 0, interpolation_duration: 1 }
$data merge entity $(bone_left_arm) { transformation: [-1f,-8.542704229054942e-18f,1.221663621095163e-16f,0.031250000000000014f,0f,0.9975640502598242f,0.06975647374412529f,-1.1375f,-1.2246467991473532e-16f,0.06975647374412529f,-0.9975640502598242f,-0.10624999999999998f,0f,0f,0f,1f], start_interpolation: 0, interpolation_duration: 1 }
$data merge entity $(bone_right_arm) { transformation: [-1f,-8.542704229054942e-18f,1.221663621095163e-16f,0.031250000000000014f,0f,0.9975640502598242f,0.06975647374412529f,-1.1375f,-1.2246467991473532e-16f,0.06975647374412529f,-0.9975640502598242f,-0.10624999999999998f,0f,0f,0f,1f], start_interpolation: 0, interpolation_duration: 1 }
$data merge entity $(block_display_plant) { transformation: [-0.5f,0f,6.123233995736766e-17f,0.25f,0f,0.5f,0f,-0.07499999999999996f,-6.123233995736766e-17f,0f,-0.5f,0.18750000000000006f,0f,0f,0f,1f], start_interpolation: 0, interpolation_duration: 1 }
$data merge entity $(bone_hat) { transformation: [-1f,0f,1.2246467991473532e-16f,1.5308084989341912e-17f,0f,1f,0f,-1.1375f,-1.2246467991473532e-16f,0f,-1f,-0.12499999999999999f,0f,0f,0f,1f], start_interpolation: 0, interpolation_duration: 1 }