# This file was generated by Animated Java via MC-Build. It is not recommended to edit this file directly.
$data merge entity $(bone_body) { transformation: [-1f,6.409306129323706e-18f,1.2229684632711994e-16f,0.03125000000000001f,0f,0.9986295347545738f,-0.0523359562429438f,-1.0925f,-1.2246467991473532e-16f,-0.0523359562429438f,-0.9986295347545738f,-0.031249999999999997f,0f,0f,0f,1f], start_interpolation: 0, interpolation_duration: 1 }
$data merge entity $(bone_left_leg) { transformation: [-0.9995012500787497f,0.008586072306006085f,0.030389643850707148f,-3.061616997868379e-18f,0.0027620858525355487f,0.9824094402603787f,-0.18671920782027948f,-1.0625f,-0.03145825762435057f,-0.18654214282473955f,-0.9819431790982585f,0.024999999999999967f,0f,0f,0f,1f], start_interpolation: 0, interpolation_duration: 1 }
$data merge entity $(bone_right_leg) { transformation: [-0.9995065603657316f,-0.005885789328195128f,-0.030854388178155695f,0.13249999999999998f,-4.336808689942018e-19f,0.9822872507286887f,-0.18738131458572432f,-1.0325f,0.03141075907812814f,-0.1872888532183864f,-0.9818025512669426f,0.18625f,0f,0f,0f,1f], start_interpolation: 0, interpolation_duration: 1 }
$data merge entity $(bone_left_arm) { transformation: [-1f,-6.409306129323706e-18f,1.2229684632711994e-16f,0.031250000000000014f,0f,0.9986295347545738f,0.0523359562429438f,-1.11875f,-1.2246467991473532e-16f,0.0523359562429438f,-0.9986295347545738f,-0.08749999999999997f,0f,0f,0f,1f], start_interpolation: 0, interpolation_duration: 1 }
$data merge entity $(bone_right_arm) { transformation: [-1f,-6.409306129323706e-18f,1.2229684632711994e-16f,0.031250000000000014f,0f,0.9986295347545738f,0.0523359562429438f,-1.11875f,-1.2246467991473532e-16f,0.0523359562429438f,-0.9986295347545738f,-0.08749999999999997f,0f,0f,0f,1f], start_interpolation: 0, interpolation_duration: 1 }
$data merge entity $(block_display_plant) { transformation: [-0.5f,0f,6.123233995736766e-17f,0.24999999999999997f,0f,0.5f,0f,-0.05624999999999991f,-6.123233995736766e-17f,0f,-0.5f,0.20312500000000008f,0f,0f,0f,1f], start_interpolation: 0, interpolation_duration: 1 }
$data merge entity $(bone_hat) { transformation: [-1f,0f,1.2246467991473532e-16f,1.3394574365674172e-17f,0f,1f,0f,-1.11875f,-1.2246467991473532e-16f,0f,-1f,-0.10937499999999997f,0f,0f,0f,1f], start_interpolation: 0, interpolation_duration: 1 }