# This file was generated by Animated Java via MC-Build. It is not recommended to edit this file directly.
$data merge entity $(bone_body) { transformation: [-1f,4.2739556928571464e-18f,1.2239007774061617e-16f,0.03125000000000001f,0f,0.9993908270190958f,-0.034899496702501004f,-1.0825f,-1.2246467991473532e-16f,-0.034899496702501004f,-0.9993908270190958f,-0.031249999999999997f,0f,0f,0f,1f], start_interpolation: 0, interpolation_duration: 1 }
$data merge entity $(bone_left_leg) { transformation: [-0.9997783228193209f,0.0044460936263038715f,0.020580026045951178f,-7.654042494670998e-19f,0.0018418984172505841f,0.9921715864403822f,-0.12486853274782925f,-1.0625f,-0.020974094278571807f,-0.12480294592613314f,-0.9919598338931633f,0.006250000000000033f,0f,0f,0f,1f], start_interpolation: 0, interpolation_duration: 1 }
$data merge entity $(bone_right_leg) { transformation: [-0.9997806834748455f,-0.002624781202642495f,-0.020777282647378967f,0.12999999999999998f,-2.168404344971009e-19f,0.9921147013144779f,-0.12533323356430429f,-1.0425f,0.020942419883356853f,-0.1253057459150326f,-0.9918971141656309f,0.17625000000000005f,0f,0f,0f,1f], start_interpolation: 0, interpolation_duration: 1 }
$data merge entity $(bone_left_arm) { transformation: [-1f,-4.2739556928571464e-18f,1.2239007774061617e-16f,0.03125000000000001f,0f,0.9993908270190958f,0.034899496702501004f,-1.1f,-1.2246467991473532e-16f,0.034899496702501004f,-0.9993908270190958f,-0.06875000000000003f,0f,0f,0f,1f], start_interpolation: 0, interpolation_duration: 1 }
$data merge entity $(bone_right_arm) { transformation: [-1f,-4.2739556928571464e-18f,1.2239007774061617e-16f,0.03125000000000001f,0f,0.9993908270190958f,0.034899496702501004f,-1.1f,-1.2246467991473532e-16f,0.034899496702501004f,-0.9993908270190958f,-0.06875000000000003f,0f,0f,0f,1f], start_interpolation: 0, interpolation_duration: 1 }
$data merge entity $(block_display_plant) { transformation: [-0.5f,0f,6.123233995736766e-17f,0.24999999999999997f,0f,0.5f,0f,-0.03750000000000009f,-6.123233995736766e-17f,0f,-0.5f,0.21875000000000003f,0f,0f,0f,1f], start_interpolation: 0, interpolation_duration: 1 }
$data merge entity $(bone_hat) { transformation: [-1f,0f,1.2246467991473532e-16f,1.148106374200644e-17f,0f,1f,0f,-1.1f,-1.2246467991473532e-16f,0f,-1f,-0.09375000000000003f,0f,0f,0f,1f], start_interpolation: 0, interpolation_duration: 1 }