# This file was generated by Animated Java via MC-Build. It is not recommended to edit this file directly.
$data merge entity $(bone_body) { transformation: [-1f,0f,1.2246467991473532e-16f,0.03125000000000001f,0f,1f,0f,-1f,-1.2246467991473532e-16f,0f,-1f,-0.031249999999999997f,0f,0f,0f,1f], start_interpolation: 0, interpolation_duration: 1 }
$data merge entity $(bone_left_leg) { transformation: [-0.9876883405951378f,0.15643446504023087f,1.2246467991473532e-16f,-0.03749999999999999f,0.15643446504023087f,0.9876883405951378f,0f,-0.89375f,-1.2095693648649962e-16f,1.9157696688784726e-17f,-1f,-0.03125000000000001f,0f,0f,0f,1f], start_interpolation: 0, interpolation_duration: 1 }
$data merge entity $(bone_right_leg) { transformation: [-0.9876883405951378f,-0.15643446504023087f,1.2246467991473532e-16f,0.16249999999999998f,-0.15643446504023087f,0.9876883405951378f,0f,-0.875f,-1.2095693648649962e-16f,-1.9157696688784726e-17f,-1f,0.15625000000000003f,0f,0f,0f,1f], start_interpolation: 0, interpolation_duration: 1 }
$data merge entity $(bone_left_arm) { transformation: [-0.996917333733128f,0.07845909572784493f,1.2246467991473532e-16f,-0.012499999999999987f,0.07845909572784493f,0.996917333733128f,0f,-1.01875f,-1.220871621770789e-16f,9.608468044710107e-18f,-1f,-0.03125f,0f,0f,0f,1f], start_interpolation: 0, interpolation_duration: 1 }
$data merge entity $(bone_right_arm) { transformation: [-0.9961946980917455f,-0.08715574274765817f,1.2246467991473532e-16f,0.08124999999999999f,-0.08715574274765817f,0.9961946980917455f,0f,-1.0125f,-1.2199866483456202e-16f,-1.0673500138322972e-17f,-1f,-0.03124999999999999f,0f,0f,0f,1f], start_interpolation: 0, interpolation_duration: 1 }
$data merge entity $(block_display_plant) { transformation: [-0.49992384757819563f,0.008726203218641754f,6.123233995736766e-17f,0.2685051056287115f,0.008726203218641754f,0.49992384757819563f,0f,0.07047507449434476f,-6.122301397540666e-17f,1.0686516840418955e-18f,-0.5f,0.25000000000000006f,0f,0f,0f,1f], start_interpolation: 0, interpolation_duration: 1 }
$data merge entity $(bone_hat) { transformation: [-0.9998476951563913f,0.017452406437283508f,1.2246467991473532e-16f,7.654042494670958e-18f,0.017452406437283508f,0.9998476951563913f,0f,-0.9875f,-1.2244602795081332e-16f,2.137303368083791e-18f,-1f,-0.0625f,0f,0f,0f,1f], start_interpolation: 0, interpolation_duration: 1 }