# This file was generated by Animated Java via MC-Build. It is not recommended to edit this file directly.
$data merge entity $(bone_body) { transformation: [-1f,0f,1.2246467991473532e-16f,0.03125000000000001f,0f,1f,0f,-0.9375f,-1.2246467991473532e-16f,0f,-1f,-0.031249999999999997f,0f,0f,0f,1f], start_interpolation: 0, interpolation_duration: 1 }
$data merge entity $(bone_left_leg) { transformation: [-0.9832549075639546f,0.18223552549214744f,1.2246467991473532e-16f,-0.04374999999999999f,0.18223552549214744f,0.9832549075639546f,0f,-0.865625f,-1.2041399752941237e-16f,2.2317415298489425e-17f,-1f,-0.03125000000000001f,0f,0f,0f,1f], start_interpolation: 0, interpolation_duration: 1 }
$data merge entity $(bone_right_leg) { transformation: [-0.9832549075639546f,-0.18223552549214744f,1.2246467991473532e-16f,0.16874999999999998f,-0.18223552549214744f,0.9832549075639546f,0f,-0.84375f,-1.2041399752941237e-16f,-2.2317415298489425e-17f,-1f,0.15625000000000003f,0f,0f,0f,1f], start_interpolation: 0, interpolation_duration: 1 }
$data merge entity $(bone_left_arm) { transformation: [-0.9876883405951378f,0.15643446504023084f,1.2246467991473532e-16f,-0.056249999999999974f,0.15643446504023084f,0.9876883405951378f,0f,-0.975f,-1.2095693648649962e-16f,1.9157696688784723e-17f,-1f,-0.03125000000000001f,0f,0f,0f,1f], start_interpolation: 0, interpolation_duration: 1 }
$data merge entity $(bone_right_arm) { transformation: [-0.984807753012208f,-0.1736481776669303f,1.2246467991473532e-16f,0.13124999999999998f,-0.1736481776669303f,0.984807753012208f,0f,-0.9625f,-1.2060416625018976e-16f,-2.126576849575771e-17f,-1f,-0.031249999999999983f,0f,0f,0f,1f], start_interpolation: 0, interpolation_duration: 1 }
$data merge entity $(block_display_plant) { transformation: [-0.4996954135095479f,0.01744974835125048f,6.123233995736766e-17f,0.2869284220011811f,0.01744974835125048f,0.4996954135095479f,0f,0.14062787953216405f,-6.119503887030809e-17f,2.1369778464285705e-18f,-0.5f,0.25000000000000006f,0f,0f,0f,1f], start_interpolation: 0, interpolation_duration: 1 }
$data merge entity $(bone_hat) { transformation: [-0.9993908270190958f,0.03489949670250096f,1.2246467991473532e-16f,7.654042494670958e-18f,0.03489949670250096f,0.9993908270190958f,0f,-0.9125000000000001f,-1.2239007774061617e-16f,4.273955692857141e-18f,-1f,-0.0625f,0f,0f,0f,1f], start_interpolation: 0, interpolation_duration: 1 }