# This file was generated by Animated Java via MC-Build. It is not recommended to edit this file directly.
$data merge entity $(bone_body) { transformation: [-1f,0f,1.2246467991473532e-16f,0.03125000000000001f,0f,1f,0f,-0.875f,-1.2246467991473532e-16f,0f,-1f,-0.031249999999999997f,0f,0f,0f,1f], start_interpolation: 0, interpolation_duration: 1 }
$data merge entity $(bone_left_leg) { transformation: [-0.9781476007338057f,0.2079116908177593f,1.2246467991473532e-16f,-0.049999999999999996f,0.2079116908177593f,0.9781476007338057f,0f,-0.8375f,-1.1978853283323184e-16f,2.5461838666528304e-17f,-1f,-0.03125000000000001f,0f,0f,0f,1f], start_interpolation: 0, interpolation_duration: 1 }
$data merge entity $(bone_right_leg) { transformation: [-0.9781476007338057f,-0.2079116908177593f,1.2246467991473532e-16f,0.17499999999999996f,-0.2079116908177593f,0.9781476007338057f,0f,-0.8125f,-1.1978853283323184e-16f,-2.5461838666528304e-17f,-1f,0.15625000000000003f,0f,0f,0f,1f], start_interpolation: 0, interpolation_duration: 1 }
$data merge entity $(bone_left_arm) { transformation: [-0.9723699203976766f,0.23344536385590545f,1.2246467991473532e-16f,-0.10000000000000003f,0.23344536385590545f,0.9723699203976766f,0f,-0.9312499999999999f,-1.1908097106021811e-16f,2.858881176219238e-17f,-1f,-0.031250000000000014f,0f,0f,0f,1f], start_interpolation: 0, interpolation_duration: 1 }
$data merge entity $(bone_right_arm) { transformation: [-0.9659258262890683f,-0.2588190451025208f,1.2246467991473532e-16f,0.18125000000000002f,-0.2588190451025208f,0.9659258262890683f,0f,-0.9125f,-1.1829179713786698e-16f,-3.1696191514317656e-17f,-1f,-0.03124999999999998f,0f,0f,0f,1f], start_interpolation: 0, interpolation_duration: 1 }
$data merge entity $(block_display_plant) { transformation: [-0.4993147673772869f,0.026167978121471917f,6.123233995736766e-17f,0.3052643371967712f,0.026167978121471917f,0.4993147673772869f,0f,0.21045989161599876f,-6.114842316355997e-17f,3.204653064661855e-18f,-0.5f,0.25000000000000006f,0f,0f,0f,1f], start_interpolation: 0, interpolation_duration: 1 }
$data merge entity $(bone_hat) { transformation: [-0.9986295347545738f,0.052335956242943835f,1.2246467991473532e-16f,7.654042494670958e-18f,0.052335956242943835f,0.9986295347545738f,0f,-0.8374999999999999f,-1.2229684632711994e-16f,6.40930612932371e-18f,-1f,-0.0625f,0f,0f,0f,1f], start_interpolation: 0, interpolation_duration: 1 }