# This file was generated by Animated Java via MC-Build. It is not recommended to edit this file directly.
$data merge entity $(bone_body) { transformation: [-1f,0f,1.2246467991473532e-16f,0.03125000000000001f,0f,1f,0f,-0.8125f,-1.2246467991473532e-16f,0f,-1f,-0.031249999999999997f,0f,0f,0f,1f], start_interpolation: 0, interpolation_duration: 1 }
$data merge entity $(bone_left_leg) { transformation: [-0.9723699203976766f,0.23344536385590542f,1.2246467991473532e-16f,-0.056249999999999994f,0.23344536385590542f,0.9723699203976766f,0f,-0.809375f,-1.1908097106021811e-16f,2.8588811762192377e-17f,-1f,-0.03125000000000001f,0f,0f,0f,1f], start_interpolation: 0, interpolation_duration: 1 }
$data merge entity $(bone_right_leg) { transformation: [-0.9723699203976766f,-0.23344536385590542f,1.2246467991473532e-16f,0.18124999999999997f,-0.23344536385590542f,0.9723699203976766f,0f,-0.78125f,-1.1908097106021811e-16f,-2.8588811762192377e-17f,-1f,0.15625000000000003f,0f,0f,0f,1f], start_interpolation: 0, interpolation_duration: 1 }
$data merge entity $(bone_left_arm) { transformation: [-0.9510565162951535f,0.30901699437494745f,1.2246467991473532e-16f,-0.14375000000000002f,0.30901699437494745f,0.9510565162951535f,0f,-0.8875f,-1.1647083184890923e-16f,3.7843667304341506e-17f,-1f,-0.03125000000000002f,0f,0f,0f,1f], start_interpolation: 0, interpolation_duration: 1 }
$data merge entity $(bone_right_arm) { transformation: [-0.9396926207859084f,-0.34202014332566866f,1.2246467991473532e-16f,0.23125f,-0.34202014332566866f,0.9396926207859084f,0f,-0.8625f,-1.1507915602278503e-16f,-4.188538737676991e-17f,-1f,-0.031249999999999972f,0f,0f,0f,1f], start_interpolation: 0, interpolation_duration: 1 }
$data merge entity $(block_display_plant) { transformation: [-0.4987820251299121f,0.03487823687206265f,6.123233995736766e-17f,0.32350726591808915f,0.03487823687206265f,0.4987820251299121f,0f,0.2799726849650319f,-6.108318105475815e-17f,4.2713521145274716e-18f,-0.5f,0.25000000000000006f,0f,0f,0f,1f], start_interpolation: 0, interpolation_duration: 1 }
$data merge entity $(bone_hat) { transformation: [-0.9975640502598242f,0.0697564737441253f,1.2246467991473532e-16f,7.654042494670958e-18f,0.0697564737441253f,0.9975640502598242f,0f,-0.7625f,-1.221663621095163e-16f,8.542704229054943e-18f,-1f,-0.0625f,0f,0f,0f,1f], start_interpolation: 0, interpolation_duration: 1 }