# This file was generated by Animated Java via MC-Build. It is not recommended to edit this file directly.
$data merge entity $(bone_shell) { transformation: [-1f,4.140446312247546e-18f,1.2239466708543299e-16f,0f,0f,0.9994283018634346f,-0.03380930987718488f,-0.29375f,-1.2246467991473532e-16f,-0.03380930987718488f,-0.9994283018634346f,0f,0f,0f,0f,1f], start_interpolation: 0, interpolation_duration: 1 }
$data merge entity $(bone_body) { transformation: [-1.0155f,0f,1.2436288245341373e-16f,0f,0f,1f,0f,-0.29375f,-1.2436288245341373e-16f,0f,-1.0155f,0f,0f,0f,0f,1f], start_interpolation: 0, interpolation_duration: 1 }
$data merge entity $(bone_left_claw) { transformation: [-0.9977138611312569f,0.004567051306558859f,-0.06742546513686139f,0f,0f,0.9977138611312569f,0.06757996231545907f,-0.29375f,0.06757996231545894f,0.06742546513686151f,-0.9954329486934411f,0f,0f,0f,0f,1f], start_interpolation: 0, interpolation_duration: 1 }
$data merge entity $(bone_right_claw) { transformation: [-0.9977138611312569f,-0.004567051306558876f,0.06742546513686164f,0f,0f,0.9977138611312569f,0.06757996231545907f,-0.29375f,-0.0675799623154592f,0.06742546513686151f,-0.9954329486934411f,0f,0f,0f,0f,1f], start_interpolation: 0, interpolation_duration: 1 }