# This file was generated by Animated Java via MC-Build. It is not recommended to edit this file directly.
$data merge entity $(bone_shell) { transformation: [-1f,4.273955692857142e-18f,1.2239007774061617e-16f,0f,0f,0.9993908270190958f,-0.03489949670250097f,-0.29375f,-1.2246467991473532e-16f,-0.03489949670250097f,-0.9993908270190958f,0f,0f,0f,0f,1f], start_interpolation: 0, interpolation_duration: 1 }
$data merge entity $(bone_body) { transformation: [-1.016f,0f,1.2442411479337108e-16f,0f,0f,1f,0f,-0.29375f,-1.2442411479337108e-16f,0f,-1.016f,0f,0f,0f,0f,1f], start_interpolation: 0, interpolation_duration: 1 }
$data merge entity $(bone_left_claw) { transformation: [-0.9975640502598242f,0.004865965629214834f,-0.06958655048003261f,0f,0f,0.9975640502598242f,0.0697564737441253f,-0.29375f,0.06975647374412518f,0.06958655048003273f,-0.9951340343707852f,0f,0f,0f,0f,1f], start_interpolation: 0, interpolation_duration: 1 }
$data merge entity $(bone_right_claw) { transformation: [-0.9975640502598242f,-0.004865965629214851f,0.06958655048003286f,0f,0f,0.9975640502598242f,0.0697564737441253f,-0.29375f,-0.06975647374412543f,0.06958655048003273f,-0.9951340343707852f,0f,0f,0f,0f,1f], start_interpolation: 0, interpolation_duration: 1 }