# This file was generated by Animated Java via MC-Build. It is not recommended to edit this file directly.
$data merge entity $(bone_shell) { transformation: [-1f,4.540959038328645e-18f,1.2238046215646843e-16f,0f,0f,0.9993123098159769f,-0.03707974447400048f,-0.29375000000000007f,-1.2246467991473532e-16f,-0.03707974447400048f,-0.9993123098159769f,0f,0f,0f,0f,1f], start_interpolation: 0, interpolation_duration: 1 }
$data merge entity $(bone_body) { transformation: [-1.017f,0f,1.245465794732858e-16f,0f,0f,1f,0f,-0.29375000000000007f,-1.245465794732858e-16f,0f,-1.017f,0f,0f,0f,0f,1f], start_interpolation: 0, interpolation_duration: 1 }
$data merge entity $(bone_left_claw) { transformation: [-0.9972501850994857f,0.005492068319041578f,-0.0739047055648052f,0f,0f,0.9972501850994857f,0.07410849019539925f,-0.29375000000000007f,0.07410849019539913f,0.07390470556480533f,-0.9945079316809584f,0f,0f,0f,0f,1f], start_interpolation: 0, interpolation_duration: 1 }
$data merge entity $(bone_right_claw) { transformation: [-0.9972501850994857f,-0.005492068319041595f,0.07390470556480545f,0f,0f,0.9972501850994857f,0.07410849019539925f,-0.29375000000000007f,-0.07410849019539938f,0.07390470556480533f,-0.9945079316809584f,0f,0f,0f,0f,1f], start_interpolation: 0, interpolation_duration: 1 }