# This file was generated by Animated Java via MC-Build. It is not recommended to edit this file directly.
$data merge entity $(bone_shell) { transformation: [-1f,4.674452685480151e-18f,1.2237543592857915e-16f,0f,0f,0.9992712675506252f,-0.03816980282588161f,-0.29375000000000007f,-1.2246467991473532e-16f,-0.03816980282588161f,-0.9992712675506252f,0f,0f,0f,0f,1f], start_interpolation: 0, interpolation_duration: 1 }
$data merge entity $(bone_body) { transformation: [-1.0175f,0f,1.246078118132432e-16f,0f,0f,1f,0f,-0.29375000000000007f,-1.246078118132432e-16f,0f,-1.0175f,0f,0f,0f,0f,1f], start_interpolation: 0, interpolation_duration: 1 }
$data merge entity $(bone_left_claw) { transformation: [-0.9970861323044666f,0.005819244766119635f,-0.07606169309495821f,0f,4.336808689942018e-19f,0.9970861323044666f,0.0762839745039523f,-0.29375000000000007f,0.07628397450395218f,0.07606169309495833f,-0.9941807552338804f,0f,0f,0f,0f,1f], start_interpolation: 0, interpolation_duration: 1 }
$data merge entity $(bone_right_claw) { transformation: [-0.9970861323044666f,-0.005819244766119654f,0.07606169309495846f,0f,-4.336808689942018e-19f,0.9970861323044666f,0.0762839745039523f,-0.29375000000000007f,-0.07628397450395243f,0.07606169309495833f,-0.9941807552338804f,0f,0f,0f,0f,1f], start_interpolation: 0, interpolation_duration: 1 }