# This file was generated by Animated Java via MC-Build. It is not recommended to edit this file directly.
$data merge entity $(bone_shell) { transformation: [-1f,4.807940770445818e-18f,1.223702640847296e-16f,0f,0f,0.9992290362407229f,-0.0392598157590686f,-0.29375f,-1.2246467991473532e-16f,-0.0392598157590686f,-0.9992290362407229f,0f,0f,0f,0f,1f], start_interpolation: 0, interpolation_duration: 1 }
$data merge entity $(bone_body) { transformation: [-1.018f,0f,1.2466904415320055e-16f,0f,0f,1f,0f,-0.29375f,-1.2466904415320055e-16f,0f,-1.018f,0f,0f,0f,0f,1f], start_interpolation: 0, interpolation_duration: 1 }
$data merge entity $(bone_left_claw) { transformation: [-0.996917333733128f,0.006155829702431127f,-0.07821723252011531f,0f,0f,0.996917333733128f,0.07845909572784494f,-0.29375f,0.07845909572784482f,0.07821723252011543f,-0.9938441702975689f,0f,0f,0f,0f,1f], start_interpolation: 0, interpolation_duration: 1 }
$data merge entity $(bone_right_claw) { transformation: [-0.996917333733128f,-0.006155829702431146f,0.07821723252011556f,0f,0f,0.996917333733128f,0.07845909572784494f,-0.29375f,-0.07845909572784507f,0.07821723252011543f,-0.9938441702975689f,0f,0f,0f,0f,1f], start_interpolation: 0, interpolation_duration: 1 }