# This file was generated by Animated Java via MC-Build. It is not recommended to edit this file directly.
$data merge entity $(bone_shell) { transformation: [-1f,5.074899618470321e-18f,1.2235948357393892e-16f,0f,0f,0.9991410066896868f,-0.041439700181339335f,-0.29375000000000007f,-1.2246467991473532e-16f,-0.041439700181339335f,-0.9991410066896868f,0f,0f,0f,0f,1f], start_interpolation: 0, interpolation_duration: 1 }
$data merge entity $(bone_body) { transformation: [-1.0190000000000001f,0f,1.247915088331153e-16f,0f,0f,1f,0f,-0.29375000000000007f,-1.247915088331153e-16f,0f,-1.0190000000000001f,0f,0f,0f,0f,1f], start_interpolation: 0, interpolation_duration: 1 }
$data merge entity $(bone_left_claw) { transformation: [-0.9965655024977614f,0.0068571992313842854f,-0.0825238029303387f,0f,0f,0.9965655024977614f,0.08280820751220434f,-0.29375000000000007f,0.08280820751220422f,0.08252380293033883f,-0.9931428007686157f,0f,0f,0f,0f,1f], start_interpolation: 0, interpolation_duration: 1 }
$data merge entity $(bone_right_claw) { transformation: [-0.9965655024977614f,-0.006857199231384306f,0.08252380293033895f,0f,0f,0.9965655024977614f,0.08280820751220434f,-0.29375000000000007f,-0.08280820751220447f,0.08252380293033883f,-0.9931428007686157f,0f,0f,0f,0f,1f], start_interpolation: 0, interpolation_duration: 1 }