# This file was generated by Animated Java via MC-Build. It is not recommended to edit this file directly.
$data merge entity $(bone_shell) { transformation: [-1f,5.341834311772723e-18f,1.223481206754078e-16f,0f,0f,0.9990482215818578f,-0.043619387365336f,-0.29375000000000007f,-1.2246467991473532e-16f,-0.043619387365336f,-0.9990482215818578f,0f,0f,0f,0f,1f], start_interpolation: 0, interpolation_duration: 1 }
$data merge entity $(bone_body) { transformation: [-1.02f,0f,1.2491397351303002e-16f,0f,0f,1f,0f,-0.29375000000000007f,-1.2491397351303002e-16f,0f,-1.02f,0f,0f,0f,0f,1f], start_interpolation: 0, interpolation_duration: 1 }
$data merge entity $(bone_left_claw) { transformation: [-0.9961946980917455f,0.007596123493895961f,-0.08682408883346507f,0f,0f,0.9961946980917455f,0.08715574274765818f,-0.29375000000000007f,0.08715574274765805f,0.0868240888334652f,-0.9924038765061041f,0f,0f,0f,0f,1f], start_interpolation: 0, interpolation_duration: 1 }
$data merge entity $(bone_right_claw) { transformation: [-0.9961946980917455f,-0.007596123493895982f,0.08682408883346532f,0f,0f,0.9961946980917455f,0.08715574274765818f,-0.29375000000000007f,-0.0871557427476583f,0.0868240888334652f,-0.9924038765061041f,0f,0f,0f,0f,1f], start_interpolation: 0, interpolation_duration: 1 }