# This file was generated by Animated Java via MC-Build. It is not recommended to edit this file directly.
$data merge entity $(bone_shell) { transformation: [-1f,5.208370063871703e-18f,1.2235387491982565e-16f,0f,0f,0.9990952085533004f,-0.04252956907655312f,-0.29375f,-1.2246467991473532e-16f,-0.04252956907655312f,-0.9990952085533004f,0f,0f,0f,0f,1f], start_interpolation: 0, interpolation_duration: 1 }
$data merge entity $(bone_body) { transformation: [-1.0195f,0f,1.2485274117307267e-16f,0f,0f,1f,0f,-0.29375f,-1.2485274117307267e-16f,0f,-1.0195f,0f,0f,0f,0f,1f], start_interpolation: 0, interpolation_duration: 1 }
$data merge entity $(bone_left_claw) { transformation: [-0.9963824715083254f,0.007221970470961126f,-0.0846747519245122f,0f,0f,0.9963824715083254f,0.08498217737244168f,-0.29375f,0.08498217737244156f,0.08467475192451232f,-0.9927780295290388f,0f,0f,0f,0f,1f], start_interpolation: 0, interpolation_duration: 1 }
$data merge entity $(bone_right_claw) { transformation: [-0.9963824715083254f,-0.007221970470961147f,0.08467475192451245f,0f,0f,0.9963824715083254f,0.08498217737244168f,-0.29375f,-0.0849821773724418f,0.08467475192451232f,-0.9927780295290388f,0f,0f,0f,0f,1f], start_interpolation: 0, interpolation_duration: 1 }