# This file was generated by Animated Java via MC-Build. It is not recommended to edit this file directly.
$data merge entity $(bone_shell) { transformation: [-1f,4.941423134386617e-18f,1.2236494663107373e-16f,0f,0f,0.9991856159365213f,-0.04034978197654236f,-0.29375000000000007f,-1.2246467991473532e-16f,-0.04034978197654236f,-0.9991856159365213f,0f,0f,0f,0f,1f], start_interpolation: 0, interpolation_duration: 1 }
$data merge entity $(bone_body) { transformation: [-1.0185f,0f,1.2473027649315793e-16f,0f,0f,1f,0f,-0.29375000000000007f,-1.2473027649315793e-16f,0f,-1.0185f,0f,0f,0f,0f,1f], start_interpolation: 0, interpolation_duration: 1 }
$data merge entity $(bone_left_claw) { transformation: [-0.996743790188891f,0.006501816719884039f,-0.08037128280191291f,0f,4.336808689942018e-19f,0.996743790188891f,0.08063384351427165f,-0.29375000000000007f,0.08063384351427152f,0.08037128280191304f,-0.993498183280116f,0f,0f,0f,0f,1f], start_interpolation: 0, interpolation_duration: 1 }
$data merge entity $(bone_right_claw) { transformation: [-0.996743790188891f,-0.006501816719884058f,0.08037128280191316f,0f,-4.336808689942018e-19f,0.996743790188891f,0.08063384351427165f,-0.29375000000000007f,-0.08063384351427177f,0.08037128280191304f,-0.993498183280116f,0f,0f,0f,0f,1f], start_interpolation: 0, interpolation_duration: 1 }