# This file was generated by Animated Java via MC-Build. It is not recommended to edit this file directly.
$data merge entity $(bone_shell) { transformation: [-1f,4.407459987836948e-18f,1.2238534276241658e-16f,0f,0f,0.9993521629879409f,-0.035989642000498374f,-0.29375000000000007f,-1.2246467991473532e-16f,-0.035989642000498374f,-0.9993521629879409f,0f,0f,0f,0f,1f], start_interpolation: 0, interpolation_duration: 1 }
$data merge entity $(bone_body) { transformation: [-1.0165f,0f,1.2448534713332846e-16f,0f,0f,1f,0f,-0.29375000000000007f,-1.2448534713332846e-16f,0f,-1.0165f,0f,0f,0f,0f,1f], start_interpolation: 0, interpolation_duration: 1 }
$data merge entity $(bone_left_claw) { transformation: [-0.9974094913373519f,0.005174306590164886f,-0.07174631099558954f,0f,4.336808689942018e-19f,0.9974094913373519f,0.07193265315671941f,-0.29375000000000007f,0.07193265315671929f,0.07174631099558966f,-0.9948256934098351f,0f,0f,0f,0f,1f], start_interpolation: 0, interpolation_duration: 1 }
$data merge entity $(bone_right_claw) { transformation: [-0.9974094913373519f,-0.005174306590164903f,0.07174631099558978f,0f,-4.336808689942018e-19f,0.9974094913373519f,0.07193265315671941f,-0.29375000000000007f,-0.07193265315671954f,0.07174631099558966f,-0.9948256934098351f,0f,0f,0f,0f,1f], start_interpolation: 0, interpolation_duration: 1 }