# This file was generated by Animated Java via MC-Build. It is not recommended to edit this file directly.
$data merge entity $(bone_shell) { transformation: [-1f,4.140446312247545e-18f,1.2239466708543299e-16f,0f,0f,0.9994283018634346f,-0.033809309877184876f,-0.29375f,-1.2246467991473532e-16f,-0.033809309877184876f,-0.9994283018634346f,0f,0f,0f,0f,1f], start_interpolation: 0, interpolation_duration: 1 }
$data merge entity $(bone_body) { transformation: [-1.0155f,0f,1.2436288245341373e-16f,0f,0f,1f,0f,-0.29375f,-1.2436288245341373e-16f,0f,-1.0155f,0f,0f,0f,0f,1f], start_interpolation: 0, interpolation_duration: 1 }
$data merge entity $(bone_left_claw) { transformation: [-0.9977138611312569f,0.004567051306558857f,-0.06742546513686137f,0f,0f,0.9977138611312569f,0.06757996231545906f,-0.29375f,0.06757996231545893f,0.0674254651368615f,-0.9954329486934411f,0f,0f,0f,0f,1f], start_interpolation: 0, interpolation_duration: 1 }
$data merge entity $(bone_right_claw) { transformation: [-0.9977138611312569f,-0.0045670513065588746f,0.06742546513686162f,0f,0f,0.9977138611312569f,0.06757996231545906f,-0.29375f,-0.06757996231545918f,0.0674254651368615f,-0.9954329486934411f,0f,0f,0f,0f,1f], start_interpolation: 0, interpolation_duration: 1 }