# This file was generated by Animated Java via MC-Build. It is not recommended to edit this file directly.
$data merge entity $(bone_shell) { transformation: [-1f,4.006932004872529e-18f,1.223991107914061e-16f,0f,0f,0.9994645874763657f,-0.03271908282177614f,-0.29375000000000007f,-1.2246467991473532e-16f,-0.03271908282177614f,-0.9994645874763657f,0f,0f,0f,0f,1f], start_interpolation: 0, interpolation_duration: 1 }
$data merge entity $(bone_body) { transformation: [-1.0150000000000001f,0f,1.2430165011345636e-16f,0f,0f,1f,0f,-0.29375000000000007f,-1.2430165011345636e-16f,0f,-1.0150000000000001f,0f,0f,0f,0f,1f], start_interpolation: 0, interpolation_duration: 1 }
$data merge entity $(bone_left_claw) { transformation: [-0.9978589232386035f,0.004277569313094786f,-0.06526309611002568f,0f,0f,0.9978589232386035f,0.06540312923014306f,-0.29375000000000007f,0.06540312923014294f,0.0652630961100258f,-0.9957224306869052f,0f,0f,0f,0f,1f], start_interpolation: 0, interpolation_duration: 1 }
$data merge entity $(bone_right_claw) { transformation: [-0.9978589232386035f,-0.004277569313094802f,0.06526309611002593f,0f,0f,0.9978589232386035f,0.06540312923014306f,-0.29375000000000007f,-0.06540312923014319f,0.0652630961100258f,-0.9957224306869052f,0f,0f,0f,0f,1f], start_interpolation: 0, interpolation_duration: 1 }