# This file was generated by Animated Java via MC-Build. It is not recommended to edit this file directly.
$data merge entity $(bone_shell) { transformation: [-1f,3.87341292960233e-18f,1.224034088532479e-16f,0f,0f,0.9994996838147123f,-0.031628816833548665f,-0.29375000000000007f,-1.2246467991473532e-16f,-0.031628816833548665f,-0.9994996838147123f,0f,0f,0f,0f,1f], start_interpolation: 0, interpolation_duration: 1 }
$data merge entity $(bone_body) { transformation: [-1.0145f,0f,1.2424041777349899e-16f,0f,0f,1f,0f,-0.29375000000000007f,-1.2424041777349899e-16f,0f,-1.0145f,0f,0f,0f,0f,1f], start_interpolation: 0, interpolation_duration: 1 }
$data merge entity $(bone_left_claw) { transformation: [-0.9979992358914197f,0.003997525160142492f,-0.06309948456791477f,0f,-4.336808689942018e-19f,0.9979992358914197f,0.06322598484913067f,-0.29375000000000007f,0.06322598484913054f,0.06309948456791489f,-0.9960024748398575f,0f,0f,0f,0f,1f], start_interpolation: 0, interpolation_duration: 1 }
$data merge entity $(bone_right_claw) { transformation: [-0.9979992358914197f,-0.003997525160142508f,0.06309948456791502f,0f,4.336808689942018e-19f,0.9979992358914197f,0.06322598484913067f,-0.29375000000000007f,-0.06322598484913079f,0.06309948456791489f,-0.9960024748398575f,0f,0f,0f,0f,1f], start_interpolation: 0, interpolation_duration: 1 }