# This file was generated by Animated Java via MC-Build. It is not recommended to edit this file directly.
$data merge entity $(bone_body) {transformation: [-1f,0f,0f,0f,0f,0.999f,-0.0436f,-0.1823f,0f,-0.0436f,-0.999f,0f,0f,0f,0f,1f],start_interpolation: 0,interpolation_duration: 2}
$data merge entity $(bone_head) {transformation: [-1f,0f,0f,0f,0f,0.9996f,-0.0291f,-0.1823f,0f,-0.0291f,-0.9996f,0f,0f,0f,0f,1f],start_interpolation: 0,interpolation_duration: 2}
$data merge entity $(bone_1) {transformation: [-1f,0f,0f,0f,0f,1f,0.0073f,-0.1896f,0f,0.0073f,-1f,0f,0f,0f,0f,1f],start_interpolation: 0,interpolation_duration: 2}
$data merge entity $(bone_2) {transformation: [-1f,0f,0f,0f,0f,0.9999f,-0.016f,-0.1854f,0f,-0.016f,-0.9999f,0.0021f,0f,0f,0f,1f],start_interpolation: 0,interpolation_duration: 2}
$data merge entity $(bone_3) {transformation: [-1f,0f,0f,0f,0f,0.9984f,-0.0567f,-0.175f,0f,-0.0567f,-0.9984f,0.0053f,0f,0f,0f,1f],start_interpolation: 0,interpolation_duration: 2}
$data merge entity $(bone_4) {transformation: [-1f,0f,0f,0f,0f,0.9947f,-0.1031f,-0.1594f,0f,-0.1031f,-0.9947f,0.0065f,0f,0f,0f,1f],start_interpolation: 0,interpolation_duration: 2}
$data merge entity $(bone_back_left_foot) {transformation: [-1f,0f,0f,0f,0f,0.9996f,0.0291f,-0.1847f,0f,0.0291f,-0.9996f,0f,0f,0f,0f,1f],start_interpolation: 0,interpolation_duration: 2}
$data merge entity $(bone_back_right_foot) {transformation: [-1f,0f,0f,0f,0f,0.9996f,0.0291f,-0.1847f,0f,0.0291f,-0.9996f,0f,0f,0f,0f,1f],start_interpolation: 0,interpolation_duration: 2}
$data merge entity $(bone_front_right_foot) {transformation: [-0.999f,-0.0019f,-0.0436f,0f,0f,0.999f,-0.0436f,-0.1812f,0.0436f,-0.0436f,-0.9981f,0.0042f,0f,0f,0f,1f],start_interpolation: 0,interpolation_duration: 2}
$data merge entity $(bone_front_left_foot) {transformation: [-0.999f,-0.0038f,0.0435f,0f,-0.0057f,0.999f,-0.0437f,-0.1812f,-0.0432f,-0.044f,-0.9981f,0.0104f,0f,0f,0f,1f],start_interpolation: 0,interpolation_duration: 2}