# This file was generated by Animated Java via MC-Build. It is not recommended to edit this file directly.
$data merge entity $(bone_body) {transformation: [-1f,0f,0f,0f,0f,0.9996f,0.0291f,-0.1701f,0f,0.0291f,-0.9996f,0f,0f,0f,0f,1f],start_interpolation: 0,interpolation_duration: 2}
$data merge entity $(bone_head) {transformation: [-1f,0f,0f,0f,0f,0.9992f,0.0407f,-0.1701f,0f,0.0407f,-0.9992f,0f,0f,0f,0f,1f],start_interpolation: 0,interpolation_duration: 2}
$data merge entity $(bone_1) {transformation: [-1f,0f,0f,0f,0f,0.9974f,0.0727f,-0.1615f,0f,0.0727f,-0.9974f,0f,0f,0f,0f,1f],start_interpolation: 0,interpolation_duration: 2}
$data merge entity $(bone_2) {transformation: [-1f,0f,0f,0f,0f,0.9884f,0.1516f,-0.176f,0f,0.1516f,-0.9884f,-0.0094f,0f,0f,0f,1f],start_interpolation: 0,interpolation_duration: 2}
$data merge entity $(bone_3) {transformation: [-1f,0f,0f,0f,0f,0.9728f,0.2316f,-0.194f,0f,0.2316f,-0.9728f,-0.0201f,0f,0f,0f,1f],start_interpolation: 0,interpolation_duration: 2}
$data merge entity $(bone_4) {transformation: [-1f,0f,0f,0f,0f,0.9239f,0.3827f,-0.2364f,0f,0.3827f,-0.9239f,-0.0493f,0f,0f,0f,1f],start_interpolation: 0,interpolation_duration: 2}
$data merge entity $(bone_back_left_foot) {transformation: [-1f,0f,0f,0f,0f,0.9974f,0.0727f,-0.1604f,0f,0.0727f,-0.9974f,0f,0f,0f,0f,1f],start_interpolation: 0,interpolation_duration: 2}
$data merge entity $(bone_back_right_foot) {transformation: [-1f,0f,0f,0f,0f,0.9974f,0.0727f,-0.1604f,0f,0.0727f,-0.9974f,0f,0f,0f,0f,1f],start_interpolation: 0,interpolation_duration: 2}
$data merge entity $(bone_front_right_foot) {transformation: [-0.9914f,0.0076f,-0.1303f,0f,0f,0.9983f,0.0581f,-0.1458f,0.1305f,0.0576f,-0.9898f,0.0125f,0f,0f,0f,1f],start_interpolation: 0,interpolation_duration: 2}
$data merge entity $(bone_front_left_foot) {transformation: [-0.9914f,-0.0245f,0.1282f,0f,-0.017f,0.9981f,0.0592f,-0.1667f,-0.1294f,0.0566f,-0.99f,0.0174f,0f,0f,0f,1f],start_interpolation: 0,interpolation_duration: 2}