# This file was generated by Animated Java via MC-Build. It is not recommended to edit this file directly.
$data merge entity $(bone_body) {transformation: [-1f,0f,0f,0f,0f,0.9983f,0.0581f,-0.1736f,0f,0.0581f,-0.9983f,0f,0f,0f,0f,1f],start_interpolation: 0,interpolation_duration: 1}
$data merge entity $(bone_head) {transformation: [-1f,0f,0f,0f,0f,0.9967f,0.0814f,-0.1736f,0f,0.0814f,-0.9967f,0f,0f,0f,0f,1f],start_interpolation: 0,interpolation_duration: 1}
$data merge entity $(bone_1) {transformation: [-1f,0f,0f,0f,0f,0.9968f,0.0799f,-0.1667f,0f,0.0799f,-0.9968f,0f,0f,0f,0f,1f],start_interpolation: 0,interpolation_duration: 1}
$data merge entity $(bone_2) {transformation: [-1f,0f,0f,0f,0f,0.9837f,0.1799f,-0.1849f,0f,0.1799f,-0.9837f,-0.0119f,0f,0f,0f,1f],start_interpolation: 0,interpolation_duration: 1}
$data merge entity $(bone_3) {transformation: [-1f,0f,0f,0f,0f,0.9579f,0.2873f,-0.2098f,0f,0.2873f,-0.9579f,-0.0264f,0f,0f,0f,1f],start_interpolation: 0,interpolation_duration: 1}
$data merge entity $(bone_4) {transformation: [-1f,0f,0f,0f,0f,0.8809f,0.4733f,-0.2601f,0f,0.4733f,-0.8809f,-0.0671f,0f,0f,0f,1f],start_interpolation: 0,interpolation_duration: 1}
$data merge entity $(bone_back_left_foot) {transformation: [-1f,0f,0f,0f,0f,0.9983f,0.0581f,-0.1583f,0f,0.0581f,-0.9983f,0f,0f,0f,0f,1f],start_interpolation: 0,interpolation_duration: 1}
$data merge entity $(bone_back_right_foot) {transformation: [-1f,0f,0f,0f,0f,0.9983f,0.0581f,-0.1583f,0f,0.0581f,-0.9983f,0f,0f,0f,0f,1f],start_interpolation: 0,interpolation_duration: 1}
$data merge entity $(bone_front_right_foot) {transformation: [-0.9914f,0.0152f,-0.1296f,0f,0f,0.9932f,0.1161f,-0.1448f,0.1305f,0.1151f,-0.9847f,0.0125f,0f,0f,0f,1f],start_interpolation: 0,interpolation_duration: 1}
$data merge entity $(bone_front_left_foot) {transformation: [-0.9914f,-0.0319f,0.1266f,0f,-0.017f,0.993f,0.1172f,-0.1708f,-0.1294f,0.114f,-0.985f,0.0139f,0f,0f,0f,1f],start_interpolation: 0,interpolation_duration: 1}