# This file was generated by Animated Java via MC-Build. It is not recommended to edit this file directly.
$data merge entity $(bone_body) {transformation: [-1f,0f,0f,0f,0f,0.9962f,0.0872f,-0.1771f,0f,0.0872f,-0.9962f,0f,0f,0f,0f,1f],start_interpolation: 0,interpolation_duration: 1}
$data merge entity $(bone_head) {transformation: [-1f,0f,0f,0f,0f,0.9925f,0.1219f,-0.1771f,0f,0.1219f,-0.9925f,0f,0f,0f,0f,1f],start_interpolation: 0,interpolation_duration: 1}
$data merge entity $(bone_1) {transformation: [-1f,0f,0f,0f,0f,0.9962f,0.0872f,-0.1719f,0f,0.0872f,-0.9962f,0f,0f,0f,0f,1f],start_interpolation: 0,interpolation_duration: 1}
$data merge entity $(bone_2) {transformation: [-1f,0f,0f,0f,0f,0.9781f,0.2079f,-0.1938f,0f,0.2079f,-0.9781f,-0.0145f,0f,0f,0f,1f],start_interpolation: 0,interpolation_duration: 1}
$data merge entity $(bone_3) {transformation: [-1f,0f,0f,0f,0f,0.9397f,0.342f,-0.2255f,0f,0.342f,-0.9397f,-0.0329f,0f,0f,0f,1f],start_interpolation: 0,interpolation_duration: 1}
$data merge entity $(bone_4) {transformation: [-1f,0f,0f,0f,0f,0.829f,0.5592f,-0.2836f,0f,0.5592f,-0.829f,-0.0851f,0f,0f,0f,1f],start_interpolation: 0,interpolation_duration: 1}
$data merge entity $(bone_back_left_foot) {transformation: [-1f,0f,0f,0f,0f,0.999f,0.0436f,-0.1562f,0f,0.0436f,-0.999f,0f,0f,0f,0f,1f],start_interpolation: 0,interpolation_duration: 1}
$data merge entity $(bone_back_right_foot) {transformation: [-1f,0f,0f,0f,0f,0.999f,0.0436f,-0.1562f,0f,0.0436f,-0.999f,0f,0f,0f,0f,1f],start_interpolation: 0,interpolation_duration: 1}
$data merge entity $(bone_front_right_foot) {transformation: [-0.9914f,0.0227f,-0.1285f,0f,0f,0.9848f,0.1736f,-0.1437f,0.1305f,0.1722f,-0.9764f,0.0125f,0f,0f,0f,1f],start_interpolation: 0,interpolation_duration: 1}
$data merge entity $(bone_front_left_foot) {transformation: [-0.9914f,-0.0392f,0.1245f,0f,-0.017f,0.9845f,0.1747f,-0.175f,-0.1294f,0.1711f,-0.9767f,0.0104f,0f,0f,0f,1f],start_interpolation: 0,interpolation_duration: 1}