# This file was generated by Animated Java via MC-Build. It is not recommended to edit this file directly.
$data merge entity $(bone_body) {transformation: [-1f,0f,0f,0f,0f,0.9983f,0.0581f,-0.1806f,0f,0.0581f,-0.9983f,0f,0f,0f,0f,1f],start_interpolation: 0,interpolation_duration: 1}
$data merge entity $(bone_head) {transformation: [-1f,0f,0f,0f,0f,0.9967f,0.0814f,-0.1806f,0f,0.0814f,-0.9967f,0f,0f,0f,0f,1f],start_interpolation: 0,interpolation_duration: 1}
$data merge entity $(bone_1) {transformation: [-1f,0f,0f,0f,0f,0.9983f,0.0581f,-0.1771f,0f,0.0581f,-0.9983f,0f,0f,0f,0f,1f],start_interpolation: 0,interpolation_duration: 1}
$data merge entity $(bone_2) {transformation: [-1f,0f,0f,0f,0f,0.9903f,0.1392f,-0.192f,0f,0.1392f,-0.9903f,-0.0092f,0f,0f,0f,1f],start_interpolation: 0,interpolation_duration: 1}
$data merge entity $(bone_3) {transformation: [-1f,0f,0f,0f,0f,0.973f,0.2306f,-0.2134f,0f,0.2306f,-0.973f,-0.0209f,0f,0f,0f,1f],start_interpolation: 0,interpolation_duration: 1}
$data merge entity $(bone_4) {transformation: [-1f,0f,0f,0f,0f,0.9228f,0.3854f,-0.2557f,0f,0.3854f,-0.9228f,-0.0484f,0f,0f,0f,1f],start_interpolation: 0,interpolation_duration: 1}
$data merge entity $(bone_back_left_foot) {transformation: [-1f,0f,0f,0f,0f,0.9996f,0.0291f,-0.1667f,0f,0.0291f,-0.9996f,0f,0f,0f,0f,1f],start_interpolation: 0,interpolation_duration: 1}
$data merge entity $(bone_back_right_foot) {transformation: [-1f,0f,0f,0f,0f,0.9996f,0.0291f,-0.1667f,0f,0.0291f,-0.9996f,0f,0f,0f,0f,1f],start_interpolation: 0,interpolation_duration: 1}
$data merge entity $(bone_front_right_foot) {transformation: [-0.9962f,0.0101f,-0.0866f,0f,0f,0.9932f,0.1161f,-0.1583f,0.0872f,0.1157f,-0.9895f,0.0083f,0f,0f,0f,1f],start_interpolation: 0,interpolation_duration: 1}
$data merge entity $(bone_front_left_foot) {transformation: [-0.9962f,-0.0213f,0.0845f,0f,-0.0114f,0.9931f,0.1163f,-0.1792f,-0.0864f,0.1149f,-0.9896f,0.0069f,0f,0f,0f,1f],start_interpolation: 0,interpolation_duration: 1}