# This file was generated by Animated Java via MC-Build. It is not recommended to edit this file directly.
$data merge entity $(bone_body) {transformation: [-1f,0f,0f,0f,0f,0.9996f,0.0291f,-0.184f,0f,0.0291f,-0.9996f,0f,0f,0f,0f,1f],start_interpolation: 0,interpolation_duration: 2}
$data merge entity $(bone_head) {transformation: [-1f,0f,0f,0f,0f,0.9992f,0.0407f,-0.184f,0f,0.0407f,-0.9992f,0f,0f,0f,0f,1f],start_interpolation: 0,interpolation_duration: 2}
$data merge entity $(bone_1) {transformation: [-1f,0f,0f,0f,0f,0.9996f,0.0291f,-0.1823f,0f,0.0291f,-0.9996f,0f,0f,0f,0f,1f],start_interpolation: 0,interpolation_duration: 2}
$data merge entity $(bone_2) {transformation: [-1f,0f,0f,0f,0f,0.9976f,0.0698f,-0.1899f,0f,0.0698f,-0.9976f,-0.0044f,0f,0f,0f,1f],start_interpolation: 0,interpolation_duration: 2}
$data merge entity $(bone_3) {transformation: [-1f,0f,0f,0f,0f,0.9932f,0.1161f,-0.2008f,0f,0.1161f,-0.9932f,-0.0099f,0f,0f,0f,1f],start_interpolation: 0,interpolation_duration: 2}
$data merge entity $(bone_4) {transformation: [-1f,0f,0f,0f,0f,0.9805f,0.1965f,-0.2223f,0f,0.1965f,-0.9805f,-0.023f,0f,0f,0f,1f],start_interpolation: 0,interpolation_duration: 2}
$data merge entity $(bone_back_left_foot) {transformation: [-1f,0f,0f,0f,0f,0.9999f,0.0145f,-0.1771f,0f,0.0145f,-0.9999f,0f,0f,0f,0f,1f],start_interpolation: 0,interpolation_duration: 2}
$data merge entity $(bone_back_right_foot) {transformation: [-1f,0f,0f,0f,0f,0.9999f,0.0145f,-0.1771f,0f,0.0145f,-0.9999f,0f,0f,0f,0f,1f],start_interpolation: 0,interpolation_duration: 2}
$data merge entity $(bone_front_right_foot) {transformation: [-0.999f,0.0025f,-0.0435f,0f,0f,0.9983f,0.0581f,-0.1729f,0.0436f,0.0581f,-0.9974f,0.0042f,0f,0f,0f,1f],start_interpolation: 0,interpolation_duration: 2}
$data merge entity $(bone_front_left_foot) {transformation: [-0.999f,-0.0082f,0.0428f,0f,-0.0057f,0.9983f,0.058f,-0.1833f,-0.0432f,0.0577f,-0.9974f,0.0035f,0f,0f,0f,1f],start_interpolation: 0,interpolation_duration: 2}