# This file was generated by Animated Java via MC-Build. It is not recommended to edit this file directly.
$data merge entity $(bone_body) {transformation: [-1f,0f,0f,0f,0f,0.9962f,-0.0872f,-0.1771f,0f,-0.0872f,-0.9962f,0f,0f,0f,0f,1f],start_interpolation: 0,interpolation_duration: 2}
$data merge entity $(bone_head) {transformation: [-1f,0f,0f,0f,0f,0.9983f,-0.0581f,-0.1771f,0f,-0.0581f,-0.9983f,0f,0f,0f,0f,1f],start_interpolation: 0,interpolation_duration: 2}
$data merge entity $(bone_1) {transformation: [-1f,0f,0f,0f,0f,0.9999f,0.0145f,-0.1917f,0f,0.0145f,-0.9999f,0f,0f,0f,0f,1f],start_interpolation: 0,interpolation_duration: 2}
$data merge entity $(bone_2) {transformation: [-1f,0f,0f,0f,0f,0.9995f,-0.032f,-0.1834f,0f,-0.032f,-0.9995f,0.0043f,0f,0f,0f,1f],start_interpolation: 0,interpolation_duration: 2}
$data merge entity $(bone_3) {transformation: [-1f,0f,0f,0f,0f,0.9936f,-0.1132f,-0.1627f,0f,-0.1132f,-0.9936f,0.0108f,0f,0f,0f,1f],start_interpolation: 0,interpolation_duration: 2}
$data merge entity $(bone_4) {transformation: [-1f,0f,0f,0f,0f,0.9787f,-0.2051f,-0.1314f,0f,-0.2051f,-0.9787f,0.0134f,0f,0f,0f,1f],start_interpolation: 0,interpolation_duration: 2}
$data merge entity $(bone_back_left_foot) {transformation: [-1f,0f,0f,0f,0f,0.9983f,0.0581f,-0.1819f,0f,0.0581f,-0.9983f,0f,0f,0f,0f,1f],start_interpolation: 0,interpolation_duration: 2}
$data merge entity $(bone_back_right_foot) {transformation: [-1f,0f,0f,0f,0f,0.9983f,0.0581f,-0.1819f,0f,0.0581f,-0.9983f,0f,0f,0f,0f,1f],start_interpolation: 0,interpolation_duration: 2}
$data merge entity $(bone_front_right_foot) {transformation: [-0.9962f,-0.0076f,-0.0868f,0f,0f,0.9962f,-0.0872f,-0.175f,0.0872f,-0.0868f,-0.9924f,0.0083f,0f,0f,0f,1f],start_interpolation: 0,interpolation_duration: 2}
$data merge entity $(bone_front_left_foot) {transformation: [-0.9962f,-0.0038f,0.0871f,0f,-0.0114f,0.9962f,-0.0869f,-0.175f,-0.0864f,-0.0876f,-0.9924f,0.0208f,0f,0f,0f,1f],start_interpolation: 0,interpolation_duration: 2}