# This file was generated by Animated Java via MC-Build. It is not recommended to edit this file directly.
$data merge entity $(bone_body) {transformation: [-1f,0f,0f,0f,0f,0.9914f,-0.1305f,-0.1615f,0f,-0.1305f,-0.9914f,0f,0f,0f,0f,1f],start_interpolation: 0,interpolation_duration: 1}
$data merge entity $(bone_head) {transformation: [-1f,0f,0f,0f,0f,0.9962f,-0.0872f,-0.1615f,0f,-0.0872f,-0.9962f,0f,0f,0f,0f,1f],start_interpolation: 0,interpolation_duration: 1}
$data merge entity $(bone_1) {transformation: [-1f,0f,0f,0f,0f,0.9993f,0.0364f,-0.1812f,0f,0.0364f,-0.9993f,0f,0f,0f,0f,1f],start_interpolation: 0,interpolation_duration: 1}
$data merge entity $(bone_2) {transformation: [-1f,0f,0f,0f,0f,1f,0.0092f,-0.1767f,0f,0.0092f,-1f,0.0022f,0f,0f,0f,1f],start_interpolation: 0,interpolation_duration: 1}
$data merge entity $(bone_3) {transformation: [-1f,0f,0f,0f,0f,0.9985f,-0.0548f,-0.1599f,0f,-0.0548f,-0.9985f,0.0081f,0f,0f,0f,1f],start_interpolation: 0,interpolation_duration: 1}
$data merge entity $(bone_4) {transformation: [-1f,0f,0f,0f,0f,0.9941f,-0.1089f,-0.1419f,0f,-0.1089f,-0.9941f,0.0119f,0f,0f,0f,1f],start_interpolation: 0,interpolation_duration: 1}
$data merge entity $(bone_back_left_foot) {transformation: [-1f,0f,0f,0f,0f,0.9894f,0.1449f,-0.1736f,0f,0.1449f,-0.9894f,0f,0f,0f,0f,1f],start_interpolation: 0,interpolation_duration: 1}
$data merge entity $(bone_back_right_foot) {transformation: [-1f,0f,0f,0f,0f,0.9894f,0.1449f,-0.1736f,0f,0.1449f,-0.9894f,0f,0f,0f,0f,1f],start_interpolation: 0,interpolation_duration: 1}
$data merge entity $(bone_front_right_foot) {transformation: [-0.9914f,-0.017f,-0.1294f,0f,0f,0.9914f,-0.1305f,-0.1562f,0.1305f,-0.1294f,-0.983f,0.0125f,0f,0f,0f,1f],start_interpolation: 0,interpolation_duration: 1}
$data merge entity $(bone_front_left_foot) {transformation: [-0.9914f,0f,0.1305f,0f,-0.017f,0.9914f,-0.1294f,-0.1562f,-0.1294f,-0.1305f,-0.983f,0.0313f,0f,0f,0f,1f],start_interpolation: 0,interpolation_duration: 1}