# This file was generated by Animated Java via MC-Build. It is not recommended to edit this file directly.
$data merge entity $(bone_body) {transformation: [-1f,0f,0f,0f,0f,0.9962f,-0.0872f,-0.1597f,0f,-0.0872f,-0.9962f,0f,0f,0f,0f,1f],start_interpolation: 0,interpolation_duration: 1}
$data merge entity $(bone_head) {transformation: [-1f,0f,0f,0f,0f,0.9983f,-0.0581f,-0.1597f,0f,-0.0581f,-0.9983f,0f,0f,0f,0f,1f],start_interpolation: 0,interpolation_duration: 1}
$data merge entity $(bone_1) {transformation: [-1f,0f,0f,0f,0f,0.9987f,0.0509f,-0.1687f,0f,0.0509f,-0.9987f,0f,0f,0f,0f,1f],start_interpolation: 0,interpolation_duration: 1}
$data merge entity $(bone_2) {transformation: [-1f,0f,0f,0f,0f,0.9978f,0.0664f,-0.172f,0f,0.0664f,-0.9978f,-0.0023f,0f,0f,0f,1f],start_interpolation: 0,interpolation_duration: 1}
$data merge entity $(bone_3) {transformation: [-1f,0f,0f,0f,0f,0.9982f,0.0606f,-0.1692f,0f,0.0606f,-0.9982f,-0.0021f,0f,0f,0f,1f],start_interpolation: 0,interpolation_duration: 1}
$data merge entity $(bone_4) {transformation: [-1f,0f,0f,0f,0f,0.9958f,0.0915f,-0.1783f,0f,0.0915f,-0.9958f,-0.0057f,0f,0f,0f,1f],start_interpolation: 0,interpolation_duration: 1}
$data merge entity $(bone_back_left_foot) {transformation: [-1f,0f,0f,0f,0f,0.9894f,0.1449f,-0.1681f,0f,0.1449f,-0.9894f,0f,0f,0f,0f,1f],start_interpolation: 0,interpolation_duration: 1}
$data merge entity $(bone_back_right_foot) {transformation: [-1f,0f,0f,0f,0f,0.9894f,0.1449f,-0.1681f,0f,0.1449f,-0.9894f,0f,0f,0f,0f,1f],start_interpolation: 0,interpolation_duration: 1}
$data merge entity $(bone_front_right_foot) {transformation: [-0.9914f,-0.0114f,-0.13f,0f,0f,0.9962f,-0.0872f,-0.149f,0.1305f,-0.0864f,-0.9877f,0.0125f,0f,0f,0f,1f],start_interpolation: 0,interpolation_duration: 1}
$data merge entity $(bone_front_left_foot) {transformation: [-0.9914f,-0.0057f,0.1304f,0f,-0.017f,0.9961f,-0.086f,-0.1542f,-0.1294f,-0.0875f,-0.9877f,0.0278f,0f,0f,0f,1f],start_interpolation: 0,interpolation_duration: 1}