# This file was generated by Animated Java via MC-Build. It is not recommended to edit this file directly.
$data merge entity $(bone_body) {transformation: [-1f,0f,0f,0f,0f,0.999f,-0.0436f,-0.1632f,0f,-0.0436f,-0.999f,0f,0f,0f,0f,1f],start_interpolation: 0,interpolation_duration: 1}
$data merge entity $(bone_head) {transformation: [-1f,0f,0f,0f,0f,0.9996f,-0.0291f,-0.1632f,0f,-0.0291f,-0.9996f,0f,0f,0f,0f,1f],start_interpolation: 0,interpolation_duration: 1}
$data merge entity $(bone_1) {transformation: [-1f,0f,0f,0f,0f,0.9983f,0.0581f,-0.1625f,0f,0.0581f,-0.9983f,0f,0f,0f,0f,1f],start_interpolation: 0,interpolation_duration: 1}
$data merge entity $(bone_2) {transformation: [-1f,0f,0f,0f,0f,0.9955f,0.0949f,-0.1695f,0f,0.0949f,-0.9955f,-0.0046f,0f,0f,0f,1f],start_interpolation: 0,interpolation_duration: 1}
$data merge entity $(bone_3) {transformation: [-1f,0f,0f,0f,0f,0.993f,0.118f,-0.1737f,0f,0.118f,-0.993f,-0.008f,0f,0f,0f,1f],start_interpolation: 0,interpolation_duration: 1}
$data merge entity $(bone_4) {transformation: [-1f,0f,0f,0f,0f,0.9816f,0.1908f,-0.1954f,0f,0.1908f,-0.9816f,-0.0186f,0f,0f,0f,1f],start_interpolation: 0,interpolation_duration: 1}
$data merge entity $(bone_back_left_foot) {transformation: [-1f,0f,0f,0f,0f,0.9932f,0.1161f,-0.1653f,0f,0.1161f,-0.9932f,0f,0f,0f,0f,1f],start_interpolation: 0,interpolation_duration: 1}
$data merge entity $(bone_back_right_foot) {transformation: [-1f,0f,0f,0f,0f,0.9932f,0.1161f,-0.1653f,0f,0.1161f,-0.9932f,0f,0f,0f,0f,1f],start_interpolation: 0,interpolation_duration: 1}
$data merge entity $(bone_front_right_foot) {transformation: [-0.9914f,-0.0057f,-0.1304f,0f,0f,0.999f,-0.0436f,-0.1479f,0.1305f,-0.0432f,-0.9905f,0.0125f,0f,0f,0f,1f],start_interpolation: 0,interpolation_duration: 1}
$data merge entity $(bone_front_left_foot) {transformation: [-0.9914f,-0.0114f,0.13f,0f,-0.017f,0.999f,-0.0425f,-0.1583f,-0.1294f,-0.0444f,-0.9906f,0.0243f,0f,0f,0f,1f],start_interpolation: 0,interpolation_duration: 1}