# This file was generated by Animated Java via MC-Build. It is not recommended to edit this file directly.
$data merge entity $(bone_body) { transformation: [-1.025f,0f,1.2552629691260368e-16f,0f,0f,0.95f,0f,0f,-1.2552629691260368e-16f,0f,-1.025f,0f,0f,0f,0f,1f], start_interpolation: 0, interpolation_duration: 1 }
$data merge entity $(bone_stingers_1) { transformation: [-1f,-4.006932004872529e-18f,1.223991107914061e-16f,0f,0f,0.9994645874763657f,0.03271908282177614f,0.0140625f,-1.2246467991473532e-16f,0.03271908282177614f,-0.9994645874763657f,0f,0f,0f,0f,1f], start_interpolation: 0, interpolation_duration: 1 }
$data merge entity $(bone_stingers_2) { transformation: [-0.9994645874763657f,-0.03271908282177614f,1.2246467991473532e-16f,0f,-0.03271908282177614f,0.9994645874763657f,0f,0.0140625f,-1.223991107914061e-16f,-4.006932004872529e-18f,-1f,0f,0f,0f,0f,1f], start_interpolation: 0, interpolation_duration: 1 }
$data merge entity $(bone_stingers_3) { transformation: [-1f,4.006932004872529e-18f,1.223991107914061e-16f,0f,0f,0.9994645874763657f,-0.03271908282177614f,0.0140625f,-1.2246467991473532e-16f,-0.03271908282177614f,-0.9994645874763657f,0f,0f,0f,0f,1f], start_interpolation: 0, interpolation_duration: 1 }
$data merge entity $(bone_stingers_4) { transformation: [-0.9994645874763657f,0.03271908282177614f,1.2246467991473532e-16f,0f,0.03271908282177614f,0.9994645874763657f,0f,0.0140625f,-1.223991107914061e-16f,4.006932004872529e-18f,-1f,0f,0f,0f,0f,1f], start_interpolation: 0, interpolation_duration: 1 }