# This file was generated by Animated Java via MC-Build. It is not recommended to edit this file directly.
$data merge entity $(bone_body) { transformation: [-1.03f,0f,1.2613862031217737e-16f,0f,0f,0.9400000000000001f,0f,0f,-1.2613862031217737e-16f,0f,-1.03f,0f,0f,0f,0f,1f], start_interpolation: 0, interpolation_duration: 1 }
$data merge entity $(bone_stingers_1) { transformation: [-1f,-4.807940770445818e-18f,1.223702640847296e-16f,0f,0f,0.9992290362407229f,0.0392598157590686f,0.016875f,-1.2246467991473532e-16f,0.0392598157590686f,-0.9992290362407229f,0f,0f,0f,0f,1f], start_interpolation: 0, interpolation_duration: 1 }
$data merge entity $(bone_stingers_2) { transformation: [-0.9992290362407229f,-0.0392598157590686f,1.2246467991473532e-16f,0f,-0.0392598157590686f,0.9992290362407229f,0f,0.016875f,-1.223702640847296e-16f,-4.807940770445818e-18f,-1f,0f,0f,0f,0f,1f], start_interpolation: 0, interpolation_duration: 1 }
$data merge entity $(bone_stingers_3) { transformation: [-1f,4.807940770445818e-18f,1.223702640847296e-16f,0f,0f,0.9992290362407229f,-0.0392598157590686f,0.016875f,-1.2246467991473532e-16f,-0.0392598157590686f,-0.9992290362407229f,0f,0f,0f,0f,1f], start_interpolation: 0, interpolation_duration: 1 }
$data merge entity $(bone_stingers_4) { transformation: [-0.9992290362407229f,0.0392598157590686f,1.2246467991473532e-16f,0f,0.0392598157590686f,0.9992290362407229f,0f,0.016875f,-1.223702640847296e-16f,4.807940770445818e-18f,-1f,0f,0f,0f,0f,1f], start_interpolation: 0, interpolation_duration: 1 }