# This file was generated by Animated Java via MC-Build. It is not recommended to edit this file directly.
$data merge entity $(bone_body) { transformation: [-1.0325f,0f,1.2644478201196422e-16f,0f,0f,0.935f,0f,0f,-1.2644478201196422e-16f,0f,-1.0325f,0f,0f,0f,0f,1f], start_interpolation: 0, interpolation_duration: 1 }
$data merge entity $(bone_stingers_1) { transformation: [-1f,-5.208370063871703e-18f,1.2235387491982565e-16f,0f,0f,0.9990952085533004f,0.04252956907655312f,0.018281250000000002f,-1.2246467991473532e-16f,0.04252956907655312f,-0.9990952085533004f,0f,0f,0f,0f,1f], start_interpolation: 0, interpolation_duration: 1 }
$data merge entity $(bone_stingers_2) { transformation: [-0.9990952085533004f,-0.04252956907655312f,1.2246467991473532e-16f,0f,-0.04252956907655312f,0.9990952085533004f,0f,0.018281250000000002f,-1.2235387491982565e-16f,-5.208370063871703e-18f,-1f,0f,0f,0f,0f,1f], start_interpolation: 0, interpolation_duration: 1 }
$data merge entity $(bone_stingers_3) { transformation: [-1f,5.208370063871703e-18f,1.2235387491982565e-16f,0f,0f,0.9990952085533004f,-0.04252956907655312f,0.018281250000000002f,-1.2246467991473532e-16f,-0.04252956907655312f,-0.9990952085533004f,0f,0f,0f,0f,1f], start_interpolation: 0, interpolation_duration: 1 }
$data merge entity $(bone_stingers_4) { transformation: [-0.9990952085533004f,0.04252956907655312f,1.2246467991473532e-16f,0f,0.04252956907655312f,0.9990952085533004f,0f,0.018281250000000002f,-1.2235387491982565e-16f,5.208370063871703e-18f,-1f,0f,0f,0f,0f,1f], start_interpolation: 0, interpolation_duration: 1 }