# This file was generated by Animated Java via MC-Build. It is not recommended to edit this file directly.
$data merge entity $(bone_body) { transformation: [-1.0375f,0f,1.270571054115379e-16f,0f,0f,0.925f,0f,0f,-1.270571054115379e-16f,0f,-1.0375f,0f,0f,0f,0f,1f], start_interpolation: 0, interpolation_duration: 1 }
$data merge entity $(bone_stingers_1) { transformation: [-1f,-6.009057030667723e-18f,1.2231716584445847e-16f,0f,0f,0.9987954562051724f,0.049067674327418015f,0.02109375f,-1.2246467991473532e-16f,0.049067674327418015f,-0.9987954562051724f,0f,0f,0f,0f,1f], start_interpolation: 0, interpolation_duration: 1 }
$data merge entity $(bone_stingers_2) { transformation: [-0.9987954562051724f,-0.049067674327418015f,1.2246467991473532e-16f,0f,-0.049067674327418015f,0.9987954562051724f,0f,0.02109375f,-1.2231716584445847e-16f,-6.009057030667723e-18f,-1f,0f,0f,0f,0f,1f], start_interpolation: 0, interpolation_duration: 1 }
$data merge entity $(bone_stingers_3) { transformation: [-1f,6.009057030667723e-18f,1.2231716584445847e-16f,0f,0f,0.9987954562051724f,-0.049067674327418015f,0.02109375f,-1.2246467991473532e-16f,-0.049067674327418015f,-0.9987954562051724f,0f,0f,0f,0f,1f], start_interpolation: 0, interpolation_duration: 1 }
$data merge entity $(bone_stingers_4) { transformation: [-0.9987954562051724f,0.049067674327418015f,1.2246467991473532e-16f,0f,0.049067674327418015f,0.9987954562051724f,0f,0.02109375f,-1.2231716584445847e-16f,6.009057030667723e-18f,-1f,0f,0f,0f,0f,1f], start_interpolation: 0, interpolation_duration: 1 }