# This file was generated by Animated Java via MC-Build. It is not recommended to edit this file directly.
$data merge entity $(bone_body) { transformation: [-1.045f,0f,1.279755905108984e-16f,0f,0f,0.91f,0f,0f,-1.279755905108984e-16f,0f,-1.045f,0f,0f,0f,0f,1f], start_interpolation: 0, interpolation_duration: 1 }
$data merge entity $(bone_stingers_1) { transformation: [-1f,-7.209594125466095e-18f,1.222522784211592e-16f,0f,0f,0.9982656101847159f,0.058870803651189026f,0.0253125f,-1.2246467991473532e-16f,0.058870803651189026f,-0.9982656101847159f,0f,0f,0f,0f,1f], start_interpolation: 0, interpolation_duration: 1 }
$data merge entity $(bone_stingers_2) { transformation: [-0.9982656101847159f,-0.058870803651189026f,1.2246467991473532e-16f,0f,-0.058870803651189026f,0.9982656101847159f,0f,0.0253125f,-1.222522784211592e-16f,-7.209594125466095e-18f,-1f,0f,0f,0f,0f,1f], start_interpolation: 0, interpolation_duration: 1 }
$data merge entity $(bone_stingers_3) { transformation: [-1f,7.209594125466095e-18f,1.222522784211592e-16f,0f,0f,0.9982656101847159f,-0.058870803651189026f,0.0253125f,-1.2246467991473532e-16f,-0.058870803651189026f,-0.9982656101847159f,0f,0f,0f,0f,1f], start_interpolation: 0, interpolation_duration: 1 }
$data merge entity $(bone_stingers_4) { transformation: [-0.9982656101847159f,0.058870803651189026f,1.2246467991473532e-16f,0f,0.058870803651189026f,0.9982656101847159f,0f,0.0253125f,-1.222522784211592e-16f,7.209594125466095e-18f,-1f,0f,0f,0f,0f,1f], start_interpolation: 0, interpolation_duration: 1 }