# This file was generated by Animated Java via MC-Build. It is not recommended to edit this file directly.
$data merge entity $(bone_body) { transformation: [-1.0525f,0f,1.2889407561025892e-16f,0f,0f,0.895f,0f,0f,-1.2889407561025892e-16f,0f,-1.0525f,0f,0f,0f,0f,1f], start_interpolation: 0, interpolation_duration: 1 }
$data merge entity $(bone_stingers_1) { transformation: [-1f,-8.409436344577014e-18f,1.221756080688166e-16f,0f,0f,0.9976395492470157f,0.06866825888437376f,0.029531250000000002f,-1.2246467991473532e-16f,0.06866825888437376f,-0.9976395492470157f,0f,0f,0f,0f,1f], start_interpolation: 0, interpolation_duration: 1 }
$data merge entity $(bone_stingers_2) { transformation: [-0.9976395492470157f,-0.06866825888437376f,1.2246467991473532e-16f,0f,-0.06866825888437376f,0.9976395492470157f,0f,0.029531250000000002f,-1.221756080688166e-16f,-8.409436344577014e-18f,-1f,0f,0f,0f,0f,1f], start_interpolation: 0, interpolation_duration: 1 }
$data merge entity $(bone_stingers_3) { transformation: [-1f,8.409436344577014e-18f,1.221756080688166e-16f,0f,0f,0.9976395492470157f,-0.06866825888437376f,0.029531250000000002f,-1.2246467991473532e-16f,-0.06866825888437376f,-0.9976395492470157f,0f,0f,0f,0f,1f], start_interpolation: 0, interpolation_duration: 1 }
$data merge entity $(bone_stingers_4) { transformation: [-0.9976395492470157f,0.06866825888437376f,1.2246467991473532e-16f,0f,0.06866825888437376f,0.9976395492470157f,0f,0.029531250000000002f,-1.221756080688166e-16f,8.409436344577014e-18f,-1f,0f,0f,0f,0f,1f], start_interpolation: 0, interpolation_duration: 1 }