# This file was generated by Animated Java via MC-Build. It is not recommended to edit this file directly.
$data merge entity $(bone_body) { transformation: [-1.0550000000000002f,0f,1.2920023731004579e-16f,0f,0f,0.89f,0f,0f,-1.2920023731004579e-16f,0f,-1.0550000000000002f,0f,0f,0f,0f,1f], start_interpolation: 0, interpolation_duration: 1 }
$data merge entity $(bone_stingers_1) { transformation: [-1f,-8.809209344255316e-18f,1.2214743410054776e-16f,0f,0f,0.9974094913373519f,0.0719326531567194f,0.030937500000000003f,-1.2246467991473532e-16f,0.0719326531567194f,-0.9974094913373519f,0f,0f,0f,0f,1f], start_interpolation: 0, interpolation_duration: 1 }
$data merge entity $(bone_stingers_2) { transformation: [-0.9974094913373519f,-0.0719326531567194f,1.2246467991473532e-16f,0f,-0.0719326531567194f,0.9974094913373519f,0f,0.030937500000000003f,-1.2214743410054776e-16f,-8.809209344255316e-18f,-1f,0f,0f,0f,0f,1f], start_interpolation: 0, interpolation_duration: 1 }
$data merge entity $(bone_stingers_3) { transformation: [-1f,8.809209344255316e-18f,1.2214743410054776e-16f,0f,0f,0.9974094913373519f,-0.0719326531567194f,0.030937500000000003f,-1.2246467991473532e-16f,-0.0719326531567194f,-0.9974094913373519f,0f,0f,0f,0f,1f], start_interpolation: 0, interpolation_duration: 1 }
$data merge entity $(bone_stingers_4) { transformation: [-0.9974094913373519f,0.0719326531567194f,1.2246467991473532e-16f,0f,0.0719326531567194f,0.9974094913373519f,0f,0.030937500000000003f,-1.2214743410054776e-16f,8.809209344255316e-18f,-1f,0f,0f,0f,0f,1f], start_interpolation: 0, interpolation_duration: 1 }