# This file was generated by Animated Java via MC-Build. It is not recommended to edit this file directly.
$data merge entity $(bone_body) { transformation: [-1.0575f,0f,1.295063990098326e-16f,0f,0f,0.885f,0f,0f,-1.295063990098326e-16f,0f,-1.0575f,0f,0f,0f,0f,1f], start_interpolation: 0, interpolation_duration: 1 }
$data merge entity $(bone_stingers_1) { transformation: [-1f,-9.208888004378797e-18f,1.2211795203139212e-16f,0f,0f,0.9971687519733476f,0.07519627708813989f,0.03234375f,-1.2246467991473532e-16f,0.07519627708813989f,-0.9971687519733476f,0f,0f,0f,0f,1f], start_interpolation: 0, interpolation_duration: 1 }
$data merge entity $(bone_stingers_2) { transformation: [-0.9971687519733476f,-0.07519627708813989f,1.2246467991473532e-16f,0f,-0.07519627708813989f,0.9971687519733476f,0f,0.03234375f,-1.2211795203139212e-16f,-9.208888004378797e-18f,-1f,0f,0f,0f,0f,1f], start_interpolation: 0, interpolation_duration: 1 }
$data merge entity $(bone_stingers_3) { transformation: [-1f,9.208888004378797e-18f,1.2211795203139212e-16f,0f,0f,0.9971687519733476f,-0.07519627708813989f,0.03234375f,-1.2246467991473532e-16f,-0.07519627708813989f,-0.9971687519733476f,0f,0f,0f,0f,1f], start_interpolation: 0, interpolation_duration: 1 }
$data merge entity $(bone_stingers_4) { transformation: [-0.9971687519733476f,0.07519627708813989f,1.2246467991473532e-16f,0f,0.07519627708813989f,0.9971687519733476f,0f,0.03234375f,-1.2211795203139212e-16f,9.208888004378797e-18f,-1f,0f,0f,0f,0f,1f], start_interpolation: 0, interpolation_duration: 1 }