# This file was generated by Animated Java via MC-Build. It is not recommended to edit this file directly.
$data merge entity $(bone_body) { transformation: [-1.0625f,0f,1.3011872240940627e-16f,0f,0f,0.875f,0f,0f,-1.3011872240940627e-16f,0f,-1.0625f,0f,0f,0f,0f,1f], start_interpolation: 0, interpolation_duration: 1 }
$data merge entity $(bone_stingers_1) { transformation: [-1f,-1.0007945186068036e-17f,1.220550648673427e-16f,0f,0f,0.9966552393091803f,0.08172107413366823f,0.03515625f,-1.2246467991473532e-16f,0.08172107413366823f,-0.9966552393091803f,0f,0f,0f,0f,1f], start_interpolation: 0, interpolation_duration: 1 }
$data merge entity $(bone_stingers_2) { transformation: [-0.9966552393091803f,-0.08172107413366823f,1.2246467991473532e-16f,0f,-0.08172107413366823f,0.9966552393091803f,0f,0.03515625f,-1.220550648673427e-16f,-1.0007945186068036e-17f,-1f,0f,0f,0f,0f,1f], start_interpolation: 0, interpolation_duration: 1 }
$data merge entity $(bone_stingers_3) { transformation: [-1f,1.0007945186068036e-17f,1.220550648673427e-16f,0f,0f,0.9966552393091803f,-0.08172107413366823f,0.03515625f,-1.2246467991473532e-16f,-0.08172107413366823f,-0.9966552393091803f,0f,0f,0f,0f,1f], start_interpolation: 0, interpolation_duration: 1 }
$data merge entity $(bone_stingers_4) { transformation: [-0.9966552393091803f,0.08172107413366823f,1.2246467991473532e-16f,0f,0.08172107413366823f,0.9966552393091803f,0f,0.03515625f,-1.220550648673427e-16f,1.0007945186068036e-17f,-1f,0f,0f,0f,0f,1f], start_interpolation: 0, interpolation_duration: 1 }