# This file was generated by Animated Java via MC-Build. It is not recommended to edit this file directly.
$data merge entity $(bone_body) { transformation: [-1.0675000000000001f,0f,1.3073104580897998e-16f,0f,0f,0.865f,0f,0f,-1.3073104580897998e-16f,0f,-1.0675000000000001f,0f,0f,0f,0f,1f], start_interpolation: 0, interpolation_duration: 1 }
$data merge entity $(bone_stingers_1) { transformation: [-1f,-1.0806573660694528e-17f,1.2198694927054517e-16f,0f,0f,0.9960990332516871f,0.08824237052036951f,0.03796875f,-1.2246467991473532e-16f,0.08824237052036951f,-0.9960990332516871f,0f,0f,0f,0f,1f], start_interpolation: 0, interpolation_duration: 1 }
$data merge entity $(bone_stingers_2) { transformation: [-0.9960990332516871f,-0.08824237052036951f,1.2246467991473532e-16f,0f,-0.08824237052036951f,0.9960990332516871f,0f,0.03796875f,-1.2198694927054517e-16f,-1.0806573660694528e-17f,-1f,0f,0f,0f,0f,1f], start_interpolation: 0, interpolation_duration: 1 }
$data merge entity $(bone_stingers_3) { transformation: [-1f,1.0806573660694528e-17f,1.2198694927054517e-16f,0f,0f,0.9960990332516871f,-0.08824237052036951f,0.03796875f,-1.2246467991473532e-16f,-0.08824237052036951f,-0.9960990332516871f,0f,0f,0f,0f,1f], start_interpolation: 0, interpolation_duration: 1 }
$data merge entity $(bone_stingers_4) { transformation: [-0.9960990332516871f,0.08824237052036951f,1.2246467991473532e-16f,0f,0.08824237052036951f,0.9960990332516871f,0f,0.03796875f,-1.2198694927054517e-16f,1.0806573660694528e-17f,-1f,0f,0f,0f,0f,1f], start_interpolation: 0, interpolation_duration: 1 }