# This file was generated by Animated Java via MC-Build. It is not recommended to edit this file directly.
$data merge entity $(bone_body) { transformation: [-1.07f,0f,1.310372075087668e-16f,0f,0f,0.8600000000000001f,0f,0f,-1.310372075087668e-16f,0f,-1.07f,0f,0f,0f,0f,1f], start_interpolation: 0, interpolation_duration: 1 }
$data merge entity $(bone_stingers_1) { transformation: [-1f,-1.1205716441293746e-17f,1.2195093171294713e-16f,0f,0f,0.9958049275746618f,0.0915016186634024f,0.039375f,-1.2246467991473532e-16f,0.0915016186634024f,-0.9958049275746618f,0f,0f,0f,0f,1f], start_interpolation: 0, interpolation_duration: 1 }
$data merge entity $(bone_stingers_2) { transformation: [-0.9958049275746618f,-0.0915016186634024f,1.2246467991473532e-16f,0f,-0.0915016186634024f,0.9958049275746618f,0f,0.039375f,-1.2195093171294713e-16f,-1.1205716441293746e-17f,-1f,0f,0f,0f,0f,1f], start_interpolation: 0, interpolation_duration: 1 }
$data merge entity $(bone_stingers_3) { transformation: [-1f,1.1205716441293746e-17f,1.2195093171294713e-16f,0f,0f,0.9958049275746618f,-0.0915016186634024f,0.039375f,-1.2246467991473532e-16f,-0.0915016186634024f,-0.9958049275746618f,0f,0f,0f,0f,1f], start_interpolation: 0, interpolation_duration: 1 }
$data merge entity $(bone_stingers_4) { transformation: [-0.9958049275746618f,0.0915016186634024f,1.2246467991473532e-16f,0f,0.0915016186634024f,0.9958049275746618f,0f,0.039375f,-1.2195093171294713e-16f,1.1205716441293746e-17f,-1f,0f,0f,0f,0f,1f], start_interpolation: 0, interpolation_duration: 1 }