# This file was generated by Animated Java via MC-Build. It is not recommended to edit this file directly.
$data merge entity $(bone_body) { transformation: [-1.0725f,0f,1.3134336920855364e-16f,0f,0f,0.855f,0f,0f,-1.3134336920855364e-16f,0f,-1.0725f,0f,0f,0f,0f,1f], start_interpolation: 0, interpolation_duration: 1 }
$data merge entity $(bone_stingers_1) { transformation: [-1f,-1.1604739217672466e-17f,1.2191360815884498e-16f,0f,0f,0.9955001576268845f,0.09475988689761111f,0.04078125f,-1.2246467991473532e-16f,0.09475988689761111f,-0.9955001576268845f,0f,0f,0f,0f,1f], start_interpolation: 0, interpolation_duration: 1 }
$data merge entity $(bone_stingers_2) { transformation: [-0.9955001576268845f,-0.09475988689761111f,1.2246467991473532e-16f,0f,-0.09475988689761111f,0.9955001576268845f,0f,0.04078125f,-1.2191360815884498e-16f,-1.1604739217672466e-17f,-1f,0f,0f,0f,0f,1f], start_interpolation: 0, interpolation_duration: 1 }
$data merge entity $(bone_stingers_3) { transformation: [-1f,1.1604739217672466e-17f,1.2191360815884498e-16f,0f,0f,0.9955001576268845f,-0.09475988689761111f,0.04078125f,-1.2246467991473532e-16f,-0.09475988689761111f,-0.9955001576268845f,0f,0f,0f,0f,1f], start_interpolation: 0, interpolation_duration: 1 }
$data merge entity $(bone_stingers_4) { transformation: [-0.9955001576268845f,0.09475988689761111f,1.2246467991473532e-16f,0f,0.09475988689761111f,0.9955001576268845f,0f,0.04078125f,-1.2191360815884498e-16f,1.1604739217672466e-17f,-1f,0f,0f,0f,0f,1f], start_interpolation: 0, interpolation_duration: 1 }