# This file was generated by Animated Java via MC-Build. It is not recommended to edit this file directly.
$data merge entity $(bone_body) { transformation: [-1.08f,0f,1.3226185430791415e-16f,0f,0f,0.8400000000000001f,0f,0f,-1.3226185430791415e-16f,0f,-1.08f,0f,0f,0f,0f,1f], start_interpolation: 0, interpolation_duration: 1 }
$data merge entity $(bone_stingers_1) { transformation: [-1f,-1.2801044796052349e-17f,1.217938055844715e-16f,0f,0f,0.9945218953682733f,0.10452846326765346f,0.045000000000000005f,-1.2246467991473532e-16f,0.10452846326765346f,-0.9945218953682733f,0f,0f,0f,0f,1f], start_interpolation: 0, interpolation_duration: 1 }
$data merge entity $(bone_stingers_2) { transformation: [-0.9945218953682733f,-0.10452846326765346f,1.2246467991473532e-16f,0f,-0.10452846326765346f,0.9945218953682733f,0f,0.045000000000000005f,-1.217938055844715e-16f,-1.2801044796052349e-17f,-1f,0f,0f,0f,0f,1f], start_interpolation: 0, interpolation_duration: 1 }
$data merge entity $(bone_stingers_3) { transformation: [-1f,1.2801044796052349e-17f,1.217938055844715e-16f,0f,0f,0.9945218953682733f,-0.10452846326765346f,0.045000000000000005f,-1.2246467991473532e-16f,-0.10452846326765346f,-0.9945218953682733f,0f,0f,0f,0f,1f], start_interpolation: 0, interpolation_duration: 1 }
$data merge entity $(bone_stingers_4) { transformation: [-0.9945218953682733f,0.10452846326765346f,1.2246467991473532e-16f,0f,0.10452846326765346f,0.9945218953682733f,0f,0.045000000000000005f,-1.217938055844715e-16f,1.2801044796052349e-17f,-1f,0f,0f,0f,0f,1f], start_interpolation: 0, interpolation_duration: 1 }