# This file was generated by Animated Java via MC-Build. It is not recommended to edit this file directly.
$data merge entity $(bone_body) { transformation: [-1.085f,0f,1.328741777074878e-16f,0f,0f,0.8300000000000001f,0f,0f,-1.328741777074878e-16f,0f,-1.085f,0f,0f,0f,0f,1f], start_interpolation: 0, interpolation_duration: 1 }
$data merge entity $(bone_stingers_1) { transformation: [-1f,-1.359790352133349e-17f,1.2170741491972905e-16f,0f,0f,0.9938164620563781f,0.11103530855427769f,0.0478125f,-1.2246467991473532e-16f,0.11103530855427769f,-0.9938164620563781f,0f,0f,0f,0f,1f], start_interpolation: 0, interpolation_duration: 1 }
$data merge entity $(bone_stingers_2) { transformation: [-0.9938164620563781f,-0.11103530855427769f,1.2246467991473532e-16f,0f,-0.11103530855427769f,0.9938164620563781f,0f,0.0478125f,-1.2170741491972905e-16f,-1.359790352133349e-17f,-1f,0f,0f,0f,0f,1f], start_interpolation: 0, interpolation_duration: 1 }
$data merge entity $(bone_stingers_3) { transformation: [-1f,1.359790352133349e-17f,1.2170741491972905e-16f,0f,0f,0.9938164620563781f,-0.11103530855427769f,0.0478125f,-1.2246467991473532e-16f,-0.11103530855427769f,-0.9938164620563781f,0f,0f,0f,0f,1f], start_interpolation: 0, interpolation_duration: 1 }
$data merge entity $(bone_stingers_4) { transformation: [-0.9938164620563781f,0.11103530855427769f,1.2246467991473532e-16f,0f,0.11103530855427769f,0.9938164620563781f,0f,0.0478125f,-1.2170741491972905e-16f,1.359790352133349e-17f,-1f,0f,0f,0f,0f,1f], start_interpolation: 0, interpolation_duration: 1 }