# This file was generated by Animated Java via MC-Build. It is not recommended to edit this file directly.
$data merge entity $(bone_body) { transformation: [-1.0875000000000001f,0f,1.3318033940727468e-16f,0f,0f,0.8250000000000001f,0f,0f,-1.3318033940727468e-16f,0f,-1.0875000000000001f,0f,0f,0f,0f,1f], start_interpolation: 0, interpolation_duration: 1 }
$data merge entity $(bone_stingers_1) { transformation: [-1f,-1.3996116583091413e-17f,1.2166226426962095e-16f,0f,0f,0.9934477790194444f,0.1142869649668464f,0.04921875f,-1.2246467991473532e-16f,0.1142869649668464f,-0.9934477790194444f,0f,0f,0f,0f,1f], start_interpolation: 0, interpolation_duration: 1 }
$data merge entity $(bone_stingers_2) { transformation: [-0.9934477790194444f,-0.1142869649668464f,1.2246467991473532e-16f,0f,-0.1142869649668464f,0.9934477790194444f,0f,0.04921875f,-1.2166226426962095e-16f,-1.3996116583091413e-17f,-1f,0f,0f,0f,0f,1f], start_interpolation: 0, interpolation_duration: 1 }
$data merge entity $(bone_stingers_3) { transformation: [-1f,1.3996116583091413e-17f,1.2166226426962095e-16f,0f,0f,0.9934477790194444f,-0.1142869649668464f,0.04921875f,-1.2246467991473532e-16f,-0.1142869649668464f,-0.9934477790194444f,0f,0f,0f,0f,1f], start_interpolation: 0, interpolation_duration: 1 }
$data merge entity $(bone_stingers_4) { transformation: [-0.9934477790194444f,0.1142869649668464f,1.2246467991473532e-16f,0f,0.1142869649668464f,0.9934477790194444f,0f,0.04921875f,-1.2166226426962095e-16f,1.3996116583091413e-17f,-1f,0f,0f,0f,0f,1f], start_interpolation: 0, interpolation_duration: 1 }