# This file was generated by Animated Java via MC-Build. It is not recommended to edit this file directly.
$data merge entity $(bone_body) { transformation: [-1.0950000000000002f,0f,1.340988245066352e-16f,0f,0f,0.81f,0f,0f,-1.340988245066352e-16f,0f,-1.0950000000000002f,0f,0f,0f,0f,1f], start_interpolation: 0, interpolation_duration: 1 }
$data merge entity $(bone_stingers_1) { transformation: [-1f,-1.5189839395283464e-17f,1.2151899689251913e-16f,0f,0f,0.992277912105967f,0.12403445145048533f,0.0534375f,-1.2246467991473532e-16f,0.12403445145048533f,-0.992277912105967f,0f,0f,0f,0f,1f], start_interpolation: 0, interpolation_duration: 1 }
$data merge entity $(bone_stingers_2) { transformation: [-0.992277912105967f,-0.12403445145048533f,1.2246467991473532e-16f,0f,-0.12403445145048533f,0.992277912105967f,0f,0.0534375f,-1.2151899689251913e-16f,-1.5189839395283464e-17f,-1f,0f,0f,0f,0f,1f], start_interpolation: 0, interpolation_duration: 1 }
$data merge entity $(bone_stingers_3) { transformation: [-1f,1.5189839395283464e-17f,1.2151899689251913e-16f,0f,0f,0.992277912105967f,-0.12403445145048533f,0.0534375f,-1.2246467991473532e-16f,-0.12403445145048533f,-0.992277912105967f,0f,0f,0f,0f,1f], start_interpolation: 0, interpolation_duration: 1 }
$data merge entity $(bone_stingers_4) { transformation: [-0.992277912105967f,0.12403445145048533f,1.2246467991473532e-16f,0f,0.12403445145048533f,0.992277912105967f,0f,0.0534375f,-1.2151899689251913e-16f,1.5189839395283464e-17f,-1f,0f,0f,0f,0f,1f], start_interpolation: 0, interpolation_duration: 1 }