# This file was generated by Animated Java via MC-Build. It is not recommended to edit this file directly.
$data merge entity $(bone_body) { transformation: [-1.0975000000000001f,0f,1.3440498620642203e-16f,0f,0f,0.805f,0f,0f,-1.3440498620642203e-16f,0f,-1.0975000000000001f,0f,0f,0f,0f,1f], start_interpolation: 0, interpolation_duration: 1 }
$data merge entity $(bone_stingers_1) { transformation: [-1f,-1.5587427337412623e-17f,1.2146863766264712e-16f,0f,0f,0.991866697787626f,0.12728100337391318f,0.05484375f,-1.2246467991473532e-16f,0.12728100337391318f,-0.991866697787626f,0f,0f,0f,0f,1f], start_interpolation: 0, interpolation_duration: 1 }
$data merge entity $(bone_stingers_2) { transformation: [-0.991866697787626f,-0.12728100337391318f,1.2246467991473532e-16f,0f,-0.12728100337391318f,0.991866697787626f,0f,0.05484375f,-1.2146863766264712e-16f,-1.5587427337412623e-17f,-1f,0f,0f,0f,0f,1f], start_interpolation: 0, interpolation_duration: 1 }
$data merge entity $(bone_stingers_3) { transformation: [-1f,1.5587427337412623e-17f,1.2146863766264712e-16f,0f,0f,0.991866697787626f,-0.12728100337391318f,0.05484375f,-1.2246467991473532e-16f,-0.12728100337391318f,-0.991866697787626f,0f,0f,0f,0f,1f], start_interpolation: 0, interpolation_duration: 1 }
$data merge entity $(bone_stingers_4) { transformation: [-0.991866697787626f,0.12728100337391318f,1.2246467991473532e-16f,0f,0.12728100337391318f,0.991866697787626f,0f,0.05484375f,-1.2146863766264712e-16f,1.5587427337412623e-17f,-1f,0f,0f,0f,0f,1f], start_interpolation: 0, interpolation_duration: 1 }