# This file was generated by Animated Java via MC-Build. It is not recommended to edit this file directly.
$data merge entity $(bone_body) { transformation: [-1.1f,0f,1.3471114790620887e-16f,0f,0f,0.8f,0f,0f,-1.3471114790620887e-16f,0f,-1.1f,0f,0f,0f,0f,1f], start_interpolation: 0, interpolation_duration: 1 }
$data merge entity $(bone_stingers_1) { transformation: [-1f,-1.5984848350717833e-17f,1.2141697760125282e-16f,0f,0f,0.9914448613738104f,0.13052619222005157f,0.05625f,-1.2246467991473532e-16f,0.13052619222005157f,-0.9914448613738104f,0f,0f,0f,0f,1f], start_interpolation: 0, interpolation_duration: 1 }
$data merge entity $(bone_stingers_2) { transformation: [-0.9914448613738104f,-0.13052619222005157f,1.2246467991473532e-16f,0f,-0.13052619222005157f,0.9914448613738104f,0f,0.05625f,-1.2141697760125282e-16f,-1.5984848350717833e-17f,-1f,0f,0f,0f,0f,1f], start_interpolation: 0, interpolation_duration: 1 }
$data merge entity $(bone_stingers_3) { transformation: [-1f,1.5984848350717833e-17f,1.2141697760125282e-16f,0f,0f,0.9914448613738104f,-0.13052619222005157f,0.05625f,-1.2246467991473532e-16f,-0.13052619222005157f,-0.9914448613738104f,0f,0f,0f,0f,1f], start_interpolation: 0, interpolation_duration: 1 }
$data merge entity $(bone_stingers_4) { transformation: [-0.9914448613738104f,0.13052619222005157f,1.2246467991473532e-16f,0f,0.13052619222005157f,0.9914448613738104f,0f,0.05625f,-1.2141697760125282e-16f,1.5984848350717833e-17f,-1f,0f,0f,0f,0f,1f], start_interpolation: 0, interpolation_duration: 1 }