# This file was generated by Animated Java via MC-Build. It is not recommended to edit this file directly.
$data merge entity $(bone_body) { transformation: [-1.09f,0f,1.334865011070615e-16f,0f,0f,0.8200000000000001f,0f,0f,-1.334865011070615e-16f,0f,-1.09f,0f,0f,0f,0f,1f], start_interpolation: 0, interpolation_duration: 1 }
$data merge entity $(bone_stingers_1) { transformation: [-1f,-1.439417975768511e-17f,1.2161581071440516e-16f,0f,0f,0.9930684569549263f,0.11753739745783762f,0.050624999999999996f,-1.2246467991473532e-16f,0.11753739745783762f,-0.9930684569549263f,0f,0f,0f,0f,1f], start_interpolation: 0, interpolation_duration: 1 }
$data merge entity $(bone_stingers_2) { transformation: [-0.9930684569549263f,-0.11753739745783762f,1.2246467991473532e-16f,0f,-0.11753739745783762f,0.9930684569549263f,0f,0.050624999999999996f,-1.2161581071440516e-16f,-1.439417975768511e-17f,-1f,0f,0f,0f,0f,1f], start_interpolation: 0, interpolation_duration: 1 }
$data merge entity $(bone_stingers_3) { transformation: [-1f,1.439417975768511e-17f,1.2161581071440516e-16f,0f,0f,0.9930684569549263f,-0.11753739745783762f,0.050624999999999996f,-1.2246467991473532e-16f,-0.11753739745783762f,-0.9930684569549263f,0f,0f,0f,0f,1f], start_interpolation: 0, interpolation_duration: 1 }
$data merge entity $(bone_stingers_4) { transformation: [-0.9930684569549263f,0.11753739745783762f,1.2246467991473532e-16f,0f,0.11753739745783762f,0.9930684569549263f,0f,0.050624999999999996f,-1.2161581071440516e-16f,1.439417975768511e-17f,-1f,0f,0f,0f,0f,1f], start_interpolation: 0, interpolation_duration: 1 }