# This file was generated by Animated Java via MC-Build. It is not recommended to edit this file directly.
$data merge entity $(bone_body) { transformation: [-1.0850000000000002f,0f,1.3287417770748784e-16f,0f,0f,0.8300000000000001f,0f,0f,-1.3287417770748784e-16f,0f,-1.0850000000000002f,0f,0f,0f,0f,1f], start_interpolation: 0, interpolation_duration: 1 }
$data merge entity $(bone_stingers_1) { transformation: [-1f,-1.3597903521333492e-17f,1.2170741491972905e-16f,0f,0f,0.9938164620563781f,0.1110353085542777f,0.04781250000000001f,-1.2246467991473532e-16f,0.1110353085542777f,-0.9938164620563781f,0f,0f,0f,0f,1f], start_interpolation: 0, interpolation_duration: 1 }
$data merge entity $(bone_stingers_2) { transformation: [-0.9938164620563781f,-0.1110353085542777f,1.2246467991473532e-16f,0f,-0.1110353085542777f,0.9938164620563781f,0f,0.04781250000000001f,-1.2170741491972905e-16f,-1.3597903521333492e-17f,-1f,0f,0f,0f,0f,1f], start_interpolation: 0, interpolation_duration: 1 }
$data merge entity $(bone_stingers_3) { transformation: [-1f,1.3597903521333492e-17f,1.2170741491972905e-16f,0f,0f,0.9938164620563781f,-0.1110353085542777f,0.04781250000000001f,-1.2246467991473532e-16f,-0.1110353085542777f,-0.9938164620563781f,0f,0f,0f,0f,1f], start_interpolation: 0, interpolation_duration: 1 }
$data merge entity $(bone_stingers_4) { transformation: [-0.9938164620563781f,0.1110353085542777f,1.2246467991473532e-16f,0f,0.1110353085542777f,0.9938164620563781f,0f,0.04781250000000001f,-1.2170741491972905e-16f,1.3597903521333492e-17f,-1f,0f,0f,0f,0f,1f], start_interpolation: 0, interpolation_duration: 1 }