# This file was generated by Animated Java via MC-Build. It is not recommended to edit this file directly.
$data merge entity $(bone_body) { transformation: [-1.0775000000000001f,0f,1.3195569260812733e-16f,0f,0f,0.8450000000000001f,0f,0f,-1.3195569260812733e-16f,0f,-1.0775000000000001f,0f,0f,0f,0f,1f], start_interpolation: 0, interpolation_duration: 1 }
$data merge entity $(bone_stingers_1) { transformation: [-1f,-1.240240766624589e-17f,1.2183504467393123e-16f,0f,0f,0.9948586380886109f,0.10127334407668341f,0.043593749999999994f,-1.2246467991473532e-16f,0.10127334407668341f,-0.9948586380886109f,0f,0f,0f,0f,1f], start_interpolation: 0, interpolation_duration: 1 }
$data merge entity $(bone_stingers_2) { transformation: [-0.9948586380886109f,-0.10127334407668341f,1.2246467991473532e-16f,0f,-0.10127334407668341f,0.9948586380886109f,0f,0.043593749999999994f,-1.2183504467393123e-16f,-1.240240766624589e-17f,-1f,0f,0f,0f,0f,1f], start_interpolation: 0, interpolation_duration: 1 }
$data merge entity $(bone_stingers_3) { transformation: [-1f,1.240240766624589e-17f,1.2183504467393123e-16f,0f,0f,0.9948586380886109f,-0.10127334407668341f,0.043593749999999994f,-1.2246467991473532e-16f,-0.10127334407668341f,-0.9948586380886109f,0f,0f,0f,0f,1f], start_interpolation: 0, interpolation_duration: 1 }
$data merge entity $(bone_stingers_4) { transformation: [-0.9948586380886109f,0.10127334407668341f,1.2246467991473532e-16f,0f,0.10127334407668341f,0.9948586380886109f,0f,0.043593749999999994f,-1.2183504467393123e-16f,1.240240766624589e-17f,-1f,0f,0f,0f,0f,1f], start_interpolation: 0, interpolation_duration: 1 }