# This file was generated by Animated Java via MC-Build. It is not recommended to edit this file directly.
$data merge entity $(bone_body) { transformation: [-1.0750000000000002f,0f,1.3164953090834049e-16f,0f,0f,0.8500000000000001f,0f,0f,-1.3164953090834049e-16f,0f,-1.0750000000000002f,0f,0f,0f,0f,1f], start_interpolation: 0, interpolation_duration: 1 }
$data merge entity $(bone_stingers_1) { transformation: [-1f,-1.2003637716617333e-17f,1.2187497900794394e-16f,0f,0f,0.9951847266721969f,0.0980171403295606f,0.0421875f,-1.2246467991473532e-16f,0.0980171403295606f,-0.9951847266721969f,0f,0f,0f,0f,1f], start_interpolation: 0, interpolation_duration: 1 }
$data merge entity $(bone_stingers_2) { transformation: [-0.9951847266721969f,-0.0980171403295606f,1.2246467991473532e-16f,0f,-0.0980171403295606f,0.9951847266721969f,0f,0.0421875f,-1.2187497900794394e-16f,-1.2003637716617333e-17f,-1f,0f,0f,0f,0f,1f], start_interpolation: 0, interpolation_duration: 1 }
$data merge entity $(bone_stingers_3) { transformation: [-1f,1.2003637716617333e-17f,1.2187497900794394e-16f,0f,0f,0.9951847266721969f,-0.0980171403295606f,0.0421875f,-1.2246467991473532e-16f,-0.0980171403295606f,-0.9951847266721969f,0f,0f,0f,0f,1f], start_interpolation: 0, interpolation_duration: 1 }
$data merge entity $(bone_stingers_4) { transformation: [-0.9951847266721969f,0.0980171403295606f,1.2246467991473532e-16f,0f,0.0980171403295606f,0.9951847266721969f,0f,0.0421875f,-1.2187497900794394e-16f,1.2003637716617333e-17f,-1f,0f,0f,0f,0f,1f], start_interpolation: 0, interpolation_duration: 1 }