# This file was generated by Animated Java via MC-Build. It is not recommended to edit this file directly.
$data merge entity $(bone_body) { transformation: [-1.065f,0f,1.304248841091931e-16f,0f,0f,0.8700000000000001f,0f,0f,-1.304248841091931e-16f,0f,-1.065f,0f,0f,0f,0f,1f], start_interpolation: 0, interpolation_duration: 1 }
$data merge entity $(bone_stingers_1) { transformation: [-1f,-1.040731515037333e-17f,1.2202166044591995e-16f,0f,0f,0.9963824715083254f,0.08498217737244165f,0.0365625f,-1.2246467991473532e-16f,0.08498217737244165f,-0.9963824715083254f,0f,0f,0f,0f,1f], start_interpolation: 0, interpolation_duration: 1 }
$data merge entity $(bone_stingers_2) { transformation: [-0.9963824715083254f,-0.08498217737244165f,1.2246467991473532e-16f,0f,-0.08498217737244165f,0.9963824715083254f,0f,0.0365625f,-1.2202166044591995e-16f,-1.040731515037333e-17f,-1f,0f,0f,0f,0f,1f], start_interpolation: 0, interpolation_duration: 1 }
$data merge entity $(bone_stingers_3) { transformation: [-1f,1.040731515037333e-17f,1.2202166044591995e-16f,0f,0f,0.9963824715083254f,-0.08498217737244165f,0.0365625f,-1.2246467991473532e-16f,-0.08498217737244165f,-0.9963824715083254f,0f,0f,0f,0f,1f], start_interpolation: 0, interpolation_duration: 1 }
$data merge entity $(bone_stingers_4) { transformation: [-0.9963824715083254f,0.08498217737244165f,1.2246467991473532e-16f,0f,0.08498217737244165f,0.9963824715083254f,0f,0.0365625f,-1.2202166044591995e-16f,1.040731515037333e-17f,-1f,0f,0f,0f,0f,1f], start_interpolation: 0, interpolation_duration: 1 }