# This file was generated by Animated Java via MC-Build. It is not recommended to edit this file directly.
$data merge entity $(bone_body) { transformation: [-1.06f,0f,1.2981256070961945e-16f,0f,0f,0.88f,0f,0f,-1.2981256070961945e-16f,0f,-1.06f,0f,0f,0f,0f,1f], start_interpolation: 0, interpolation_duration: 1 }
$data merge entity $(bone_stingers_1) { transformation: [-1f,-9.60846804471011e-18f,1.220871621770789e-16f,0f,0f,0.996917333733128f,0.07845909572784496f,0.03375f,-1.2246467991473532e-16f,0.07845909572784496f,-0.996917333733128f,0f,0f,0f,0f,1f], start_interpolation: 0, interpolation_duration: 1 }
$data merge entity $(bone_stingers_2) { transformation: [-0.996917333733128f,-0.07845909572784496f,1.2246467991473532e-16f,0f,-0.07845909572784496f,0.996917333733128f,0f,0.03375f,-1.220871621770789e-16f,-9.60846804471011e-18f,-1f,0f,0f,0f,0f,1f], start_interpolation: 0, interpolation_duration: 1 }
$data merge entity $(bone_stingers_3) { transformation: [-1f,9.60846804471011e-18f,1.220871621770789e-16f,0f,0f,0.996917333733128f,-0.07845909572784496f,0.03375f,-1.2246467991473532e-16f,-0.07845909572784496f,-0.996917333733128f,0f,0f,0f,0f,1f], start_interpolation: 0, interpolation_duration: 1 }
$data merge entity $(bone_stingers_4) { transformation: [-0.996917333733128f,0.07845909572784496f,1.2246467991473532e-16f,0f,0.07845909572784496f,0.996917333733128f,0f,0.03375f,-1.220871621770789e-16f,9.60846804471011e-18f,-1f,0f,0f,0f,0f,1f], start_interpolation: 0, interpolation_duration: 1 }