# This file was generated by Animated Java via MC-Build. It is not recommended to edit this file directly.
$data merge entity $(bone_body) { transformation: [-1.05f,0f,1.285879139104721e-16f,0f,0f,0.9f,0f,0f,-1.285879139104721e-16f,0f,-1.05f,0f,0f,0f,0f,1f], start_interpolation: 0, interpolation_duration: 1 }
$data merge entity $(bone_stingers_1) { transformation: [-1f,-8.00957328659154e-18f,1.2220247363447802e-16f,0f,0f,0.9978589232386035f,0.06540312923014306f,0.028125f,-1.2246467991473532e-16f,0.06540312923014306f,-0.9978589232386035f,0f,0f,0f,0f,1f], start_interpolation: 0, interpolation_duration: 1 }
$data merge entity $(bone_stingers_2) { transformation: [-0.9978589232386035f,-0.06540312923014306f,1.2246467991473532e-16f,0f,-0.06540312923014306f,0.9978589232386035f,0f,0.028125f,-1.2220247363447802e-16f,-8.00957328659154e-18f,-1f,0f,0f,0f,0f,1f], start_interpolation: 0, interpolation_duration: 1 }
$data merge entity $(bone_stingers_3) { transformation: [-1f,8.00957328659154e-18f,1.2220247363447802e-16f,0f,0f,0.9978589232386035f,-0.06540312923014306f,0.028125f,-1.2246467991473532e-16f,-0.06540312923014306f,-0.9978589232386035f,0f,0f,0f,0f,1f], start_interpolation: 0, interpolation_duration: 1 }
$data merge entity $(bone_stingers_4) { transformation: [-0.9978589232386035f,0.06540312923014306f,1.2246467991473532e-16f,0f,0.06540312923014306f,0.9978589232386035f,0f,0.028125f,-1.2220247363447802e-16f,8.00957328659154e-18f,-1f,0f,0f,0f,0f,1f], start_interpolation: 0, interpolation_duration: 1 }