# This file was generated by Animated Java via MC-Build. It is not recommended to edit this file directly.
$data merge entity $(bone_body) { transformation: [-1.0475f,0f,1.2828175221068525e-16f,0f,0f,0.905f,0f,0f,-1.2828175221068525e-16f,0f,-1.0475f,0f,0f,0f,0f,1f], start_interpolation: 0, interpolation_duration: 1 }
$data merge entity $(bone_stingers_1) { transformation: [-1f,-7.609624452511004e-18f,1.222280305098234e-16f,0f,0f,0.9980676109627962f,0.062137299160942745f,0.026718750000000006f,-1.2246467991473532e-16f,0.062137299160942745f,-0.9980676109627962f,0f,0f,0f,0f,1f], start_interpolation: 0, interpolation_duration: 1 }
$data merge entity $(bone_stingers_2) { transformation: [-0.9980676109627962f,-0.062137299160942745f,1.2246467991473532e-16f,0f,-0.062137299160942745f,0.9980676109627962f,0f,0.026718750000000006f,-1.222280305098234e-16f,-7.609624452511004e-18f,-1f,0f,0f,0f,0f,1f], start_interpolation: 0, interpolation_duration: 1 }
$data merge entity $(bone_stingers_3) { transformation: [-1f,7.609624452511004e-18f,1.222280305098234e-16f,0f,0f,0.9980676109627962f,-0.062137299160942745f,0.026718750000000006f,-1.2246467991473532e-16f,-0.062137299160942745f,-0.9980676109627962f,0f,0f,0f,0f,1f], start_interpolation: 0, interpolation_duration: 1 }
$data merge entity $(bone_stingers_4) { transformation: [-0.9980676109627962f,0.062137299160942745f,1.2246467991473532e-16f,0f,0.062137299160942745f,0.9980676109627962f,0f,0.026718750000000006f,-1.222280305098234e-16f,7.609624452511004e-18f,-1f,0f,0f,0f,0f,1f], start_interpolation: 0, interpolation_duration: 1 }