# This file was generated by Animated Java via MC-Build. It is not recommended to edit this file directly.
$data merge entity $(bone_body) { transformation: [-1.04f,0f,1.2736326711132475e-16f,0f,0f,0.92f,0f,0f,-1.2736326711132475e-16f,0f,-1.04f,0f,0f,0f,0f,1f], start_interpolation: 0, interpolation_duration: 1 }
$data merge entity $(bone_stingers_1) { transformation: [-1f,-6.409306129323708e-18f,1.2229684632711994e-16f,0f,0f,0.9986295347545738f,0.052335956242943814f,0.022499999999999992f,-1.2246467991473532e-16f,0.052335956242943814f,-0.9986295347545738f,0f,0f,0f,0f,1f], start_interpolation: 0, interpolation_duration: 1 }
$data merge entity $(bone_stingers_2) { transformation: [-0.9986295347545738f,-0.052335956242943814f,1.2246467991473532e-16f,0f,-0.052335956242943814f,0.9986295347545738f,0f,0.022499999999999992f,-1.2229684632711994e-16f,-6.409306129323708e-18f,-1f,0f,0f,0f,0f,1f], start_interpolation: 0, interpolation_duration: 1 }
$data merge entity $(bone_stingers_3) { transformation: [-1f,6.409306129323708e-18f,1.2229684632711994e-16f,0f,0f,0.9986295347545738f,-0.052335956242943814f,0.022499999999999992f,-1.2246467991473532e-16f,-0.052335956242943814f,-0.9986295347545738f,0f,0f,0f,0f,1f], start_interpolation: 0, interpolation_duration: 1 }
$data merge entity $(bone_stingers_4) { transformation: [-0.9986295347545738f,0.052335956242943814f,1.2246467991473532e-16f,0f,0.052335956242943814f,0.9986295347545738f,0f,0.022499999999999992f,-1.2229684632711994e-16f,6.409306129323708e-18f,-1f,0f,0f,0f,0f,1f], start_interpolation: 0, interpolation_duration: 1 }