# This file was generated by Animated Java via MC-Build. It is not recommended to edit this file directly.
$data merge entity $(bone_body) { transformation: [-1.0350000000000001f,0f,1.2675094371175108e-16f,0f,0f,0.9299999999999999f,0f,0f,-1.2675094371175108e-16f,0f,-1.0350000000000001f,0f,0f,0f,0f,1f], start_interpolation: 0, interpolation_duration: 1 }
$data merge entity $(bone_stingers_1) { transformation: [-1f,-5.608743579838572e-18f,1.2233617544321956e-16f,0f,0f,0.9989506813588601f,0.04579886693652078f,0.019687500000000004f,-1.2246467991473532e-16f,0.04579886693652078f,-0.9989506813588601f,0f,0f,0f,0f,1f], start_interpolation: 0, interpolation_duration: 1 }
$data merge entity $(bone_stingers_2) { transformation: [-0.9989506813588601f,-0.04579886693652078f,1.2246467991473532e-16f,0f,-0.04579886693652078f,0.9989506813588601f,0f,0.019687500000000004f,-1.2233617544321956e-16f,-5.608743579838572e-18f,-1f,0f,0f,0f,0f,1f], start_interpolation: 0, interpolation_duration: 1 }
$data merge entity $(bone_stingers_3) { transformation: [-1f,5.608743579838572e-18f,1.2233617544321956e-16f,0f,0f,0.9989506813588601f,-0.04579886693652078f,0.019687500000000004f,-1.2246467991473532e-16f,-0.04579886693652078f,-0.9989506813588601f,0f,0f,0f,0f,1f], start_interpolation: 0, interpolation_duration: 1 }
$data merge entity $(bone_stingers_4) { transformation: [-0.9989506813588601f,0.04579886693652078f,1.2246467991473532e-16f,0f,0.04579886693652078f,0.9989506813588601f,0f,0.019687500000000004f,-1.2233617544321956e-16f,5.608743579838572e-18f,-1f,0f,0f,0f,0f,1f], start_interpolation: 0, interpolation_duration: 1 }