# This file was generated by Animated Java via MC-Build. It is not recommended to edit this file directly.
$data merge entity $(bone_body) { transformation: [-1f,-1.0673500138322974e-17f,1.2199866483456202e-16f,0f,0f,0.9961946980917455f,0.08715574274765818f,-0.134375f,-1.2246467991473532e-16f,0.08715574274765818f,-0.9961946980917455f,0f,0f,0f,0f,1f], start_interpolation: 0, interpolation_duration: 1 }
$data merge entity $(bone_wing_1) { transformation: [-0.681155441263304f,-0.6755902076156601f,-0.28214382185549053f,0.025f,-0.6551418916383943f,0.7344717739534478f,-0.17703196063463195f,-0.1250356747053899f,0.32682773238796603f,0.06425795390070163f,-0.9428968918724016f,0.000817085088259298f,0f,0f,0f,1f], start_interpolation: 0, interpolation_duration: 1 }
$data merge entity $(bone_wing_2) { transformation: [-0.681155441263304f,0.6755902076156601f,0.28214382185549075f,-0.025f,0.6551418916383943f,0.7344717739534478f,-0.17703196063463195f,-0.1250356747053899f,-0.3268277323879662f,0.0642579539007018f,-0.9428968918724016f,0.000817085088259292f,0f,0f,0f,1f], start_interpolation: 0, interpolation_duration: 1 }