# This file was generated by Animated Java via MC-Build. It is not recommended to edit this file directly.
$data merge entity $(bone_body) { transformation: [-0.9994891803241271f,-0.03151107270359142f,-0.005332045768138696f,0f,-0.031840115474497936f,0.9961920424329835f,0.08116416475127017f,-0.13223165294924555f,0.0027541716677046877f,0.08129247745191229f,-0.9966864841303684f,0f,0f,0f,0f,1f], start_interpolation: 0, interpolation_duration: 1 }
$data merge entity $(bone_wing_1) { transformation: [-0.6964137780802605f,-0.663424488468175f,-0.27363442363985985f,0.024691813201507012f,-0.6465944535647535f,0.7454790734084771f,-0.1617917294837296f,-0.12209634966457389f,0.31132533195883f,0.0642565110380178f,-0.9481284925947249f,0.0006932626844190601f,0f,0f,0f,1f], start_interpolation: 0, interpolation_duration: 1 }
$data merge entity $(bone_wing_2) { transformation: [-0.737859435886134f,0.6149750098966049f,0.2781531773618034f,-0.02528264581469935f,0.6009036890685738f,0.7862042642877567f,-0.1442137693825591f,-0.12368835543829879f,-0.3073730784203045f,0.06073377987922492f,-0.9496489870704897f,0.0008309712678042944f,0f,0f,0f,1f], start_interpolation: 0, interpolation_duration: 1 }