# This file was generated by Animated Java via MC-Build. It is not recommended to edit this file directly.
$data merge entity $(bone_body) { transformation: [-0.9995928041160781f,-0.028129516789455352f,-0.0047912675303879914f,0f,-0.0284284957884037f,0.9962048602973869f,0.08226601331699912f,-0.132625f,0.0024589807979554902f,0.08236872346379853f,-0.9965988896283096f,0f,0f,0f,0f,1f], start_interpolation: 0, interpolation_duration: 1 }
$data merge entity $(bone_wing_1) { transformation: [-0.6919768499802484f,-0.6674602138165702f,-0.2750725396388217f,0.02472610588300081f,-0.6498938813527236f,0.7418514229321369f,-0.16521019724537495f,-0.12257486704000191f,0.3143341885186922f,0.06444632856495472f,-0.9471223197997147f,0.0007107322625242235f,0f,0f,0f,1f], start_interpolation: 0, interpolation_duration: 1 }
$data merge entity $(bone_wing_2) { transformation: [-0.7293312175795555f,0.6245278376505745f,0.2793581125784982f,-0.025253534322803098f,0.6094717712232113f,0.7785956619148102f,-0.14944214709873577f,-0.1239962918294221f,-0.31083779555576035f,0.06126806057756662f,-0.9484862094975862f,0.0008336813024219981f,0f,0f,0f,1f], start_interpolation: 0, interpolation_duration: 1 }