# This file was generated by Animated Java via MC-Build. It is not recommended to edit this file directly.
$data merge entity $(bone_body) { transformation: [-0.9716180165012132f,-0.23649818407111636f,-0.005199898202141197f,0f,-0.23565864431593145f,0.9696132241965909f,-0.06569017295051723f,-0.0797625171467764f,0.020577496675387073f,-0.06260035458490575f,-0.9978265191086166f,0f,0f,0f,0f,1f], start_interpolation: 0, interpolation_duration: 1 }
$data merge entity $(bone_wing_1) { transformation: [-0.9412266548460647f,0.23723912328336164f,0.2404370657594803f,0.022073279936863616f,0.21276974310196023f,0.9692711385853322f,-0.12346050512540344f,-0.06478092706203509f,-0.26233837048287956f,-0.06504658553095519f,-0.9627811387242438f,-0.001101315741118168f,0f,0f,0f,1f], start_interpolation: 0, interpolation_duration: 1 }
$data merge entity $(bone_wing_2) { transformation: [-0.727961561527649f,-0.657157461973788f,-0.19548921993398086f,-0.026507620888197046f,-0.6176187943734028f,0.7523419717904561f,-0.22919114799484042f,-0.07656385927783166f,0.2976894183120575f,-0.04610452965401626f,-0.9535488359651071f,-0.00007244090734881425f,0f,0f,0f,1f], start_interpolation: 0, interpolation_duration: 1 }