# This file was generated by Animated Java via MC-Build. It is not recommended to edit this file directly.
$data merge entity $(bone_body) { transformation: [-0.9672010773199585f,-0.2540089379629446f,-0.0012391392369319493f,0f,-0.25304620425266017f,0.9639372895853133f,-0.08241674745002313f,-0.073625f,0.022129043007607596f,-0.07940000744242313f,-0.9965971825535684f,0f,0f,0f,0f,1f], start_interpolation: 0, interpolation_duration: 1 }
$data merge entity $(bone_wing_1) { transformation: [-0.886784859434343f,0.35094463262221703f,0.30074985937098897f,0.02179869313959636f,0.30458863497406263f,0.9331746013498878f,-0.19081647423667386f,-0.058261932803821186f,-0.3476181475738136f,-0.07760817114927496f,-0.9344188542876343f,-0.0012976011449629065f,0f,0f,0f,1f], start_interpolation: 0, interpolation_duration: 1 }
$data merge entity $(bone_wing_2) { transformation: [-0.6083761118304389f,-0.765761961483215f,-0.20853566817083527f,-0.026561360726401567f,-0.6957635596067345f,0.6410136727399871f,-0.3240594705972331f,-0.07091424301645419f,0.3818266303932237f,-0.052058521932266004f,-0.9227666739846992f,-0.00019114899458252661f,0f,0f,0f,1f], start_interpolation: 0, interpolation_duration: 1 }