# This file was generated by Animated Java via MC-Build. It is not recommended to edit this file directly.
$data merge entity $(bone_body) { transformation: [-0.9706318779905617f,-0.24053017116538444f,-0.004358232172120307f,0f,-0.23965712795388244f,0.9683678344690299f,-0.06948523718501733f,-0.078375f,0.020933667844208956f,-0.06640010485618643f,-0.9975734597640796f,0f,0f,0f,0f,1f], start_interpolation: 0, interpolation_duration: 1 }
$data merge entity $(bone_wing_1) { transformation: [-0.9304460430295427f,0.263231304708016f,0.2549106534305342f,0.022010826595088566f,0.23456759173983363f,0.9623205308247259f,-0.13753996095169058f,-0.06330512335300578f,-0.2815105786929525f,-0.06817973434191055f,-0.957132863247849f,-0.0011458426791319714f,0f,0f,0f,1f], start_interpolation: 0, interpolation_duration: 1 }
$data merge entity $(bone_wing_2) { transformation: [-0.7021795774818069f,-0.6832413946839779f,-0.20031234998812214f,-0.026520767304439523f,-0.6376765108963915f,0.7286285061071437f,-0.24993832747115124f,-0.07528797975069991f,0.31672149977302694f,-0.047767108750319906f,-0.9473150452215776f,-0.00009915928692152346f,0f,0f,0f,1f], start_interpolation: 0, interpolation_duration: 1 }