# This file was generated by Animated Java via MC-Build. It is not recommended to edit this file directly.
$data merge entity $(bone_body) { transformation: [-0.9773325704303392f,-0.2114941244980199f,-0.009554165523069756f,0f,-0.21091039406886275f,0.9765682591374647f,-0.042793000817174416f,-0.08807870370370369f,0.018380763034846773f,-0.03980792066960689f,-0.9990382760446264f,0f,0f,0f,0f,1f], start_interpolation: 0, interpolation_duration: 1 }
$data merge entity $(bone_wing_1) { transformation: [-0.98607427286814f,0.07930397214532439f,0.14617937060181457f,0.022450556843589545f,0.07198537065916308f,0.995904527712783f,-0.0547017192804898f,-0.0736506164225684f,-0.14991876066267337f,-0.0434171818886513f,-0.987744558840096f,-0.0008327183321487337f,0f,0f,0f,1f], start_interpolation: 0, interpolation_duration: 1 }
$data merge entity $(bone_wing_2) { transformation: [-0.8626175629523771f,-0.4843256998686424f,-0.14601217939902034f,-0.02641607167792742f,-0.47093689995600224f,0.8742720764571922f,-0.1177572612922869f,-0.08419613612601153f,0.18468723926122305f,-0.03281695863390451f,-0.9822492916159768f,0.00008631981959360502f,0f,0f,0f,1f], start_interpolation: 0, interpolation_duration: 1 }