# This file was generated by Animated Java via MC-Build. It is not recommended to edit this file directly.
$data merge entity $(bone_body) { transformation: [-0.9810890899969955f,-0.19319347759343425f,-0.011852329063207824f,0f,-0.19282767643383975f,0.980869361489255f,-0.02669799417161781f,-0.09387499999999999f,0.016783464779173283f,-0.023907653732989975f,-0.9995732786559421f,0f,0f,0f,0f,1f], start_interpolation: 0, interpolation_duration: 1 }
$data merge entity $(bone_wing_1) { transformation: [-0.9966133815786565f,-0.031408611459858876f,0.07599517606084429f,0.022716038397486444f,-0.033308590661762595f,0.999160169498852f,-0.02386406241930783f,-0.07985865782519223f,-0.07518181592966641f,-0.026314536157589753f,-0.9968225718453253f,-0.0006437208732261129f,0f,0f,0f,1f], start_interpolation: 0, interpolation_duration: 1 }
$data merge entity $(bone_wing_2) { transformation: [-0.9320655553798499f,-0.3498558786261172f,-0.09409922776091002f,-0.026338416102363333f,-0.34576266983073334f,0.9365711067720778f,-0.057295184014441f,-0.08950004164688422f,0.10817567483485063f,-0.020866867289388143f,-0.9939127714359807f,0.00019545236573255122f,0f,0f,0f,1f], start_interpolation: 0, interpolation_duration: 1 }