# This file was generated by Animated Java via MC-Build. It is not recommended to edit this file directly.
$data merge entity $(bone_body) { transformation: [-0.9943165164212745f,-0.1055834649773312f,-0.013667373384889415f,0f,-0.10606693605550588f,0.9934902611861144f,0.04155605857325002f,-0.11817129629629627f,0.009190769698917267f,0.04276953181561418f,-0.9990426902293088f,0f,0f,0f,0f,1f], start_interpolation: 0, interpolation_duration: 1 }
$data merge entity $(bone_wing_1) { transformation: [-0.8639137727075823f,-0.46666122923586384f,-0.18942093457224962f,0.023868067926369384f,-0.4657345658085144f,0.8833839271334771f,-0.05219340469245116f,-0.10620565169628882f,0.1916880474555115f,0.043129275559740596f,-0.9805078062169549f,0.00017119511829845097f,0f,0f,0f,1f], start_interpolation: 0, interpolation_duration: 1 }
$data merge entity $(bone_wing_2) { transformation: [-0.9460694810996639f,0.2705400154766421f,0.178215142335636f,-0.025847757894694345f,0.2726578393612074f,0.962023551429763f,-0.01297648370492463f,-0.11150899849906411f,-0.17495782225065198f,0.036315100445468276f,-0.9839059781874205f,0.0006307336032443144f,0f,0f,0f,1f], start_interpolation: 0, interpolation_duration: 1 }