# This file was generated by Animated Java via MC-Build. It is not recommended to edit this file directly.
$data merge entity $(bone_body) { transformation: [-0.9976726624621232f,-0.06740187146055898f,-0.010307584554726731f,0f,-0.06793149567673056f,0.9955692534665045f,0.06501671667555387f,-0.1264874828532236f,0.0058796658800389f,0.0655656104658623f,-0.9978309377110823f,0f,0f,0f,0f,1f], start_interpolation: 0, interpolation_duration: 1 }
$data merge entity $(bone_wing_1) { transformation: [-0.7673779077158136f,-0.5915450038717665f,-0.2473977670555096f,0.02430992401661034f,-0.5837909646880792f,0.8041463849859667f,-0.11196741071652674f,-0.11545573371005685f,0.2651777824371078f,0.058507263723007186f,-0.9624227988744782f,0.00046768595111648626f,0f,0f,0f,1f], start_interpolation: 0, interpolation_duration: 1 }
$data merge entity $(bone_wing_2) { transformation: [-0.842484479875401f,0.47773145457345595f,0.24898304858002912f,-0.02557370910649582f,0.4741754926625183f,0.8769533805538732f,-0.0781688588466766f,-0.11885230849389337f,-0.2556902487920357f,0.052205609337155054f,-0.9653481605236544f,0.0007616692451184313f,0f,0f,0f,1f], start_interpolation: 0, interpolation_duration: 1 }