# This file was generated by Animated Java via MC-Build. It is not recommended to edit this file directly.
$data merge entity $(bone_body) { transformation: [-0.9954870823367442f,-0.09401806664236906f,-0.012886894331344786f,0f,-0.09454316044427799f,0.9943048790437037f,0.04918737971363496f,-0.12087499999999998f,0.008188999565496728f,0.050183768837312806f,-0.9987064281516362f,0f,0f,0f,0f,1f], start_interpolation: 0, interpolation_duration: 1 }
$data merge entity $(bone_wing_1) { transformation: [-0.8344163179827544f,-0.5092282891957403f,-0.2107983817937945f,0.0240057576836464f,-0.5068336239470145f,0.8592417412419149f,-0.06945003775591814f,-0.10918981274785831f,0.21649269253450373f,0.04888946297865874f,-0.9750593492135845f,0.00026574784371238906f,0f,0f,0f,1f], start_interpolation: 0, interpolation_duration: 1 }
$data merge entity $(bone_wing_2) { transformation: [-0.9183202215927715f,0.33911606619585033f,0.20417704146562277f,-0.025768596433190814f,0.3403731496547092f,0.9398104979107771f,-0.030039091378237417f,-0.11391697077007222f,-0.2020744655020419f,0.0419108776399257f,-0.9784729882462342f,0.0006751978219872255f,0f,0f,0f,1f], start_interpolation: 0, interpolation_duration: 1 }