# This file was generated by Animated Java via MC-Build. It is not recommended to edit this file directly.
$data merge entity $(bone_body) { transformation: [-0.9981557524089013f,-0.05997169265611452f,-0.009406913042042f,0f,-0.06047893458367994f,0.9957869956932367f,0.06892428947664868f,-0.12787499999999996f,0.0052337753718478845f,0.06936609610031721f,-0.9975775420022037f,0f,0f,0f,0f,1f], start_interpolation: 0, interpolation_duration: 1 }
$data merge entity $(bone_wing_1) { transformation: [-0.7500312424181947f,-0.6103717352948558f,-0.25475376375976394f,0.02439165919157146f,-0.6007582384245213f,0.7898146664134355f,-0.12362172820058785f,-0.11702752355078387f,0.2766634677034268f,0.06032526395616109f,-0.9590715240100367f,0.0005194627666442763f,0f,0f,0f,1f], start_interpolation: 0, interpolation_duration: 1 }
$data merge entity $(bone_wing_2) { transformation: [-0.8199264407270308f,0.5111453639492033f,0.257781009211189f,-0.025516128428873606f,0.5056334367200382f,0.8577681487391814f,-0.09256689839916309f,-0.12005147027996788f,-0.26843148002308853f,0.054444650075046834f,-0.9617589722018817f,0.0007811515352366706f,0f,0f,0f,1f], start_interpolation: 0, interpolation_duration: 1 }