# This file was generated by Animated Java via MC-Build. It is not recommended to edit this file directly.
$data merge entity $(bone_body) { transformation: [-0.9994891803241271f,0.03151107270359134f,0.005332045768138929f,0f,0.03184011547449787f,0.9961920424329835f,0.08116416475127018f,-0.13223165294924555f,-0.002754171667704926f,0.0812924774519123f,-0.9966864841303684f,0f,0f,0f,0f,1f], start_interpolation: 0, interpolation_duration: 1 }
$data merge entity $(bone_wing_1) { transformation: [-0.7378594358861339f,-0.614975009896605f,-0.2781531773618031f,0.02528264581469935f,-0.600903689068574f,0.7862042642877565f,-0.14421376938255914f,-0.12368835543829879f,0.30737307842030426f,0.06073377987922476f,-0.9496489870704897f,0.0008309712678043004f,0f,0f,0f,1f], start_interpolation: 0, interpolation_duration: 1 }
$data merge entity $(bone_wing_2) { transformation: [-0.6964137780802602f,0.6634244884681751f,0.27363442363986f,-0.024691813201507012f,0.6465944535647535f,0.7454790734084769f,-0.1617917294837296f,-0.12209634966457389f,-0.3113253319588301f,0.06425651103801795f,-0.9481284925947249f,0.0006932626844190542f,0f,0f,0f,1f], start_interpolation: 0, interpolation_duration: 1 }