# This file was generated by Animated Java via MC-Build. It is not recommended to edit this file directly.
$data merge entity $(bone_body) { transformation: [-0.9976726624621232f,-0.06740187146055898f,-0.010307584554726733f,0f,-0.06793149567673056f,0.9955692534665045f,0.06501671667555385f,-0.1264874828532236f,0.005879665880038903f,0.06556561046586229f,-0.9978309377110823f,0f,0f,0f,0f,1f], start_interpolation: 0, interpolation_duration: 1 }
$data merge entity $(bone_wing_1) { transformation: [-0.7673779077158136f,-0.5915450038717665f,-0.2473977670555096f,0.02430992401661034f,-0.5837909646880792f,0.8041463849859667f,-0.11196741071652677f,-0.11545573371005685f,0.2651777824371078f,0.05850726372300717f,-0.9624227988744782f,0.00046768595111648594f,0f,0f,0f,1f], start_interpolation: 0, interpolation_duration: 1 }
$data merge entity $(bone_wing_2) { transformation: [-0.842484479875401f,0.47773145457345595f,0.24898304858002912f,-0.02557370910649582f,0.4741754926625183f,0.8769533805538732f,-0.07816885884667663f,-0.11885230849389337f,-0.2556902487920358f,0.05220560933715504f,-0.9653481605236544f,0.0007616692451184312f,0f,0f,0f,1f], start_interpolation: 0, interpolation_duration: 1 }