# This file was generated by Animated Java via MC-Build. It is not recommended to edit this file directly.
$data merge entity $(bone_body) { transformation: [-0.9981557524089014f,-0.05997169265611443f,-0.009406913042041987f,0f,-0.06047893458367985f,0.9957869956932367f,0.06892428947664878f,-0.127875f,0.005233775371847875f,0.06936609610031728f,-0.9975775420022037f,0f,0f,0f,0f,1f], start_interpolation: 0, interpolation_duration: 1 }
$data merge entity $(bone_wing_1) { transformation: [-0.7500312424181945f,-0.6103717352948563f,-0.25475376375976394f,0.024391659191571463f,-0.6007582384245218f,0.789814666413435f,-0.12362172820058799f,-0.1170275235507839f,0.27666346770342687f,0.06032526395616111f,-0.9590715240100367f,0.0005194627666442772f,0f,0f,0f,1f], start_interpolation: 0, interpolation_duration: 1 }
$data merge entity $(bone_wing_2) { transformation: [-0.8199264407270304f,0.5111453639492041f,0.257781009211189f,-0.02551612842887361f,0.5056334367200389f,0.857768148739181f,-0.09256689839916328f,-0.1200514702799679f,-0.26843148002308864f,0.054444650075046855f,-0.9617589722018818f,0.0007811515352366711f,0f,0f,0f,1f], start_interpolation: 0, interpolation_duration: 1 }