# This file was generated by Animated Java via MC-Build. It is not recommended to edit this file directly.
$data merge entity $(bone_body) { transformation: [-0.9976726624621232f,0.06740187146055888f,0.010307584554726967f,0f,0.06793149567673049f,0.9955692534665045f,0.06501671667555389f,-0.1264874828532236f,-0.005879665880039139f,0.06556561046586236f,-0.9978309377110823f,0f,0f,0f,0f,1f], start_interpolation: 0, interpolation_duration: 1 }
$data merge entity $(bone_wing_1) { transformation: [-0.8424844798754008f,-0.47773145457345617f,-0.24898304858002895f,0.02557370910649582f,-0.47417549266251846f,0.8769533805538731f,-0.07816885884667672f,-0.11885230849389337f,0.2556902487920356f,0.052205609337154964f,-0.9653481605236544f,0.0007616692451184377f,0f,0f,0f,1f], start_interpolation: 0, interpolation_duration: 1 }
$data merge entity $(bone_wing_2) { transformation: [-0.7673779077158134f,0.5915450038717665f,0.24739776705550992f,-0.02430992401661034f,0.5837909646880793f,0.8041463849859666f,-0.11196741071652687f,-0.11545573371005685f,-0.2651777824371081f,0.058507263723007345f,-0.962422798874478f,0.00046768595111648073f,0f,0f,0f,1f], start_interpolation: 0, interpolation_duration: 1 }