# This file was generated by Animated Java via MC-Build. It is not recommended to edit this file directly.
$data merge entity $(bone_body) { transformation: [-0.9981557524089013f,0.059971692656114496f,0.00940691304204224f,0f,0.060478934583679936f,0.9957869956932366f,0.06892428947664872f,-0.127875f,-0.0052337753718481265f,0.06936609610031728f,-0.9975775420022037f,0f,0f,0f,0f,1f], start_interpolation: 0, interpolation_duration: 1 }
$data merge entity $(bone_wing_1) { transformation: [-0.8199264407270308f,-0.5111453639492036f,-0.25778100921118874f,0.025516128428873606f,-0.5056334367200385f,0.8577681487391811f,-0.09256689839916313f,-0.1200514702799679f,0.26843148002308836f,0.05444465007504674f,-0.9617589722018818f,0.0007811515352366774f,0f,0f,0f,1f], start_interpolation: 0, interpolation_duration: 1 }
$data merge entity $(bone_wing_2) { transformation: [-0.7500312424181945f,0.6103717352948559f,0.2547537637597641f,-0.02439165919157146f,0.6007582384245215f,0.7898146664134351f,-0.1236217282005879f,-0.1170275235507839f,-0.276663467703427f,0.06032526395616127f,-0.9590715240100366f,0.0005194627666442709f,0f,0f,0f,1f], start_interpolation: 0, interpolation_duration: 1 }