# This file was generated by Animated Java via MC-Build. It is not recommended to edit this file directly.
$data merge entity $(bone_body) { transformation: [-0.9716180165012132f,0.23649818407111636f,0.0051998982021414395f,0f,0.23565864431593145f,0.9696132241965909f,-0.06569017295051724f,-0.0797625171467764f,-0.02057749667538731f,-0.0626003545849057f,-0.9978265191086166f,0f,0f,0f,0f,1f], start_interpolation: 0, interpolation_duration: 1 }
$data merge entity $(bone_wing_1) { transformation: [-0.7279615615276489f,0.657157461973788f,0.19548921993398108f,0.026507620888197046f,0.6176187943734028f,0.7523419717904561f,-0.22919114799484042f,-0.07656385927783166f,-0.29768941831205764f,-0.04610452965401612f,-0.9535488359651071f,-0.00007244090734880785f,0f,0f,0f,1f], start_interpolation: 0, interpolation_duration: 1 }
$data merge entity $(bone_wing_2) { transformation: [-0.9412266548460648f,-0.23723912328336164f,-0.24043706575948007f,-0.022073279936863616f,-0.21276974310196023f,0.9692711385853322f,-0.12346050512540346f,-0.06478092706203509f,0.26233837048287934f,-0.06504658553095526f,-0.9627811387242439f,-0.0011013157411181734f,0f,0f,0f,1f], start_interpolation: 0, interpolation_duration: 1 }