# This file was generated by Animated Java via MC-Build. It is not recommended to edit this file directly.
$data merge entity $(bone_body) { transformation: [-0.9755141853569047f,0.2197809355457926f,0.008271308123311177f,0f,0.21910501489565876f,0.9744057191698116f,-0.05026417110363505f,-0.08537499999999998f,-0.019106716489960835f,-0.04722112683723794f,-0.9987017064995902f,0f,0f,0f,0f,1f], start_interpolation: 0, interpolation_duration: 1 }
$data merge entity $(bone_wing_1) { transformation: [-0.8229573055030628f,0.5433992165722883f,0.16570626043623676f,0.026448300904664424f,0.5233034538929453f,0.8386271258616901f,-0.1511887525997719f,-0.08171757175517447f,-0.22112161464418748f,-0.03770723004391084f,-0.9745170066959135f,0.00003496984814991546f,0f,0f,0f,1f], start_interpolation: 0, interpolation_duration: 1 }
$data merge entity $(bone_wing_2) { transformation: [-0.9752857301587561f,-0.13092647380082872f,-0.1779775351182919f,-0.022327408363180815f,-0.11940971966647088f,0.9900838065040855f,-0.0739957765521494f,-0.07076232101039154f,0.18590068154225992f,-0.05091477738792248f,-0.981248501678174f,-0.0009203659763481263f,0f,0f,0f,1f], start_interpolation: 0, interpolation_duration: 1 }