# This file was generated by Animated Java via MC-Build. It is not recommended to edit this file directly.
$data merge entity $(bone_body) { transformation: [-0.9674876684698774f,0.2529136767289905f,0.0015111195002801738f,0f,0.25195678031348395f,0.9643132394375409f,-0.08134959802936118f,-0.07401834705075444f,-0.022031618478523595f,-0.07832399612442886f,-0.9966844833839429f,0f,0f,0f,0f,1f], start_interpolation: 0, interpolation_duration: 1 }
$data merge entity $(bone_wing_1) { transformation: [-0.6164278758341716f,0.7593445890822783f,0.20835659079097266f,0.02655825743108122f,0.6915944357858181f,0.6486244167318419f,-0.3177790150550752f,-0.0712768299388646f,-0.37644894777999693f,-0.05178958438473601f,-0.9249886640735601f,-0.00018349700170343028f,0f,0f,0f,1f], start_interpolation: 0, interpolation_duration: 1 }
$data merge entity $(bone_wing_2) { transformation: [-0.8907864403000717f,-0.34376588391682317f,-0.2971944394372345f,-0.02181612599241265f,-0.2990800103191156f,0.9359005982944512f,-0.18612151283397096f,-0.0586789909231904f,0.34212668005439817f,-0.07690960386696528f,-0.9365010665386249f,-0.00128507792562961f,0f,0f,0f,1f], start_interpolation: 0, interpolation_duration: 1 }