# This file was generated by Animated Java via MC-Build. It is not recommended to edit this file directly.
$data merge entity $(bone_body) { transformation: [-0.9706318779905617f,0.24053017116538442f,0.004358232172120572f,0f,0.23965712795388242f,0.9683678344690299f,-0.06948523718501727f,-0.07837500000000001f,-0.02093366784420919f,-0.06640010485618629f,-0.9975734597640796f,0f,0f,0f,0f,1f], start_interpolation: 0, interpolation_duration: 1 }
$data merge entity $(bone_wing_1) { transformation: [-0.7021795774818073f,0.6832413946839773f,0.20031234998812245f,0.026520767304439523f,0.637676510896391f,0.7286285061071442f,-0.24993832747115094f,-0.07528797975069992f,-0.3167214997730269f,-0.04776710875031969f,-0.9473150452215776f,-0.0000991592869215162f,0f,0f,0f,1f], start_interpolation: 0, interpolation_duration: 1 }
$data merge entity $(bone_wing_2) { transformation: [-0.930446043029543f,-0.2632313047080152f,-0.2549106534305338f,-0.022010826595088566f,-0.2345675917398331f,0.962320530824726f,-0.1375399609516903f,-0.06330512335300581f,0.281510578692952f,-0.06817973434191053f,-0.9571328632478491f,-0.001145842679131976f,0f,0f,0f,1f], start_interpolation: 0, interpolation_duration: 1 }