# This file was generated by Animated Java via MC-Build. It is not recommended to edit this file directly.
$data merge entity $(bone_body) { transformation: [-0.9716180165012132f,0.23649818407111645f,0.005199898202141424f,0f,0.23565864431593153f,0.9696132241965909f,-0.0656901729505173f,-0.07976251714677637f,-0.020577496675387313f,-0.06260035458490576f,-0.9978265191086166f,0f,0f,0f,0f,1f], start_interpolation: 0, interpolation_duration: 1 }
$data merge entity $(bone_wing_1) { transformation: [-0.7279615615276483f,0.6571574619737884f,0.19548921993398125f,0.026507620888197046f,0.6176187943734034f,0.7523419717904557f,-0.22919114799484086f,-0.07656385927783163f,-0.2976894183120581f,-0.046104529654016124f,-0.953548835965107f,-0.00007244090734880829f,0f,0f,0f,1f], start_interpolation: 0, interpolation_duration: 1 }
$data merge entity $(bone_wing_2) { transformation: [-0.9412266548460647f,-0.23723912328336214f,-0.2404370657594804f,-0.022073279936863616f,-0.21276974310196078f,0.969271138585332f,-0.12346050512540375f,-0.06478092706203505f,0.2623383704828798f,-0.0650465855309553f,-0.9627811387242436f,-0.001101315741118174f,0f,0f,0f,1f], start_interpolation: 0, interpolation_duration: 1 }