# This file was generated by Animated Java via MC-Build. It is not recommended to edit this file directly.
$data merge entity $(bone_body) { transformation: [-0.9943165164212745f,-0.10558346497733118f,-0.013667373384889412f,0f,-0.10606693605550585f,0.9934902611861144f,0.041556058573250065f,-0.1181712962962963f,0.00919076969891726f,0.04276953181561423f,-0.9990426902293088f,0f,0f,0f,0f,1f], start_interpolation: 0, interpolation_duration: 1 }
$data merge entity $(bone_wing_1) { transformation: [-0.8639137727075821f,-0.46666122923586423f,-0.18942093457224973f,0.023868067926369384f,-0.46573456580851486f,0.8833839271334769f,-0.052193404692451276f,-0.10620565169628884f,0.19168804745551163f,0.04312927555974063f,-0.9805078062169549f,0.00017119511829845164f,0f,0f,0f,1f], start_interpolation: 0, interpolation_duration: 1 }
$data merge entity $(bone_wing_2) { transformation: [-0.9460694810996637f,0.2705400154766426f,0.17821514233563612f,-0.025847757894694345f,0.27265783936120797f,0.9620235514297628f,-0.012976483704924727f,-0.11150899849906414f,-0.17495782225065212f,0.03631510044546831f,-0.9839059781874205f,0.0006307336032443147f,0f,0f,0f,1f], start_interpolation: 0, interpolation_duration: 1 }