# This file was generated by Animated Java via MC-Build. It is not recommended to edit this file directly.
$data merge entity $(bone_body) { transformation: [-0.9954870823367442f,-0.0940180666423691f,-0.012886894331344788f,0f,-0.09454316044427803f,0.9943048790437037f,0.04918737971363497f,-0.120875f,0.008188999565496726f,0.05018376883731283f,-0.9987064281516362f,0f,0f,0f,0f,1f], start_interpolation: 0, interpolation_duration: 1 }
$data merge entity $(bone_wing_1) { transformation: [-0.8344163179827543f,-0.5092282891957404f,-0.21079838179379443f,0.024005757683646396f,-0.5068336239470146f,0.8592417412419149f,-0.06945003775591813f,-0.10918981274785833f,0.21649269253450362f,0.04888946297865877f,-0.9750593492135846f,0.0002657478437123893f,0f,0f,0f,1f], start_interpolation: 0, interpolation_duration: 1 }
$data merge entity $(bone_wing_2) { transformation: [-0.9183202215927716f,0.33911606619585044f,0.20417704146562268f,-0.025768596433190818f,0.34037314965470933f,0.9398104979107771f,-0.03003909137823741f,-0.11391697077007223f,-0.20207446550204178f,0.041910877639925716f,-0.9784729882462343f,0.0006751978219872257f,0f,0f,0f,1f], start_interpolation: 0, interpolation_duration: 1 }