# This file was generated by Animated Java via MC-Build. It is not recommended to edit this file directly.
$data merge entity $(bone_body) { transformation: [-0.9773325704303392f,0.21149412449802f,0.009554165523069992f,0f,0.21091039406886283f,0.9765682591374647f,-0.042793000817174486f,-0.08807870370370367f,-0.018380763034847016f,-0.0398079206696069f,-0.9990382760446264f,0f,0f,0f,0f,1f], start_interpolation: 0, interpolation_duration: 1 }
$data merge entity $(bone_wing_1) { transformation: [-0.8626175629523768f,0.4843256998686428f,0.14601217939902073f,0.02641607167792742f,0.4709368999560027f,0.874272076457192f,-0.11775726129228717f,-0.08419613612601151f,-0.1846872392612235f,-0.03281695863390444f,-0.9822492916159768f,0.00008631981959361093f,0f,0f,0f,1f], start_interpolation: 0, interpolation_duration: 1 }
$data merge entity $(bone_wing_2) { transformation: [-0.9860742728681401f,-0.07930397214532478f,-0.14617937060181457f,-0.022450556843589545f,-0.07198537065916345f,0.995904527712783f,-0.054701719280489954f,-0.07365061642256837f,0.14991876066267337f,-0.04341718188865138f,-0.987744558840096f,-0.0008327183321487399f,0f,0f,0f,1f], start_interpolation: 0, interpolation_duration: 1 }