# This file was generated by Animated Java via MC-Build. It is not recommended to edit this file directly.
$data merge entity $(bone_body) { transformation: [-0.9835985405793417f,0.17989682765709197f,0.013078316753455114f,0f,0.17969337285836295f,0.983602754502697f,-0.01535946240897328f,-0.0979381001371742f,-0.015626986944849867f,-0.012757457960810991f,-0.9997965015668957f,0f,0f,0f,0f,1f], start_interpolation: 0, interpolation_duration: 1 }
$data merge entity $(bone_wing_1) { transformation: [-0.9667638503754831f,0.2504241192945743f,0.05153074890497249f,0.026276496273768782f,0.24941364803788926f,0.9680667787796622f,-0.02528920709710928f,-0.0932091586351705f,-0.05621823351549201f,-0.011596219155630704f,-0.9983511596235526f,0.0002710735052386437f,0f,0f,0f,1f], start_interpolation: 0, interpolation_duration: 1 }
$data merge entity $(bone_wing_2) { transformation: [-0.9937526561869802f,0.10843104775158983f,-0.026426619246775765f,-0.02290343075519831f,0.10875262516662686f,0.9940074577207363f,-0.011047194889468372f,-0.08422448999225235f,0.02507039769706039f,-0.013852143482190198f,-0.9995897124722023f,-0.0005102758420038497f,0f,0f,0f,1f], start_interpolation: 0, interpolation_duration: 1 }