# This file was generated by Animated Java via MC-Build. It is not recommended to edit this file directly.
$data merge entity $(bone_body) { transformation: [-0.9894923916920576f,0.1438424492675964f,0.014634089388502651f,0f,0.14404343949531787f,0.9894757879999814f,0.013753272344235633f,-0.10831189986282576f,-0.012501772749911676f,0.015716702914891804f,-0.9997983251274202f,0f,0f,0f,0f,1f], start_interpolation: 0, interpolation_duration: 1 }
$data merge entity $(bone_wing_1) { transformation: [-0.9975238795308317f,-0.015148759931764177f,-0.06867768806744051f,0.02608583275418516f,-0.01604112376206769f,0.999793685838881f,0.012460662308038207f,-0.10263665033770888f,0.06847475530594403f,0.013531475501020372f,-0.9975610793613373f,0.0004598884085749025f,0f,0f,0f,1f], start_interpolation: 0, interpolation_duration: 1 }
$data merge entity $(bone_wing_2) { transformation: [-0.9495509910136706f,0.29918157939906426f,0.09403881120706237f,-0.023388786830417726f,0.29948277896118575f,0.9540356551606282f,-0.011226477092858839f,-0.095434478362943f,-0.09307513400818529f,0.01750289206138096f,-0.9955052326325794f,-0.00016520022892068135f,0f,0f,0f,1f], start_interpolation: 0, interpolation_duration: 1 }