# This file was generated by Animated Java via MC-Build. It is not recommended to edit this file directly.
$data merge entity $(bone_body) { transformation: [-0.9755141853569047f,0.21978093554579256f,0.00827130812331118f,0f,0.21910501489565873f,0.9744057191698116f,-0.05026417110363504f,-0.08537499999999998f,-0.019106716489960835f,-0.047221126837237934f,-0.9987017064995902f,0f,0f,0f,0f,1f], start_interpolation: 0, interpolation_duration: 1 }
$data merge entity $(bone_wing_1) { transformation: [-0.8229573055030629f,0.5433992165722882f,0.1657062604362367f,0.026448300904664424f,0.5233034538929453f,0.8386271258616902f,-0.15118875259977183f,-0.08171757175517447f,-0.2211216146441874f,-0.03770723004391085f,-0.9745170066959135f,0.00003496984814991552f,0f,0f,0f,1f], start_interpolation: 0, interpolation_duration: 1 }
$data merge entity $(bone_wing_2) { transformation: [-0.9752857301587562f,-0.13092647380082859f,-0.17797753511829179f,-0.022327408363180815f,-0.11940971966647071f,0.9900838065040853f,-0.07399577655214934f,-0.07076232101039154f,0.1859006815422598f,-0.05091477738792247f,-0.981248501678174f,-0.0009203659763481263f,0f,0f,0f,1f], start_interpolation: 0, interpolation_duration: 1 }