# This file was generated by Animated Java via MC-Build. It is not recommended to edit this file directly.
$data merge entity $(bone_body) { transformation: [-0.9976726624621232f,0.06740187146055895f,0.010307584554726974f,0f,0.06793149567673056f,0.9955692534665045f,0.06501671667555387f,-0.1264874828532236f,-0.005879665880039145f,0.06556561046586233f,-0.9978309377110823f,0f,0f,0f,0f,1f], start_interpolation: 0, interpolation_duration: 1 }
$data merge entity $(bone_wing_1) { transformation: [-0.842484479875401f,-0.477731454573456f,-0.24898304858002887f,0.02557370910649582f,-0.4741754926625183f,0.8769533805538732f,-0.0781688588466766f,-0.11885230849389337f,0.25569024879203556f,0.05220560933715494f,-0.9653481605236545f,0.0007616692451184377f,0f,0f,0f,1f], start_interpolation: 0, interpolation_duration: 1 }
$data merge entity $(bone_wing_2) { transformation: [-0.7673779077158136f,0.5915450038717663f,0.24739776705550987f,-0.02430992401661034f,0.5837909646880792f,0.8041463849859667f,-0.11196741071652674f,-0.11545573371005685f,-0.265177782437108f,0.05850726372300734f,-0.9624227988744781f,0.00046768595111648035f,0f,0f,0f,1f], start_interpolation: 0, interpolation_duration: 1 }