# This file was generated by Animated Java via MC-Build. It is not recommended to edit this file directly.
$data merge entity $(bone_body) { transformation: [-0.9866419556459223f,0.162287896043234f,0.014152390506565478f,0f,0.16229252510441397f,0.986742342252649f,-0.0008284328513793909f,-0.103125f,-0.01409920758138603f,0.0014794605829679577f,-0.9998995067215307f,0f,0f,0f,0f,1f], start_interpolation: 0, interpolation_duration: 1 }
$data merge entity $(bone_wing_1) { transformation: [-0.9928542673186702f,0.11909671627204221f,-0.007508397986458774f,0.026187497916553375f,0.11908669244065734f,0.9928822827060538f,0.0017698508299298123f,-0.09793160366899177f,0.007665738754396715f,0.0008630536672778374f,-0.9999702453511888f,0.0003663501324999754f,0f,0f,0f,1f], start_interpolation: 0, interpolation_duration: 1 }
$data merge entity $(bone_wing_2) { transformation: [-0.9780823737428528f,0.20517015158046648f,0.03549759250984222f,-0.02314459986574274f,0.2051122557880131f,0.978724081667998f,-0.005304195385438998f,-0.08981697741377107f,-0.03583061120186305f,0.0020930512613513558f,-0.9993556856481671f,-0.0003386102465693262f,0f,0f,0f,1f], start_interpolation: 0, interpolation_duration: 1 }