# This file was generated by Animated Java via MC-Build. It is not recommended to edit this file directly.
$data merge entity $(bone_body) { transformation: [-0.9994891803241271f,0.031511072703591325f,0.005332045768138933f,0f,0.03184011547449785f,0.9961920424329835f,0.08116416475127018f,-0.13223165294924555f,-0.002754171667704931f,0.0812924774519123f,-0.9966864841303684f,0f,0f,0f,0f,1f], start_interpolation: 0, interpolation_duration: 1 }
$data merge entity $(bone_wing_1) { transformation: [-0.7378594358861341f,-0.6149750098966049f,-0.27815317736180317f,0.02528264581469935f,-0.6009036890685739f,0.7862042642877567f,-0.1442137693825591f,-0.12368835543829879f,0.3073730784203043f,0.060733779879224764f,-0.9496489870704897f,0.0008309712678043007f,0f,0f,0f,1f], start_interpolation: 0, interpolation_duration: 1 }
$data merge entity $(bone_wing_2) { transformation: [-0.6964137780802604f,0.663424488468175f,0.27363442363986007f,-0.024691813201507012f,0.6465944535647534f,0.7454790734084771f,-0.16179172948372955f,-0.12209634966457389f,-0.31132533195883016f,0.06425651103801797f,-0.9481284925947249f,0.000693262684419054f,0f,0f,0f,1f], start_interpolation: 0, interpolation_duration: 1 }