# This file was generated by Animated Java via MC-Build. It is not recommended to edit this file directly.
$data merge entity $(bone_body) { transformation: [-0.9894923916920576f,-0.14384244926759632f,-0.014634089388502403f,0f,-0.14404343949531778f,0.9894757879999814f,0.01375327234423568f,-0.10831189986282579f,0.012501772749911424f,0.015716702914891814f,-0.9997983251274202f,0f,0f,0f,0f,1f], start_interpolation: 0, interpolation_duration: 1 }
$data merge entity $(bone_wing_1) { transformation: [-0.9495509910136705f,-0.29918157939906465f,-0.09403881120706242f,0.02338878683041773f,-0.2994827789611862f,0.954035655160628f,-0.011226477092858926f,-0.09543447836294303f,0.09307513400818535f,0.017502892061380934f,-0.9955052326325793f,-0.00016520022892067498f,0f,0f,0f,1f], start_interpolation: 0, interpolation_duration: 1 }
$data merge entity $(bone_wing_2) { transformation: [-0.9975238795308315f,0.01514875993176476f,0.06867768806744107f,-0.026085832754185155f,0.01604112376206831f,0.9997936858388811f,0.012460662308038196f,-0.10263665033770891f,-0.06847475530594459f,0.013531475501020417f,-0.9975610793613372f,0.00045988840857489634f,0f,0f,0f,1f], start_interpolation: 0, interpolation_duration: 1 }