# This file was generated by Animated Java via MC-Build. It is not recommended to edit this file directly.
$data merge entity $(bone_body) { transformation: [-0.9835985405793417f,-0.17989682765709195f,-0.01307831675345487f,0f,-0.17969337285836293f,0.983602754502697f,-0.01535946240897323f,-0.09793810013717423f,0.015626986944849618f,-0.01275745796081099f,-0.9997965015668957f,0f,0f,0f,0f,1f], start_interpolation: 0, interpolation_duration: 1 }
$data merge entity $(bone_wing_1) { transformation: [-0.9937526561869802f,-0.10843104775159028f,0.02642661924677569f,0.02290343075519831f,-0.10875262516662734f,0.9940074577207362f,-0.011047194889468337f,-0.08422448999225238f,-0.02507039769706032f,-0.01385214348219017f,-0.9995897124722023f,-0.0005102758420038434f,0f,0f,0f,1f], start_interpolation: 0, interpolation_duration: 1 }
$data merge entity $(bone_wing_2) { transformation: [-0.9667638503754833f,-0.2504241192945738f,-0.05153074890497194f,-0.026276496273768782f,-0.24941364803788885f,0.9680667787796623f,-0.025289207097109134f,-0.09320915863517053f,0.05621823351549144f,-0.011596219155630728f,-0.9983511596235527f,0.00027107350523863753f,0f,0f,0f,1f], start_interpolation: 0, interpolation_duration: 1 }