# This file was generated by Animated Java via MC-Build. It is not recommended to edit this file directly.
$data merge entity $(bone_body) { transformation: [-0.9773325704303392f,-0.21149412449801985f,-0.009554165523069764f,0f,-0.2109103940688627f,0.9765682591374647f,-0.04279300081717437f,-0.08807870370370371f,0.018380763034846766f,-0.03980792066960684f,-0.9990382760446264f,0f,0f,0f,0f,1f], start_interpolation: 0, interpolation_duration: 1 }
$data merge entity $(bone_wing_1) { transformation: [-0.98607427286814f,0.07930397214532392f,0.1461793706018144f,0.02245055684358955f,0.07198537065916266f,0.995904527712783f,-0.05470171928048966f,-0.07365061642256843f,-0.14991876066267312f,-0.04341718188865124f,-0.987744558840096f,-0.0008327183321487331f,0f,0f,0f,1f], start_interpolation: 0, interpolation_duration: 1 }
$data merge entity $(bone_wing_2) { transformation: [-0.8626175629523773f,-0.4843256998686418f,-0.14601217939902023f,-0.026416071677927415f,-0.4709368999560018f,0.8742720764571924f,-0.1177572612922867f,-0.08419613612601155f,0.18468723926122277f,-0.032816958633904485f,-0.9822492916159768f,0.00008631981959360529f,0f,0f,0f,1f], start_interpolation: 0, interpolation_duration: 1 }