# This file was generated by Animated Java via MC-Build. It is not recommended to edit this file directly.
$data merge entity $(bone_body) { transformation: [-0.9755141853569047f,-0.21978093554579253f,-0.008271308123310948f,0f,-0.2191050148956587f,0.9744057191698116f,-0.05026417110363497f,-0.085375f,0.019106716489960596f,-0.04722112683723792f,-0.9987017064995902f,0f,0f,0f,0f,1f], start_interpolation: 0, interpolation_duration: 1 }
$data merge entity $(bone_wing_1) { transformation: [-0.9752857301587563f,0.1309264738008282f,0.17797753511829187f,0.022327408363180815f,0.11940971966647038f,0.9900838065040856f,-0.07399577655214917f,-0.07076232101039157f,-0.18590068154225983f,-0.050914777387922376f,-0.981248501678174f,-0.0009203659763481202f,0f,0f,0f,1f], start_interpolation: 0, interpolation_duration: 1 }
$data merge entity $(bone_wing_2) { transformation: [-0.8229573055030632f,-0.5433992165722877f,-0.1657062604362364f,-0.026448300904664424f,-0.523303453892945f,0.8386271258616904f,-0.1511887525997716f,-0.0817175717551745f,0.22112161464418698f,-0.03770723004391093f,-0.9745170066959135f,0.00003496984814990966f,0f,0f,0f,1f], start_interpolation: 0, interpolation_duration: 1 }