# This file was generated by Animated Java via MC-Build. It is not recommended to edit this file directly.
$data merge entity $(bone_body) { transformation: [-0.9674876684698774f,-0.2529136767289905f,-0.0015111195002799332f,0f,-0.25195678031348395f,0.9643132394375409f,-0.08134959802936115f,-0.07401834705075445f,0.022031618478523356f,-0.07832399612442889f,-0.9966844833839429f,0f,0f,0f,0f,1f], start_interpolation: 0, interpolation_duration: 1 }
$data merge entity $(bone_wing_1) { transformation: [-0.8907864403000717f,0.34376588391682283f,0.2971944394372346f,0.02181612599241265f,0.2990800103191153f,0.9359005982944513f,-0.18612151283397083f,-0.05867899092319041f,-0.34212668005439817f,-0.07690960386696517f,-0.9365010665386249f,-0.0012850779256296044f,0f,0f,0f,1f], start_interpolation: 0, interpolation_duration: 1 }
$data merge entity $(bone_wing_2) { transformation: [-0.616427875834172f,-0.759344589082278f,-0.20835659079097243f,-0.02655825743108122f,-0.6915944357858178f,0.6486244167318422f,-0.31777901505507505f,-0.07127682993886461f,0.3764489477799966f,-0.05178958438473617f,-0.9249886640735603f,-0.00018349700170343657f,0f,0f,0f,1f], start_interpolation: 0, interpolation_duration: 1 }