# This file was generated by Animated Java via MC-Build. It is not recommended to edit this file directly.
$data merge entity $(bone_body) { transformation: [-0.9659258262892717f,-0.25881904510176146f,8.828065491165412e-13f,0f,-0.2578341604956168f,0.9622501868992386f,-0.08715574274768688f,-0.071875f,0.022557566112241613f,-0.08418598282964228f,-0.996194698091743f,0f,0f,0f,0f,1f], start_interpolation: 0, interpolation_duration: 1 }
$data merge entity $(bone_wing_1) { transformation: [-0.8681627791954063f,0.38268343236581587f,0.31598541012588877f,0.02172171710940278f,0.3284273730427832f,0.9203638919629518f,-0.2122869920815323f,-0.05640805048542922f,-0.37206027664334806f,-0.08052140686504417f,-0.9247093887165575f,-0.0013531827418339364f,0f,0f,0f,1f], start_interpolation: 0, interpolation_duration: 1 }
$data merge entity $(bone_wing_2) { transformation: [-0.5720486226594674f,-0.7933533402907564f,-0.20820867120008524f,-0.026574574205060805f,-0.7128623758421188f,0.6064449079818008f,-0.3522098901105346f,-0.06929975851021006f,0.40569398124958167f,-0.053057054502150376f,-0.9124677213717863f,-0.00022530443622185558f,0f,0f,0f,1f], start_interpolation: 0, interpolation_duration: 1 }