# This file was generated by Animated Java via MC-Build. It is not recommended to edit this file directly.
$data merge entity $(bone_body) { transformation: [-0.9672010773199585f,-0.25400893796294466f,-0.0012391392369319354f,0f,-0.2530462042526602f,0.9639372895853132f,-0.08241674745002317f,-0.07362499999999998f,0.022129043007607596f,-0.07940000744242318f,-0.9965971825535684f,0f,0f,0f,0f,1f], start_interpolation: 0, interpolation_duration: 1 }
$data merge entity $(bone_wing_1) { transformation: [-0.886784859434343f,0.35094463262221687f,0.30074985937098886f,0.02179869313959636f,0.3045886349740624f,0.9331746013498878f,-0.1908164742366738f,-0.05826193280382117f,-0.3476181475738136f,-0.07760817114927498f,-0.9344188542876343f,-0.0012976011449629067f,0f,0f,0f,1f], start_interpolation: 0, interpolation_duration: 1 }
$data merge entity $(bone_wing_2) { transformation: [-0.6083761118304389f,-0.7657619614832148f,-0.20853566817083521f,-0.026561360726401567f,-0.6957635596067343f,0.6410136727399871f,-0.32405947059723306f,-0.07091424301645419f,0.3818266303932236f,-0.05205852193226603f,-0.9227666739846992f,-0.00019114899458252694f,0f,0f,0f,1f], start_interpolation: 0, interpolation_duration: 1 }