# This file was generated by Animated Java via MC-Build. It is not recommended to edit this file directly.
$data merge entity $(bone_left_foot) {transformation: [-0.9992f,-0.0382f,-0.0092f,0.1463f,-0.0393f,0.9716f,0.2333f,-1.3078f,0f,0.2334f,-0.9724f,0f,0f,0f,0f,1f],start_interpolation: 0,interpolation_duration: 1}
$data merge entity $(bone_right_foot) {transformation: [-0.9992f,-0.0382f,0.0092f,-0.1659f,-0.0393f,0.9716f,-0.2333f,-1.3201f,0f,-0.2334f,-0.9724f,0f,0f,0f,0f,1f],start_interpolation: 0,interpolation_duration: 1}
$data merge entity $(bone_antenna) {transformation: [-0.9992f,-0.0393f,0f,-0.008f,-0.0393f,0.9992f,0f,-0.5633f,0f,0f,-1f,0f,0f,0f,0f,1f],start_interpolation: 0,interpolation_duration: 1}
$data merge entity $(bone_nose) {transformation: [-1f,0f,0f,-0.0294f,0f,1f,0f,-0.8143f,0f,0f,-1f,0.1875f,0f,0f,0f,1f],start_interpolation: 0,interpolation_duration: 1}
$data merge entity $(bone_head) {transformation: [-0.9992f,-0.0393f,0f,0.0043f,-0.0393f,0.9992f,0f,-0.8755f,0f,0f,-1f,0f,0f,0f,0f,1f],start_interpolation: 0,interpolation_duration: 1}
$data merge entity $(bone_left_arm) {transformation: [-0.9992f,-0.0391f,-0.0031f,-0.3368f,-0.0393f,0.9961f,0.0784f,-0.9515f,0f,0.0785f,-0.9969f,0f,0f,0f,0f,1f],start_interpolation: 0,interpolation_duration: 1}
$data merge entity $(bone_right_arm) {transformation: [-0.9992f,-0.0391f,0.0031f,0.2877f,-0.0393f,0.9961f,-0.0784f,-0.9269f,0f,-0.0785f,-0.9969f,0f,0f,0f,0f,1f],start_interpolation: 0,interpolation_duration: 1}
$data merge entity $(bone_body) {transformation: [-0.9992f,-0.0393f,0f,0.0313f,-0.0393f,0.9992f,0f,-1.5625f,0f,0f,-1f,0f,0f,0f,0f,1f],start_interpolation: 0,interpolation_duration: 1}