# This file was generated by Animated Java via MC-Build. It is not recommended to edit this file directly.
$data merge entity $(bone_left_foot) {transformation: [-0.999f,-0.0421f,-0.0113f,0.1452f,-0.0436f,0.965f,0.2586f,-1.3073f,0f,0.2588f,-0.9659f,0f,0f,0f,0f,1f],start_interpolation: 0,interpolation_duration: 1}
$data merge entity $(bone_right_foot) {transformation: [-0.999f,-0.0421f,0.0113f,-0.167f,-0.0436f,0.965f,-0.2586f,-1.3209f,0f,-0.2588f,-0.9659f,0f,0f,0f,0f,1f],start_interpolation: 0,interpolation_duration: 1}
$data merge entity $(bone_antenna) {transformation: [-0.999f,-0.0436f,0f,-0.0124f,-0.0436f,0.999f,0f,-0.5635f,0f,0f,-1f,0f,0f,0f,0f,1f],start_interpolation: 0,interpolation_duration: 1}
$data merge entity $(bone_nose) {transformation: [-1f,0f,0f,-0.0327f,0f,1f,0f,-0.8146f,0f,0f,-1f,0.1875f,0f,0f,0f,1f],start_interpolation: 0,interpolation_duration: 1}
$data merge entity $(bone_head) {transformation: [-0.999f,-0.0436f,0f,0.0013f,-0.0436f,0.999f,0f,-0.8757f,0f,0f,-1f,0f,0f,0f,0f,1f],start_interpolation: 0,interpolation_duration: 1}
$data merge entity $(bone_left_arm) {transformation: [-0.999f,-0.0435f,-0.0038f,-0.3394f,-0.0436f,0.9952f,0.0871f,-0.9531f,0f,0.0872f,-0.9962f,0f,0f,0f,0f,1f],start_interpolation: 0,interpolation_duration: 1}
$data merge entity $(bone_right_arm) {transformation: [-0.999f,-0.0435f,0.0038f,0.285f,-0.0436f,0.9952f,-0.0871f,-0.9258f,0f,-0.0872f,-0.9962f,0f,0f,0f,0f,1f],start_interpolation: 0,interpolation_duration: 1}
$data merge entity $(bone_body) {transformation: [-0.999f,-0.0436f,0f,0.0313f,-0.0436f,0.999f,0f,-1.5625f,0f,0f,-1f,0f,0f,0f,0f,1f],start_interpolation: 0,interpolation_duration: 1}