# This file was generated by Animated Java via MC-Build. It is not recommended to edit this file directly.
$data merge entity $(bone_left_foot) {transformation: [-0.9997f,-0.0259f,-0.0041f,0.1497f,-0.0262f,0.9873f,0.1564f,-1.3093f,0f,0.1564f,-0.9877f,0f,0f,0f,0f,1f],start_interpolation: 0,interpolation_duration: 1}
$data merge entity $(bone_right_foot) {transformation: [-0.9997f,-0.0259f,0.0041f,-0.1627f,-0.0262f,0.9873f,-0.1564f,-1.3175f,0f,-0.1564f,-0.9877f,0f,0f,0f,0f,1f],start_interpolation: 0,interpolation_duration: 1}
$data merge entity $(bone_antenna) {transformation: [-0.9997f,-0.0262f,0f,0.0051f,-0.0262f,0.9997f,0f,-0.5628f,0f,0f,-1f,0f,0f,0f,0f,1f],start_interpolation: 0,interpolation_duration: 1}
$data merge entity $(bone_nose) {transformation: [-1f,0f,0f,-0.0196f,0f,1f,0f,-0.8136f,0f,0f,-1f,0.1875f,0f,0f,0f,1f],start_interpolation: 0,interpolation_duration: 1}
$data merge entity $(bone_head) {transformation: [-0.9997f,-0.0262f,0f,0.0133f,-0.0262f,0.9997f,0f,-0.8752f,0f,0f,-1f,0f,0f,0f,0f,1f],start_interpolation: 0,interpolation_duration: 1}
$data merge entity $(bone_left_arm) {transformation: [-0.9997f,-0.0261f,-0.0014f,-0.3287f,-0.0262f,0.9983f,0.0523f,-0.9467f,0f,0.0523f,-0.9986f,0f,0f,0f,0f,1f],start_interpolation: 0,interpolation_duration: 1}
$data merge entity $(bone_right_arm) {transformation: [-0.9997f,-0.0261f,0.0014f,0.296f,-0.0262f,0.9983f,-0.0523f,-0.9304f,0f,-0.0523f,-0.9986f,0f,0f,0f,0f,1f],start_interpolation: 0,interpolation_duration: 1}
$data merge entity $(bone_body) {transformation: [-0.9997f,-0.0262f,0f,0.0313f,-0.0262f,0.9997f,0f,-1.5625f,0f,0f,-1f,0f,0f,0f,0f,1f],start_interpolation: 0,interpolation_duration: 1}