# This file was generated by Animated Java via MC-Build. It is not recommended to edit this file directly.
$data merge entity $(bone_left_foot) {transformation: [-0.9998f,-0.0174f,-0.0018f,0.1519f,-0.0175f,0.9944f,0.1045f,-1.3104f,0f,0.1045f,-0.9945f,0f,0f,0f,0f,1f],start_interpolation: 0,interpolation_duration: 2}
$data merge entity $(bone_right_foot) {transformation: [-0.9998f,-0.0174f,0.0018f,-0.1606f,-0.0175f,0.9944f,-0.1045f,-1.3158f,0f,-0.1045f,-0.9945f,0f,0f,0f,0f,1f],start_interpolation: 0,interpolation_duration: 2}
$data merge entity $(bone_antenna) {transformation: [-0.9998f,-0.0175f,0f,0.0138f,-0.0175f,0.9998f,0f,-0.5627f,0f,0f,-1f,0f,0f,0f,0f,1f],start_interpolation: 0,interpolation_duration: 2}
$data merge entity $(bone_nose) {transformation: [-1f,0f,0f,-0.0131f,0f,1f,0f,-0.8132f,0f,0f,-1f,0.1875f,0f,0f,0f,1f],start_interpolation: 0,interpolation_duration: 2}
$data merge entity $(bone_head) {transformation: [-0.9998f,-0.0175f,0f,0.0193f,-0.0175f,0.9998f,0f,-0.8751f,0f,0f,-1f,0f,0f,0f,0f,1f],start_interpolation: 0,interpolation_duration: 2}
$data merge entity $(bone_left_arm) {transformation: [-0.9998f,-0.0174f,-0.0006f,-0.3234f,-0.0175f,0.9992f,0.0349f,-0.9436f,0f,0.0349f,-0.9994f,0f,0f,0f,0f,1f],start_interpolation: 0,interpolation_duration: 2}
$data merge entity $(bone_right_arm) {transformation: [-0.9998f,-0.0174f,0.0006f,0.3015f,-0.0175f,0.9992f,-0.0349f,-0.9327f,0f,-0.0349f,-0.9994f,0f,0f,0f,0f,1f],start_interpolation: 0,interpolation_duration: 2}
$data merge entity $(bone_body) {transformation: [-0.9998f,-0.0175f,0f,0.0313f,-0.0175f,0.9998f,0f,-1.5625f,0f,0f,-1f,0f,0f,0f,0f,1f],start_interpolation: 0,interpolation_duration: 2}