# This file was generated by Animated Java via MC-Build. It is not recommended to edit this file directly.
$data merge entity $(bone_left_foot) {transformation: [-1f,-0.0044f,-0.0001f,0.1552f,-0.0044f,0.9996f,0.0262f,-1.312f,0f,0.0262f,-0.9997f,0f,0f,0f,0f,1f],start_interpolation: 0,interpolation_duration: 1}
$data merge entity $(bone_right_foot) {transformation: [-1f,-0.0044f,0.0001f,-0.1573f,-0.0044f,0.9996f,-0.0262f,-1.3133f,0f,-0.0262f,-0.9997f,0f,0f,0f,0f,1f],start_interpolation: 0,interpolation_duration: 1}
$data merge entity $(bone_antenna) {transformation: [-1f,-0.0044f,0f,0.0269f,-0.0044f,1f,0f,-0.5625f,0f,0f,-1f,0f,0f,0f,0f,1f],start_interpolation: 0,interpolation_duration: 1}
$data merge entity $(bone_nose) {transformation: [-1f,0f,0f,-0.0033f,0f,1f,0f,-0.8126f,0f,0f,-1f,0.1875f,0f,0f,0f,1f],start_interpolation: 0,interpolation_duration: 1}
$data merge entity $(bone_head) {transformation: [-1f,-0.0044f,0f,0.0283f,-0.0044f,1f,0f,-0.875f,0f,0f,-1f,0f,0f,0f,0f,1f],start_interpolation: 0,interpolation_duration: 1}
$data merge entity $(bone_left_arm) {transformation: [-1f,-0.0044f,0f,-0.3152f,-0.0044f,1f,0.0087f,-0.939f,0f,0.0087f,-1f,0f,0f,0f,0f,1f],start_interpolation: 0,interpolation_duration: 1}
$data merge entity $(bone_right_arm) {transformation: [-1f,-0.0044f,0f,0.3098f,-0.0044f,1f,-0.0087f,-0.9363f,0f,-0.0087f,-1f,0f,0f,0f,0f,1f],start_interpolation: 0,interpolation_duration: 1}
$data merge entity $(bone_body) {transformation: [-1f,-0.0044f,0f,0.0313f,-0.0044f,1f,0f,-1.5625f,0f,0f,-1f,0f,0f,0f,0f,1f],start_interpolation: 0,interpolation_duration: 1}