# This file was generated by Animated Java via MC-Build. It is not recommended to edit this file directly.
$data merge entity $(bone_left_foot) {transformation: [-0.9995f,0.03f,-0.0056f,0.1638f,0.0305f,0.9828f,-0.1822f,-1.3164f,0f,-0.1822f,-0.9833f,0f,0f,0f,0f,1f],start_interpolation: 0,interpolation_duration: 1}
$data merge entity $(bone_right_foot) {transformation: [-0.9995f,0.03f,0.0056f,-0.1485f,0.0305f,0.9828f,0.1822f,-1.3069f,0f,0.1822f,-0.9833f,0f,0f,0f,0f,1f],start_interpolation: 0,interpolation_duration: 1}
$data merge entity $(bone_antenna) {transformation: [-0.9995f,0.0305f,0f,0.0618f,0.0305f,0.9995f,0f,-0.563f,0f,0f,-1f,0f,0f,0f,0f,1f],start_interpolation: 0,interpolation_duration: 1}
$data merge entity $(bone_nose) {transformation: [-1f,0f,0f,0.0229f,0f,1f,0f,-0.8119f,0f,0f,-1f,0.1875f,0f,0f,0f,1f],start_interpolation: 0,interpolation_duration: 1}
$data merge entity $(bone_head) {transformation: [-0.9995f,0.0305f,0f,0.0522f,0.0305f,0.9995f,0f,-0.8753f,0f,0f,-1f,0f,0f,0f,0f,1f],start_interpolation: 0,interpolation_duration: 1}
$data merge entity $(bone_left_arm) {transformation: [-0.9995f,0.0305f,-0.0019f,-0.2933f,0.0305f,0.9977f,-0.061f,-0.9273f,0f,-0.061f,-0.9981f,0f,0f,0f,0f,1f],start_interpolation: 0,interpolation_duration: 1}
$data merge entity $(bone_right_arm) {transformation: [-0.9995f,0.0305f,0.0019f,0.3315f,0.0305f,0.9977f,0.061f,-0.9464f,0f,0.061f,-0.9981f,0f,0f,0f,0f,1f],start_interpolation: 0,interpolation_duration: 1}
$data merge entity $(bone_body) {transformation: [-0.9995f,0.0305f,0f,0.0313f,0.0305f,0.9995f,0f,-1.5625f,0f,0f,-1f,0f,0f,0f,0f,1f],start_interpolation: 0,interpolation_duration: 1}