# This file was generated by Animated Java via MC-Build. It is not recommended to edit this file directly.
$data merge entity $(bone_left_foot) {transformation: [-1f,0.0087f,-0.0005f,0.1584f,0.0087f,0.9986f,-0.0523f,-1.3136f,0f,-0.0523f,-0.9986f,0f,0f,0f,0f,1f],start_interpolation: 0,interpolation_duration: 2}
$data merge entity $(bone_right_foot) {transformation: [-1f,0.0087f,0.0005f,-0.1541f,0.0087f,0.9986f,0.0523f,-1.3109f,0f,0.0523f,-0.9986f,0f,0f,0f,0f,1f],start_interpolation: 0,interpolation_duration: 2}
$data merge entity $(bone_antenna) {transformation: [-1f,0.0087f,0f,0.04f,0.0087f,1f,0f,-0.5625f,0f,0f,-1f,0f,0f,0f,0f,1f],start_interpolation: 0,interpolation_duration: 2}
$data merge entity $(bone_nose) {transformation: [-1f,0f,0f,0.0065f,0f,1f,0f,-0.8123f,0f,0f,-1f,0.1875f,0f,0f,0f,1f],start_interpolation: 0,interpolation_duration: 2}
$data merge entity $(bone_head) {transformation: [-1f,0.0087f,0f,0.0372f,0.0087f,1f,0f,-0.875f,0f,0f,-1f,0f,0f,0f,0f,1f],start_interpolation: 0,interpolation_duration: 2}
$data merge entity $(bone_left_arm) {transformation: [-1f,0.0087f,-0.0002f,-0.307f,0.0087f,0.9998f,-0.0175f,-0.9345f,0f,-0.0175f,-0.9998f,0f,0f,0f,0f,1f],start_interpolation: 0,interpolation_duration: 2}
$data merge entity $(bone_right_arm) {transformation: [-1f,0.0087f,0.0002f,0.3179f,0.0087f,0.9998f,0.0175f,-0.94f,0f,0.0175f,-0.9998f,0f,0f,0f,0f,1f],start_interpolation: 0,interpolation_duration: 2}
$data merge entity $(bone_body) {transformation: [-1f,0.0087f,0f,0.0313f,0.0087f,1f,0f,-1.5625f,0f,0f,-1f,0f,0f,0f,0f,1f],start_interpolation: 0,interpolation_duration: 2}