# This file was generated by Animated Java via MC-Build. It is not recommended to edit this file directly.
$data merge entity $(bone_left_foot) {transformation: [-0.9994f,0.0341f,-0.0073f,0.1649f,0.0349f,0.9776f,-0.2078f,-1.317f,0f,-0.2079f,-0.9781f,0f,0f,0f,0f,1f],start_interpolation: 0,interpolation_duration: 1}
$data merge entity $(bone_right_foot) {transformation: [-0.9994f,0.0341f,0.0073f,-0.1474f,0.0349f,0.9776f,0.2078f,-1.3061f,0f,0.2079f,-0.9781f,0f,0f,0f,0f,1f],start_interpolation: 0,interpolation_duration: 1}
$data merge entity $(bone_antenna) {transformation: [-0.9994f,0.0349f,0f,0.0661f,0.0349f,0.9994f,0f,-0.5631f,0f,0f,-1f,0f,0f,0f,0f,1f],start_interpolation: 0,interpolation_duration: 1}
$data merge entity $(bone_nose) {transformation: [-1f,0f,0f,0.0262f,0f,1f,0f,-0.8119f,0f,0f,-1f,0.1875f,0f,0f,0f,1f],start_interpolation: 0,interpolation_duration: 1}
$data merge entity $(bone_head) {transformation: [-0.9994f,0.0349f,0f,0.0552f,0.0349f,0.9994f,0f,-0.8754f,0f,0f,-1f,0f,0f,0f,0f,1f],start_interpolation: 0,interpolation_duration: 1}
$data merge entity $(bone_left_arm) {transformation: [-0.9994f,0.0348f,-0.0024f,-0.2905f,0.0349f,0.997f,-0.0697f,-0.9259f,0f,-0.0698f,-0.9976f,0f,0f,0f,0f,1f],start_interpolation: 0,interpolation_duration: 1}
$data merge entity $(bone_right_arm) {transformation: [-0.9994f,0.0348f,0.0024f,0.3341f,0.0349f,0.997f,0.0697f,-0.9477f,0f,0.0698f,-0.9976f,0f,0f,0f,0f,1f],start_interpolation: 0,interpolation_duration: 1}
$data merge entity $(bone_body) {transformation: [-0.9994f,0.0349f,0f,0.0313f,0.0349f,0.9994f,0f,-1.5625f,0f,0f,-1f,0f,0f,0f,0f,1f],start_interpolation: 0,interpolation_duration: 1}