# This file was generated by Animated Java via MC-Build. It is not recommended to edit this file directly.
$data merge entity $(bone_left_foot) {transformation: [-0.9998f,0.0216f,-0.0028f,0.1617f,0.0218f,0.9912f,-0.1305f,-1.3153f,0f,-0.1305f,-0.9914f,0f,0f,0f,0f,1f],start_interpolation: 0,interpolation_duration: 2}
$data merge entity $(bone_right_foot) {transformation: [-0.9998f,0.0216f,0.0028f,-0.1508f,0.0218f,0.9912f,0.1305f,-1.3085f,0f,0.1305f,-0.9914f,0f,0f,0f,0f,1f],start_interpolation: 0,interpolation_duration: 2}
$data merge entity $(bone_antenna) {transformation: [-0.9998f,0.0218f,0f,0.0531f,0.0218f,0.9998f,0f,-0.5627f,0f,0f,-1f,0f,0f,0f,0f,1f],start_interpolation: 0,interpolation_duration: 2}
$data merge entity $(bone_nose) {transformation: [-1f,0f,0f,0.0164f,0f,1f,0f,-0.812f,0f,0f,-1f,0.1875f,0f,0f,0f,1f],start_interpolation: 0,interpolation_duration: 2}
$data merge entity $(bone_head) {transformation: [-0.9998f,0.0218f,0f,0.0462f,0.0218f,0.9998f,0f,-0.8752f,0f,0f,-1f,0f,0f,0f,0f,1f],start_interpolation: 0,interpolation_duration: 2}
$data merge entity $(bone_left_arm) {transformation: [-0.9998f,0.0218f,-0.001f,-0.2988f,0.0218f,0.9988f,-0.0436f,-0.9301f,0f,-0.0436f,-0.999f,0f,0f,0f,0f,1f],start_interpolation: 0,interpolation_duration: 2}
$data merge entity $(bone_right_arm) {transformation: [-0.9998f,0.0218f,0.001f,0.3261f,0.0218f,0.9988f,0.0436f,-0.9438f,0f,0.0436f,-0.999f,0f,0f,0f,0f,1f],start_interpolation: 0,interpolation_duration: 2}
$data merge entity $(bone_body) {transformation: [-0.9998f,0.0218f,0f,0.0313f,0.0218f,0.9998f,0f,-1.5625f,0f,0f,-1f,0f,0f,0f,0f,1f],start_interpolation: 0,interpolation_duration: 2}