# This file was generated by Animated Java via MC-Build. It is not recommended to edit this file directly.
$data merge entity $(bone_left_foot) {transformation: [-0.9999f,0.013f,-0.001f,0.1595f,0.0131f,0.9968f,-0.0785f,-1.3142f,0f,-0.0785f,-0.9969f,0f,0f,0f,0f,1f],start_interpolation: 0,interpolation_duration: 1}
$data merge entity $(bone_right_foot) {transformation: [-0.9999f,0.013f,0.001f,-0.153f,0.0131f,0.9968f,0.0785f,-1.3101f,0f,0.0785f,-0.9969f,0f,0f,0f,0f,1f],start_interpolation: 0,interpolation_duration: 1}
$data merge entity $(bone_antenna) {transformation: [-0.9999f,0.0131f,0f,0.0443f,0.0131f,0.9999f,0f,-0.5626f,0f,0f,-1f,0f,0f,0f,0f,1f],start_interpolation: 0,interpolation_duration: 1}
$data merge entity $(bone_nose) {transformation: [-1f,0f,0f,0.0098f,0f,1f,0f,-0.8122f,0f,0f,-1f,0.1875f,0f,0f,0f,1f],start_interpolation: 0,interpolation_duration: 1}
$data merge entity $(bone_head) {transformation: [-0.9999f,0.0131f,0f,0.0402f,0.0131f,0.9999f,0f,-0.8751f,0f,0f,-1f,0f,0f,0f,0f,1f],start_interpolation: 0,interpolation_duration: 1}
$data merge entity $(bone_left_arm) {transformation: [-0.9999f,0.0131f,-0.0003f,-0.3043f,0.0131f,0.9996f,-0.0262f,-0.9331f,0f,-0.0262f,-0.9997f,0f,0f,0f,0f,1f],start_interpolation: 0,interpolation_duration: 1}
$data merge entity $(bone_right_arm) {transformation: [-0.9999f,0.0131f,0.0003f,0.3207f,0.0131f,0.9996f,0.0262f,-0.9412f,0f,0.0262f,-0.9997f,0f,0f,0f,0f,1f],start_interpolation: 0,interpolation_duration: 1}
$data merge entity $(bone_body) {transformation: [-0.9999f,0.0131f,0f,0.0313f,0.0131f,0.9999f,0f,-1.5625f,0f,0f,-1f,0f,0f,0f,0f,1f],start_interpolation: 0,interpolation_duration: 1}