# This file was generated by Animated Java via MC-Build. It is not recommended to edit this file directly.
$data merge entity $(bone_leg_left_front) {transformation: [-0.9993f,-0.0375f,0.0072f,0.1225f,-0.0382f,0.9811f,-0.1896f,-0.3078f,0f,-0.1897f,-0.9818f,0.125f,0f,0f,0f,1f],start_interpolation: 0,interpolation_duration: 1}
$data merge entity $(bone_leg_right_back) {transformation: [-0.9993f,-0.0375f,0.0072f,-0.1273f,-0.0382f,0.9811f,-0.1896f,-0.3173f,0f,-0.1897f,-0.9818f,-0.1875f,0f,0f,0f,1f],start_interpolation: 0,interpolation_duration: 1}
$data merge entity $(bone_leg_right_front) {transformation: [-0.9993f,-0.0375f,-0.0072f,-0.1273f,-0.0382f,0.9811f,0.1896f,-0.3173f,0f,0.1897f,-0.9818f,0.125f,0f,0f,0f,1f],start_interpolation: 0,interpolation_duration: 1}
$data merge entity $(bone_leg_left_back) {transformation: [-0.9993f,-0.0375f,-0.0072f,0.1225f,-0.0382f,0.9811f,0.1896f,-0.3078f,0f,0.1897f,-0.9818f,-0.1875f,0f,0f,0f,1f],start_interpolation: 0,interpolation_duration: 1}
$data merge entity $(bone_head) {transformation: [-0.9993f,-0.0382f,0f,-0.0024f,-0.0382f,0.9993f,0f,-0.3125f,0f,0f,-1f,0f,0f,0f,0f,1f],start_interpolation: 0,interpolation_duration: 1}
$data merge entity $(bone_top) {transformation: [-0.9993f,-0.0382f,0f,0f,-0.0382f,0.9993f,0f,-0.375f,0f,0f,-1f,0f,0f,0f,0f,1f],start_interpolation: 0,interpolation_duration: 1}
$data merge entity $(bone_left) {transformation: [-0.9993f,-0.0382f,0f,0f,-0.0382f,0.9993f,0f,-0.375f,0f,0f,-1f,0f,0f,0f,0f,1f],start_interpolation: 0,interpolation_duration: 1}
$data merge entity $(bone_right) {transformation: [-0.9993f,-0.0382f,0f,0f,-0.0382f,0.9993f,0f,-0.375f,0f,0f,-1f,0f,0f,0f,0f,1f],start_interpolation: 0,interpolation_duration: 1}
$data merge entity $(bone_body) {transformation: [-0.9993f,-0.0382f,0f,0f,-0.0382f,0.9993f,0f,-0.375f,0f,0f,-1f,0f,0f,0f,0f,1f],start_interpolation: 0,interpolation_duration: 1}