# This file was generated by Animated Java via MC-Build. It is not recommended to edit this file directly.
$data merge entity $(bone_leg_left_front) {transformation: [-0.9993f,-0.0367f,0.007f,0.1226f,-0.0374f,0.9819f,-0.1858f,-0.3079f,0f,-0.1859f,-0.9826f,0.125f,0f,0f,0f,1f],start_interpolation: 0,interpolation_duration: 2}
$data merge entity $(bone_leg_right_back) {transformation: [-0.9993f,-0.0367f,0.007f,-0.1272f,-0.0374f,0.9819f,-0.1858f,-0.3172f,0f,-0.1859f,-0.9826f,-0.1875f,0f,0f,0f,1f],start_interpolation: 0,interpolation_duration: 2}
$data merge entity $(bone_leg_right_front) {transformation: [-0.9993f,-0.0367f,-0.007f,-0.1272f,-0.0374f,0.9819f,0.1858f,-0.3172f,0f,0.1859f,-0.9826f,0.125f,0f,0f,0f,1f],start_interpolation: 0,interpolation_duration: 2}
$data merge entity $(bone_leg_left_back) {transformation: [-0.9993f,-0.0367f,-0.007f,0.1226f,-0.0374f,0.9819f,0.1858f,-0.3079f,0f,0.1859f,-0.9826f,-0.1875f,0f,0f,0f,1f],start_interpolation: 0,interpolation_duration: 2}
$data merge entity $(bone_head) {transformation: [-0.9993f,-0.0374f,0f,-0.0023f,-0.0374f,0.9993f,0f,-0.3125f,0f,0f,-1f,0f,0f,0f,0f,1f],start_interpolation: 0,interpolation_duration: 2}
$data merge entity $(bone_top) {transformation: [-0.9993f,-0.0374f,0f,0f,-0.0374f,0.9993f,0f,-0.375f,0f,0f,-1f,0f,0f,0f,0f,1f],start_interpolation: 0,interpolation_duration: 2}
$data merge entity $(bone_left) {transformation: [-0.9993f,-0.0374f,0f,0f,-0.0374f,0.9993f,0f,-0.375f,0f,0f,-1f,0f,0f,0f,0f,1f],start_interpolation: 0,interpolation_duration: 2}
$data merge entity $(bone_right) {transformation: [-0.9993f,-0.0374f,0f,0f,-0.0374f,0.9993f,0f,-0.375f,0f,0f,-1f,0f,0f,0f,0f,1f],start_interpolation: 0,interpolation_duration: 2}
$data merge entity $(bone_body) {transformation: [-0.9993f,-0.0374f,0f,0f,-0.0374f,0.9993f,0f,-0.375f,0f,0f,-1f,0f,0f,0f,0f,1f],start_interpolation: 0,interpolation_duration: 2}