# This file was generated by Animated Java via MC-Build. It is not recommended to edit this file directly.
$data merge entity $(bone_leg_left_front) {transformation: [-0.999f,0.0426f,0.0094f,0.1276f,0.0436f,0.9754f,0.2162f,-0.318f,0f,0.2164f,-0.9763f,0.125f,0f,0f,0f,1f],start_interpolation: 0,interpolation_duration: 1}
$data merge entity $(bone_leg_right_back) {transformation: [-0.999f,0.0426f,0.0094f,-0.1222f,0.0436f,0.9754f,0.2162f,-0.3071f,0f,0.2164f,-0.9763f,-0.1875f,0f,0f,0f,1f],start_interpolation: 0,interpolation_duration: 1}
$data merge entity $(bone_leg_right_front) {transformation: [-0.999f,0.0426f,-0.0094f,-0.1222f,0.0436f,0.9754f,-0.2162f,-0.3071f,0f,-0.2164f,-0.9763f,0.125f,0f,0f,0f,1f],start_interpolation: 0,interpolation_duration: 1}
$data merge entity $(bone_leg_left_back) {transformation: [-0.999f,0.0426f,-0.0094f,0.1276f,0.0436f,0.9754f,-0.2162f,-0.318f,0f,-0.2164f,-0.9763f,-0.1875f,0f,0f,0f,1f],start_interpolation: 0,interpolation_duration: 1}
$data merge entity $(bone_head) {transformation: [-0.999f,0.0436f,0f,0.0027f,0.0436f,0.999f,0f,-0.3126f,0f,0f,-1f,0f,0f,0f,0f,1f],start_interpolation: 0,interpolation_duration: 1}
$data merge entity $(bone_top) {transformation: [-0.999f,0.0436f,0f,0f,0.0436f,0.999f,0f,-0.375f,0f,0f,-1f,0f,0f,0f,0f,1f],start_interpolation: 0,interpolation_duration: 1}
$data merge entity $(bone_left) {transformation: [-0.999f,0.0436f,0f,0f,0.0436f,0.999f,0f,-0.375f,0f,0f,-1f,0f,0f,0f,0f,1f],start_interpolation: 0,interpolation_duration: 1}
$data merge entity $(bone_right) {transformation: [-0.999f,0.0436f,0f,0f,0.0436f,0.999f,0f,-0.375f,0f,0f,-1f,0f,0f,0f,0f,1f],start_interpolation: 0,interpolation_duration: 1}
$data merge entity $(bone_body) {transformation: [-0.999f,0.0436f,0f,0f,0.0436f,0.999f,0f,-0.375f,0f,0f,-1f,0f,0f,0f,0f,1f],start_interpolation: 0,interpolation_duration: 1}