# This file was generated by Animated Java via MC-Build. It is not recommended to edit this file directly.
$data merge entity $(bone_left_wing) { transformation: [-0.9961946980917455f,0.08715574274765818f,1.2246467991473532e-16f,-0.4048611111111111f,0.08715574274765818f,0.9961946980917455f,0f,-0.5118055555555556f,-1.2199866483456202e-16f,1.0673500138322974e-17f,-1f,-0.018750000000000048f,0f,0f,0f,1f], start_interpolation: 0, interpolation_duration: 1 }
$data merge entity $(bone_right_wing) { transformation: [-0.9961946980917455f,-0.08715574274765818f,1.2246467991473532e-16f,0.04166666666666667f,-0.08715574274765818f,0.9961946980917455f,0f,-0.5409722222222223f,-1.2199866483456202e-16f,-1.0673500138322974e-17f,-1f,-0.018749999999999996f,0f,0f,0f,1f], start_interpolation: 0, interpolation_duration: 1 }
$data merge entity $(bone_left_foot) { transformation: [-1f,0f,1.2246467991473532e-16f,-0.25f,0f,1f,0f,-0.5687500000000001f,-1.2246467991473532e-16f,0f,-1f,-0.01875000000000003f,0f,0f,0f,1f], start_interpolation: 0, interpolation_duration: 1 }
$data merge entity $(bone_right_foot) { transformation: [-1f,0f,1.2246467991473532e-16f,-5.35782974626967e-18f,0f,1f,0f,-0.5687500000000001f,-1.2246467991473532e-16f,0f,-1f,0.04375f,0f,0f,0f,1f], start_interpolation: 0, interpolation_duration: 1 }
$data merge entity $(bone_head) { transformation: [-1f,1.7043789261815557e-17f,1.2127286206821952e-16f,-0.04687500000000001f,0f,0.9902680687415704f,-0.13917310096006544f,-0.037500000000000006f,-1.2246467991473532e-16f,-0.13917310096006544f,-0.9902680687415704f,0.04374999999999999f,0f,0f,0f,1f], start_interpolation: 0, interpolation_duration: 1 }
$data merge entity $(bone_body) { transformation: [-1f,0f,1.2246467991473532e-16f,2.296212748401287e-18f,0f,1f,0f,-0.5375000000000001f,-1.2246467991473532e-16f,0f,-1f,-0.01875f,0f,0f,0f,1f], start_interpolation: 0, interpolation_duration: 1 }