# This file was generated by Animated Java via MC-Build. It is not recommended to edit this file directly.
$data merge entity $(bone_left_wing) { transformation: [-0.7557495743542584f,0.654860733945285f,1.2246467991473532e-16f,-0.6193181818181819f,0.654860733945285f,0.7557495743542584f,0f,-0.23750000000000004f,-9.255262971899171e-17f,8.019731017133797e-17f,-1f,-0.018750000000000076f,0f,0f,0f,1f], start_interpolation: 0, interpolation_duration: 1 }
$data merge entity $(bone_right_wing) { transformation: [-0.7557495743542584f,-0.654860733945285f,1.2246467991473532e-16f,0.34090909090909094f,-0.654860733945285f,0.7557495743542584f,0f,-0.4761363636363637f,-9.255262971899171e-17f,-8.019731017133797e-17f,-1f,-0.018749999999999958f,0f,0f,0f,1f], start_interpolation: 0, interpolation_duration: 1 }
$data merge entity $(bone_left_foot) { transformation: [-1f,0f,1.2246467991473532e-16f,-0.25f,0f,1f,0f,-0.45625000000000004f,-1.2246467991473532e-16f,0f,-1f,-0.01875000000000003f,0f,0f,0f,1f], start_interpolation: 0, interpolation_duration: 1 }
$data merge entity $(bone_right_foot) { transformation: [-1f,0f,1.2246467991473532e-16f,-5.35782974626967e-18f,0f,1f,0f,-0.45625000000000004f,-1.2246467991473532e-16f,0f,-1f,0.04375f,0f,0f,0f,1f], start_interpolation: 0, interpolation_duration: 1 }
$data merge entity $(bone_head) { transformation: [-1f,5.496204794924521e-17f,1.0943843525856647e-16f,-0.04687500000000001f,0f,0.8936326403234123f,-0.4487991802004621f,0.075f,-1.2246467991473532e-16f,-0.4487991802004621f,-0.8936326403234123f,0.04374999999999999f,0f,0f,0f,1f], start_interpolation: 0, interpolation_duration: 1 }
$data merge entity $(bone_body) { transformation: [-1f,0f,1.2246467991473532e-16f,2.296212748401287e-18f,0f,1f,0f,-0.42500000000000004f,-1.2246467991473532e-16f,0f,-1f,-0.01875f,0f,0f,0f,1f], start_interpolation: 0, interpolation_duration: 1 }
$data merge entity $(item_display_bartering_item) { transformation: [0.19742438018436903f,-0.03199294927460538f,0.0002555494673477535f,-1.683889348827611e-17f,-0.03196730790137398f,-0.19731876907252693f,-0.006587457570380481f,1.225f,0.0013058845111599826f,0.00646177749658229f,-0.19989132071510304f,0.1375f,0f,0f,0f,1f], start_interpolation: 0, interpolation_duration: 1 }