# This file was generated by Animated Java via MC-Build. It is not recommended to edit this file directly.
$data merge entity $(bone_left_wing) { transformation: [-0.8005412409243604f,0.599277666511347f,1.2246467991473532e-16f,-0.5948863636363636f,0.599277666511347f,0.8005412409243604f,0f,-0.26875000000000004f,-9.803802682834681e-17f,7.33903476093616e-17f,-1f,-0.018750000000000072f,0f,0f,0f,1f], start_interpolation: 0, interpolation_duration: 1 }
$data merge entity $(bone_right_wing) { transformation: [-0.8005412409243604f,-0.599277666511347f,1.2246467991473532e-16f,0.3068181818181818f,-0.599277666511347f,0.8005412409243604f,0f,-0.4835227272727273f,-9.803802682834681e-17f,-7.33903476093616e-17f,-1f,-0.01874999999999996f,0f,0f,0f,1f], start_interpolation: 0, interpolation_duration: 1 }
$data merge entity $(bone_left_foot) { transformation: [-1f,0f,1.2246467991473532e-16f,-0.25f,0f,1f,0f,-0.46875000000000006f,-1.2246467991473532e-16f,0f,-1f,-0.01875000000000003f,0f,0f,0f,1f], start_interpolation: 0, interpolation_duration: 1 }
$data merge entity $(bone_right_foot) { transformation: [-1f,0f,1.2246467991473532e-16f,-5.35782974626967e-18f,0f,1f,0f,-0.46875000000000006f,-1.2246467991473532e-16f,0f,-1f,0.04375f,0f,0f,0f,1f], start_interpolation: 0, interpolation_duration: 1 }
$data merge entity $(bone_head) { transformation: [-1f,4.9810872803871815e-17f,1.1187705205776151e-16f,-0.04687500000000001f,0f,0.913545457642601f,-0.40673664307580015f,0.062499999999999986f,-1.2246467991473532e-16f,-0.40673664307580015f,-0.913545457642601f,0.04374999999999999f,0f,0f,0f,1f], start_interpolation: 0, interpolation_duration: 1 }
$data merge entity $(bone_body) { transformation: [-1f,0f,1.2246467991473532e-16f,2.296212748401287e-18f,0f,1f,0f,-0.43750000000000006f,-1.2246467991473532e-16f,0f,-1f,-0.01875f,0f,0f,0f,1f], start_interpolation: 0, interpolation_duration: 1 }
$data merge entity $(item_display_bartering_item) { transformation: [0.17570602510951533f,-0.09553711238429496f,0.00022999453250375417f,-1.7451216887849785e-17f,-0.09548919727013905f,-0.17563217573625645f,-0.005928916499093155f,1.1043749999999999f,0.0030341300102102045f,0.005098921789882884f,-0.19991196825518429f,0.14250000000000002f,0f,0f,0f,1f], start_interpolation: 0, interpolation_duration: 1 }