# This file was generated by Animated Java via MC-Build. It is not recommended to edit this file directly.
$data merge entity $(bone_left_wing) { transformation: [-0.8412535328311812f,0.5406408174555977f,1.2246467991473532e-16f,-0.5704545454545454f,0.5406408174555977f,0.8412535328311812f,0f,-0.30000000000000004f,-1.0302384462531088e-16f,6.620940465854061e-17f,-1f,-0.01875000000000007f,0f,0f,0f,1f], start_interpolation: 0, interpolation_duration: 1 }
$data merge entity $(bone_right_wing) { transformation: [-0.8412535328311812f,-0.5406408174555977f,1.2246467991473532e-16f,0.27272727272727276f,-0.5406408174555977f,0.8412535328311812f,0f,-0.49090909090909096f,-1.0302384462531088e-16f,-6.620940465854061e-17f,-1f,-0.018749999999999965f,0f,0f,0f,1f], start_interpolation: 0, interpolation_duration: 1 }
$data merge entity $(bone_left_foot) { transformation: [-1f,0f,1.2246467991473532e-16f,-0.25f,0f,1f,0f,-0.48125000000000007f,-1.2246467991473532e-16f,0f,-1f,-0.01875000000000003f,0f,0f,0f,1f], start_interpolation: 0, interpolation_duration: 1 }
$data merge entity $(bone_right_foot) { transformation: [-1f,0f,1.2246467991473532e-16f,-5.35782974626967e-18f,0f,1f,0f,-0.48125000000000007f,-1.2246467991473532e-16f,0f,-1f,0.04375f,0f,0f,0f,1f], start_interpolation: 0, interpolation_duration: 1 }
$data merge entity $(bone_head) { transformation: [-1f,4.455181839974341e-17f,1.1407336807465123e-16f,-0.04687500000000001f,0f,0.9314797389261423f,-0.36379320495315154f,0.05f,-1.2246467991473532e-16f,-0.36379320495315154f,-0.9314797389261423f,0.04374999999999999f,0f,0f,0f,1f], start_interpolation: 0, interpolation_duration: 1 }
$data merge entity $(bone_body) { transformation: [-1f,0f,1.2246467991473532e-16f,2.296212748401287e-18f,0f,1f,0f,-0.45000000000000007f,-1.2246467991473532e-16f,0f,-1f,-0.01875f,0f,0f,0f,1f], start_interpolation: 0, interpolation_duration: 1 }
$data merge entity $(item_display_bartering_item) { transformation: [0.1341787616154448f,-0.1483105462730081f,0.00020443959390477418f,-1.7451216887849785e-17f,-0.14825550667552503f,-0.13413623136395394f,-0.00527031079341389f,0.9837500000000001f,0.004045327147338543f,0.003384272400049486f,-0.19993044297603424f,0.14250000000000002f,0f,0f,0f,1f], start_interpolation: 0, interpolation_duration: 1 }