# This file was generated by Animated Java via MC-Build. It is not recommended to edit this file directly.
$data merge entity $(bone_left_wing) { transformation: [-0.8776789895672557f,0.47924898672005684f,1.2246467991473532e-16f,-0.5460227272727273f,0.47924898672005684f,0.8776789895672557f,0f,-0.33125000000000004f,-1.0748467652524228e-16f,5.8691073758133e-17f,-1f,-0.018750000000000065f,0f,0f,0f,1f], start_interpolation: 0, interpolation_duration: 1 }
$data merge entity $(bone_right_wing) { transformation: [-0.8776789895672557f,-0.47924898672005684f,1.2246467991473532e-16f,0.23863636363636365f,-0.47924898672005684f,0.8776789895672557f,0f,-0.4982954545454546f,-1.0748467652524228e-16f,-5.8691073758133e-17f,-1f,-0.01874999999999997f,0f,0f,0f,1f], start_interpolation: 0, interpolation_duration: 1 }
$data merge entity $(bone_left_foot) { transformation: [-1f,0f,1.2246467991473532e-16f,-0.25f,0f,1f,0f,-0.49375f,-1.2246467991473532e-16f,0f,-1f,-0.01875000000000003f,0f,0f,0f,1f], start_interpolation: 0, interpolation_duration: 1 }
$data merge entity $(bone_right_foot) { transformation: [-1f,0f,1.2246467991473532e-16f,-5.35782974626967e-18f,0f,1f,0f,-0.49375f,-1.2246467991473532e-16f,0f,-1f,0.04375f,0f,0f,0f,1f], start_interpolation: 0, interpolation_duration: 1 }
$data merge entity $(bone_head) { transformation: [-1f,3.919627467762859e-17f,1.1602262657781226e-16f,-0.04687500000000001f,0f,0.9473966425143293f,-0.3200618717569716f,0.03749999999999999f,-1.2246467991473532e-16f,-0.3200618717569716f,-0.9473966425143293f,0.04374999999999999f,0f,0f,0f,1f], start_interpolation: 0, interpolation_duration: 1 }
$data merge entity $(bone_body) { transformation: [-1f,0f,1.2246467991473532e-16f,2.296212748401287e-18f,0f,1f,0f,-0.4625f,-1.2246467991473532e-16f,0f,-1f,-0.01875f,0f,0f,0f,1f], start_interpolation: 0, interpolation_duration: 1 }
$data merge entity $(item_display_bartering_item) { transformation: [0.07752432302745489f,-0.18436362802737452f,0.0001788846519680322f,-1.7757378587636622e-17f,-0.18431308490446385f,-0.07750754440122264f,-0.004611647633156516f,0.863125f,0.004320424994688499f,0.0016227203937766712f,-0.19994674467564832f,0.14500000000000002f,0f,0f,0f,1f], start_interpolation: 0, interpolation_duration: 1 }