# This file was generated by Animated Java via MC-Build. It is not recommended to edit this file directly.
$data merge entity $(bone_left_wing) { transformation: [-0.9096319953545183f,0.4154150130018865f,1.2246467991473532e-16f,-0.5215909090909091f,0.4154150130018865f,0.9096319953545183f,0f,-0.3625f,-1.113977911512931e-16f,5.087366659905164e-17f,-1f,-0.018750000000000062f,0f,0f,0f,1f], start_interpolation: 0, interpolation_duration: 1 }
$data merge entity $(bone_right_wing) { transformation: [-0.9096319953545183f,-0.4154150130018865f,1.2246467991473532e-16f,0.20454545454545459f,-0.4154150130018865f,0.9096319953545183f,0f,-0.5056818181818182f,-1.113977911512931e-16f,-5.087366659905164e-17f,-1f,-0.018749999999999975f,0f,0f,0f,1f], start_interpolation: 0, interpolation_duration: 1 }
$data merge entity $(bone_left_foot) { transformation: [-1f,0f,1.2246467991473532e-16f,-0.25f,0f,1f,0f,-0.5062500000000001f,-1.2246467991473532e-16f,0f,-1f,-0.01875000000000003f,0f,0f,0f,1f], start_interpolation: 0, interpolation_duration: 1 }
$data merge entity $(bone_right_foot) { transformation: [-1f,0f,1.2246467991473532e-16f,-5.35782974626967e-18f,0f,1f,0f,-0.5062500000000001f,-1.2246467991473532e-16f,0f,-1f,0.04375f,0f,0f,0f,1f], start_interpolation: 0, interpolation_duration: 1 }
$data merge entity $(bone_head) { transformation: [-1f,3.375584055267281e-17f,1.1772060590738186e-16f,-0.04687500000000001f,0f,0.9612616959383189f,-0.27563735581699916f,0.02500000000000001f,-1.2246467991473532e-16f,-0.27563735581699916f,-0.9612616959383189f,0.04374999999999999f,0f,0f,0f,1f], start_interpolation: 0, interpolation_duration: 1 }
$data merge entity $(bone_body) { transformation: [-1f,0f,1.2246467991473532e-16f,2.296212748401287e-18f,0f,1f,0f,-0.47500000000000003f,-1.2246467991473532e-16f,0f,-1f,-0.01875f,0f,0f,0f,1f], start_interpolation: 0, interpolation_duration: 1 }
$data merge entity $(item_display_bartering_item) { transformation: [0.01212986573768702f,-0.19963176813119346f,0.00015332970711075069f,-1.9288187086570813e-17f,-0.1995926468577963f,-0.012130524783340757f,-0.003952934198764929f,0.7425000000000002f,0.003954956066089174f,0.00008672539508382488f,-0.19996087317578196f,0.1575f,0f,0f,0f,1f], start_interpolation: 0, interpolation_duration: 1 }