# This file was generated by Animated Java via MC-Build. It is not recommended to edit this file directly.
$data merge entity $(bone_left_wing) { transformation: [-0.9369497249997617f,0.3494641795990983f,1.2246467991473532e-16f,-0.49715909090909094f,0.3494641795990983f,0.9369497249997617f,0f,-0.39375000000000004f,-1.147432481682951e-16f,4.2797018896269154e-17f,-1f,-0.018750000000000062f,0f,0f,0f,1f], start_interpolation: 0, interpolation_duration: 1 }
$data merge entity $(bone_right_wing) { transformation: [-0.9369497249997617f,-0.3494641795990983f,1.2246467991473532e-16f,0.17045454545454547f,-0.3494641795990983f,0.9369497249997617f,0f,-0.5130681818181818f,-1.147432481682951e-16f,-4.2797018896269154e-17f,-1f,-0.01874999999999998f,0f,0f,0f,1f], start_interpolation: 0, interpolation_duration: 1 }
$data merge entity $(bone_left_foot) { transformation: [-1f,0f,1.2246467991473532e-16f,-0.25f,0f,1f,0f,-0.51875f,-1.2246467991473532e-16f,0f,-1f,-0.01875000000000003f,0f,0f,0f,1f], start_interpolation: 0, interpolation_duration: 1 }
$data merge entity $(bone_right_foot) { transformation: [-1f,0f,1.2246467991473532e-16f,-5.35782974626967e-18f,0f,1f,0f,-0.51875f,-1.2246467991473532e-16f,0f,-1f,0.04375f,0f,0f,0f,1f], start_interpolation: 0, interpolation_duration: 1 }
$data merge entity $(bone_head) { transformation: [-1f,2.8242298793730914e-17f,1.1916362861823317e-16f,-0.04687500000000001f,0f,0.9730448705798238f,-0.23061587074244022f,0.012499999999999997f,-1.2246467991473532e-16f,-0.23061587074244022f,-0.9730448705798238f,0.04374999999999999f,0f,0f,0f,1f], start_interpolation: 0, interpolation_duration: 1 }
$data merge entity $(bone_body) { transformation: [-1f,0f,1.2246467991473532e-16f,2.296212748401287e-18f,0f,1f,0f,-0.48750000000000004f,-1.2246467991473532e-16f,0f,-1f,-0.01875f,0f,0f,0f,1f], start_interpolation: 0, interpolation_duration: 1 }
$data merge entity $(item_display_bartering_item) { transformation: [-0.054632111882250145f,-0.19239364860851327f,0.00012777475975014784f,-1.83697019872103e-17f,-0.19236816371788495f,0.05462268742271242f,-0.003294177671234362f,0.6218750000000001f,0.0031339973028556498f,-0.0010227383949875787f,-0.19997282832195257f,0.15000000000000002f,0f,0f,0f,1f], start_interpolation: 0, interpolation_duration: 1 }