# This file was generated by Animated Java via MC-Build. It is not recommended to edit this file directly.
$data merge entity $(bone_left_wing) { transformation: [-0.9594929736144974f,0.28173255684142967f,1.2246467991473532e-16f,-0.4727272727272727f,0.28173255684142967f,0.9594929736144974f,0f,-0.42500000000000004f,-1.17503999894137e-16f,3.450228739514566e-17f,-1f,-0.01875000000000006f,0f,0f,0f,1f], start_interpolation: 0, interpolation_duration: 1 }
$data merge entity $(bone_right_wing) { transformation: [-0.9594929736144974f,-0.28173255684142967f,1.2246467991473532e-16f,0.13636363636363635f,-0.28173255684142967f,0.9594929736144974f,0f,-0.5204545454545455f,-1.17503999894137e-16f,-3.450228739514566e-17f,-1f,-0.018749999999999982f,0f,0f,0f,1f], start_interpolation: 0, interpolation_duration: 1 }
$data merge entity $(bone_left_foot) { transformation: [-1f,0f,1.2246467991473532e-16f,-0.25f,0f,1f,0f,-0.53125f,-1.2246467991473532e-16f,0f,-1f,-0.01875000000000003f,0f,0f,0f,1f], start_interpolation: 0, interpolation_duration: 1 }
$data merge entity $(bone_right_foot) { transformation: [-1f,0f,1.2246467991473532e-16f,-5.35782974626967e-18f,0f,1f,0f,-0.53125f,-1.2246467991473532e-16f,0f,-1f,0.04375f,0f,0f,0f,1f], start_interpolation: 0, interpolation_duration: 1 }
$data merge entity $(bone_head) { transformation: [-1f,2.2667590504513536e-17f,1.203485694445026e-16f,-0.04687500000000001f,0f,0.9827206467064133f,-0.18509492304471456f,-1.3877787807814457e-17f,-1.2246467991473532e-16f,-0.18509492304471456f,-0.9827206467064133f,0.04374999999999999f,0f,0f,0f,1f], start_interpolation: 0, interpolation_duration: 1 }
$data merge entity $(bone_body) { transformation: [-1f,0f,1.2246467991473532e-16f,2.296212748401287e-18f,0f,1f,0f,-0.5f,-1.2246467991473532e-16f,0f,-1f,-0.01875f,0f,0f,0f,1f], start_interpolation: 0, interpolation_duration: 1 }
$data merge entity $(item_display_bartering_item) { transformation: [-0.11523493721459957f,-0.16346528315289974f,0.00010221981030344392f,-1.8675863686997138e-17f,-0.16345188860466245f,0.11522384673429285f,-0.00263538523203262f,0.50125f,0.00209507916707785f,-0.0016019823639823508f,-0.19998260998344122f,0.15250000000000002f,0f,0f,0f,1f], start_interpolation: 0, interpolation_duration: 1 }