# This file was generated by Animated Java via MC-Build. It is not recommended to edit this file directly.
$data merge entity $(bone_left_wing) { transformation: [-0.9771468659711595f,0.21256528955297668f,1.2246467991473532e-16f,-0.4482954545454546f,0.21256528955297668f,0.9771468659711595f,0f,-0.45625000000000004f,-1.1966597817084481e-16f,2.603174014608832e-17f,-1f,-0.018750000000000055f,0f,0f,0f,1f], start_interpolation: 0, interpolation_duration: 1 }
$data merge entity $(bone_right_wing) { transformation: [-0.9771468659711595f,-0.21256528955297668f,1.2246467991473532e-16f,0.10227272727272729f,-0.21256528955297668f,0.9771468659711595f,0f,-0.5278409090909091f,-1.1966597817084481e-16f,-2.603174014608832e-17f,-1f,-0.018749999999999985f,0f,0f,0f,1f], start_interpolation: 0, interpolation_duration: 1 }
$data merge entity $(bone_left_foot) { transformation: [-1f,0f,1.2246467991473532e-16f,-0.25f,0f,1f,0f,-0.5437500000000001f,-1.2246467991473532e-16f,0f,-1f,-0.01875000000000003f,0f,0f,0f,1f], start_interpolation: 0, interpolation_duration: 1 }
$data merge entity $(bone_right_foot) { transformation: [-1f,0f,1.2246467991473532e-16f,-5.35782974626967e-18f,0f,1f,0f,-0.5437500000000001f,-1.2246467991473532e-16f,0f,-1f,0.04375f,0f,0f,0f,1f], start_interpolation: 0, interpolation_duration: 1 }
$data merge entity $(bone_head) { transformation: [-1f,1.7043789261815563e-17f,1.2127286206821952e-16f,-0.04687500000000001f,0f,0.9902680687415704f,-0.1391731009600655f,-0.012499999999999997f,-1.2246467991473532e-16f,-0.1391731009600655f,-0.9902680687415704f,0.04374999999999999f,0f,0f,0f,1f], start_interpolation: 0, interpolation_duration: 1 }
$data merge entity $(bone_body) { transformation: [-1f,0f,1.2246467991473532e-16f,2.296212748401287e-18f,0f,1f,0f,-0.5125000000000001f,-1.2246467991473532e-16f,0f,-1f,-0.01875f,0f,0f,0f,1f], start_interpolation: 0, interpolation_duration: 1 }
$data merge entity $(item_display_bartering_item) { transformation: [-0.16284631274353176f,-0.11610802103358414f,0.0000766648591878596f,-1.8982025386783976e-17f,-0.11610297619587806f,0.16283793204583552f,-0.001976564063021342f,0.3806250000000001f,0.001085054973363861f,-0.0016538859394287385f,-0.19999021805329414f,0.155f,0f,0f,0f,1f], start_interpolation: 0, interpolation_duration: 1 }