# This file was generated by Animated Java via MC-Build. It is not recommended to edit this file directly.
$data merge entity $(bone_left_wing) { transformation: [-0.9898214418809327f,0.14231483827328523f,1.2246467991473532e-16f,-0.4238636363636364f,0.14231483827328523f,0.9898214418809327f,0f,-0.48750000000000004f,-1.2121816605269022e-16f,1.7428541116255198e-17f,-1f,-0.01875000000000005f,0f,0f,0f,1f], start_interpolation: 0, interpolation_duration: 1 }
$data merge entity $(bone_right_wing) { transformation: [-0.9898214418809327f,-0.14231483827328523f,1.2246467991473532e-16f,0.06818181818181823f,-0.14231483827328523f,0.9898214418809327f,0f,-0.5352272727272728f,-1.2121816605269022e-16f,-1.7428541116255198e-17f,-1f,-0.018749999999999992f,0f,0f,0f,1f], start_interpolation: 0, interpolation_duration: 1 }
$data merge entity $(bone_left_foot) { transformation: [-1f,0f,1.2246467991473532e-16f,-0.25f,0f,1f,0f,-0.55625f,-1.2246467991473532e-16f,0f,-1f,-0.01875000000000003f,0f,0f,0f,1f], start_interpolation: 0, interpolation_duration: 1 }
$data merge entity $(bone_right_foot) { transformation: [-1f,0f,1.2246467991473532e-16f,-5.35782974626967e-18f,0f,1f,0f,-0.55625f,-1.2246467991473532e-16f,0f,-1f,0.04375f,0f,0f,0f,1f], start_interpolation: 0, interpolation_duration: 1 }
$data merge entity $(bone_head) { transformation: [-1f,1.138307496683717e-17f,1.2193450467737975e-16f,-0.04687500000000001f,0f,0.9956707906498045f,-0.09294986092939213f,-0.02500000000000001f,-1.2246467991473532e-16f,-0.09294986092939213f,-0.9956707906498045f,0.04374999999999999f,0f,0f,0f,1f], start_interpolation: 0, interpolation_duration: 1 }
$data merge entity $(bone_body) { transformation: [-1f,0f,1.2246467991473532e-16f,2.296212748401287e-18f,0f,1f,0f,-0.525f,-1.2246467991473532e-16f,0f,-1f,-0.01875f,0f,0f,0f,1f], start_interpolation: 0, interpolation_duration: 1 }
$data merge entity $(item_display_bartering_item) { transformation: [-0.19209858238129246f,-0.055660866278519495f,0.000051109906820614816f,-1.9288187086570813e-17f,-0.055659983410301456f,0.192094325416495f,-0.0013177213463772223f,0.26f,0.0003176379429012366f,-0.0012798858958918496f,-0.19999565244832382f,0.1575f,0f,0f,0f,1f], start_interpolation: 0, interpolation_duration: 1 }