# This file was generated by Animated Java via MC-Build. It is not recommended to edit this file directly.
$data merge entity $(bone_left_wing) { transformation: [-0.9974521146102535f,0.0713391831992325f,1.2246467991473532e-16f,-0.3994318181818182f,0.0713391831992325f,0.9974521146102535f,0f,-0.51875f,-1.2215265394602058e-16f,8.736530235872673e-18f,-1f,-0.018750000000000048f,0f,0f,0f,1f], start_interpolation: 0, interpolation_duration: 1 }
$data merge entity $(bone_right_wing) { transformation: [-0.9974521146102535f,-0.0713391831992325f,1.2246467991473532e-16f,0.03409090909090917f,-0.0713391831992325f,0.9974521146102535f,0f,-0.5426136363636364f,-1.2215265394602058e-16f,-8.736530235872673e-18f,-1f,-0.018749999999999996f,0f,0f,0f,1f], start_interpolation: 0, interpolation_duration: 1 }
$data merge entity $(bone_left_foot) { transformation: [-1f,0f,1.2246467991473532e-16f,-0.25f,0f,1f,0f,-0.5687500000000001f,-1.2246467991473532e-16f,0f,-1f,-0.01875000000000003f,0f,0f,0f,1f], start_interpolation: 0, interpolation_duration: 1 }
$data merge entity $(bone_right_foot) { transformation: [-1f,0f,1.2246467991473532e-16f,-5.35782974626967e-18f,0f,1f,0f,-0.5687500000000001f,-1.2246467991473532e-16f,0f,-1f,0.04375f,0f,0f,0f,1f], start_interpolation: 0, interpolation_duration: 1 }
$data merge entity $(bone_head) { transformation: [-1f,5.697707466230184e-18f,1.2233206430142443e-16f,-0.04687500000000001f,0f,0.9989171113385246f,-0.04652531219774673f,-0.03749999999999999f,-1.2246467991473532e-16f,-0.04652531219774673f,-0.9989171113385246f,0.04374999999999999f,0f,0f,0f,1f], start_interpolation: 0, interpolation_duration: 1 }
$data merge entity $(bone_body) { transformation: [-1f,0f,1.2246467991473532e-16f,2.296212748401287e-18f,0f,1f,0f,-0.5375000000000001f,-1.2246467991473532e-16f,0f,-1f,-0.01875f,0f,0f,0f,1f], start_interpolation: 0, interpolation_duration: 1 }
$data merge entity $(item_display_bartering_item) { transformation: [-0.19969387567534747f,0.011061435924111095f,0.00002555495361892975f,-1.959434878635765e-17f,0.011061291934461048f,0.19969279836444173f,-0.0006588642645132637f,0.13937500000000025f,-0.00006195562522418824f,-0.0006564424386114518f,-0.19999891310910992f,0.16f,0f,0f,0f,1f], start_interpolation: 0, interpolation_duration: 1 }