# This file was generated by Animated Java via MC-Build. It is not recommended to edit this file directly.
$data merge entity $(bone_left_wing) { transformation: [-0.984807753012208f,0.17364817766693033f,1.2246467991473532e-16f,-0.43472222222222223f,0.17364817766693033f,0.984807753012208f,0f,-0.47361111111111115f,-1.2060416625018976e-16f,2.1265768495757713e-17f,-1f,-0.01875000000000005f,0f,0f,0f,1f], start_interpolation: 0, interpolation_duration: 1 }
$data merge entity $(bone_right_wing) { transformation: [-0.984807753012208f,-0.17364817766693033f,1.2246467991473532e-16f,0.08333333333333334f,-0.17364817766693033f,0.984807753012208f,0f,-0.5319444444444444f,-1.2060416625018976e-16f,-2.1265768495757713e-17f,-1f,-0.01874999999999999f,0f,0f,0f,1f], start_interpolation: 0, interpolation_duration: 1 }
$data merge entity $(bone_left_foot) { transformation: [-1f,0f,1.2246467991473532e-16f,-0.25f,0f,1f,0f,-0.55625f,-1.2246467991473532e-16f,0f,-1f,-0.01875000000000003f,0f,0f,0f,1f], start_interpolation: 0, interpolation_duration: 1 }
$data merge entity $(bone_right_foot) { transformation: [-1f,0f,1.2246467991473532e-16f,-5.35782974626967e-18f,0f,1f,0f,-0.55625f,-1.2246467991473532e-16f,0f,-1f,0.04375f,0f,0f,0f,1f], start_interpolation: 0, interpolation_duration: 1 }
$data merge entity $(bone_head) { transformation: [-1f,3.375584055267281e-17f,1.1772060590738186e-16f,-0.04687500000000001f,0f,0.9612616959383189f,-0.27563735581699916f,-0.025f,-1.2246467991473532e-16f,-0.27563735581699916f,-0.9612616959383189f,0.04374999999999999f,0f,0f,0f,1f], start_interpolation: 0, interpolation_duration: 1 }
$data merge entity $(bone_body) { transformation: [-1f,0f,1.2246467991473532e-16f,2.296212748401287e-18f,0f,1f,0f,-0.525f,-1.2246467991473532e-16f,0f,-1f,-0.01875f,0f,0f,0f,1f], start_interpolation: 0, interpolation_duration: 1 }
$data merge entity $(item_display_bartering_item) { transformation: [-0.13925562485537576f,0.14350881787750588f,0.0036180295106177473f,-2.1048616860345134e-17f,0.14004682109011998f,0.13691736996658332f,-0.040503354231293934f,0.0390625f,-0.03153979785431067f,-0.025668131853226035f,-0.19582233825198447f,0.171875f,0f,0f,0f,1f], start_interpolation: 0, interpolation_duration: 1 }