# This file was generated by Animated Java via MC-Build. It is not recommended to edit this file directly.
$data merge entity $(bone_left_wing) { transformation: [-0.9659258262890683f,0.25881904510252074f,1.2246467991473532e-16f,-0.46458333333333335f,0.25881904510252074f,0.9659258262890683f,0f,-0.43541666666666673f,-1.1829179713786698e-16f,3.169619151431765e-17f,-1f,-0.018750000000000055f,0f,0f,0f,1f], start_interpolation: 0, interpolation_duration: 1 }
$data merge entity $(bone_right_wing) { transformation: [-0.9659258262890683f,-0.25881904510252074f,1.2246467991473532e-16f,0.125f,-0.25881904510252074f,0.9659258262890683f,0f,-0.5229166666666667f,-1.1829179713786698e-16f,-3.169619151431765e-17f,-1f,-0.018749999999999985f,0f,0f,0f,1f], start_interpolation: 0, interpolation_duration: 1 }
$data merge entity $(bone_left_foot) { transformation: [-1f,0f,1.2246467991473532e-16f,-0.25f,0f,1f,0f,-0.5437500000000001f,-1.2246467991473532e-16f,0f,-1f,-0.01875000000000003f,0f,0f,0f,1f], start_interpolation: 0, interpolation_duration: 1 }
$data merge entity $(bone_right_foot) { transformation: [-1f,0f,1.2246467991473532e-16f,-5.35782974626967e-18f,0f,1f,0f,-0.5437500000000001f,-1.2246467991473532e-16f,0f,-1f,0.04375f,0f,0f,0f,1f], start_interpolation: 0, interpolation_duration: 1 }
$data merge entity $(bone_head) { transformation: [-1f,4.981087280387182e-17f,1.1187705205776151e-16f,-0.04687500000000001f,0f,0.9135454576426009f,-0.4067366430758002f,-0.012500000000000004f,-1.2246467991473532e-16f,-0.4067366430758002f,-0.9135454576426009f,0.04374999999999999f,0f,0f,0f,1f], start_interpolation: 0, interpolation_duration: 1 }
$data merge entity $(bone_body) { transformation: [-1f,0f,1.2246467991473532e-16f,2.296212748401287e-18f,0f,1f,0f,-0.5125000000000001f,-1.2246467991473532e-16f,0f,-1f,-0.01875f,0f,0f,0f,1f], start_interpolation: 0, interpolation_duration: 1 }
$data merge entity $(item_display_bartering_item) { transformation: [-0.13701423523640202f,0.1455154834634279f,0.007234874911753637f,-1.9135106236677395e-17f,0.13169548628255032f,0.12794377178824806f,-0.0792886508486511f,0.05937499999999999f,-0.06231691773015164f,-0.04955436744628603f,-0.18346925200592057f,0.15625f,0f,0f,0f,1f], start_interpolation: 0, interpolation_duration: 1 }