# This file was generated by Animated Java via MC-Build. It is not recommended to edit this file directly.
$data merge entity $(bone_left_wing) { transformation: [-0.9396926207859084f,0.34202014332566866f,1.2246467991473532e-16f,-0.49444444444444446f,0.34202014332566866f,0.9396926207859084f,0f,-0.39722222222222225f,-1.1507915602278503e-16f,4.188538737676991e-17f,-1f,-0.01875000000000006f,0f,0f,0f,1f], start_interpolation: 0, interpolation_duration: 1 }
$data merge entity $(bone_right_wing) { transformation: [-0.9396926207859084f,-0.34202014332566866f,1.2246467991473532e-16f,0.16666666666666669f,-0.34202014332566866f,0.9396926207859084f,0f,-0.513888888888889f,-1.1507915602278503e-16f,-4.188538737676991e-17f,-1f,-0.01874999999999998f,0f,0f,0f,1f], start_interpolation: 0, interpolation_duration: 1 }
$data merge entity $(bone_left_foot) { transformation: [-1f,0f,1.2246467991473532e-16f,-0.25f,0f,1f,0f,-0.53125f,-1.2246467991473532e-16f,0f,-1f,-0.01875000000000003f,0f,0f,0f,1f], start_interpolation: 0, interpolation_duration: 1 }
$data merge entity $(bone_right_foot) { transformation: [-1f,0f,1.2246467991473532e-16f,-5.35782974626967e-18f,0f,1f,0f,-0.53125f,-1.2246467991473532e-16f,0f,-1f,0.04375f,0f,0f,0f,1f], start_interpolation: 0, interpolation_duration: 1 }
$data merge entity $(bone_head) { transformation: [-1f,6.489639307497149e-17f,1.0385593864809738e-16f,-0.04687500000000001f,0f,0.848048096156426f,-0.5299192642332049f,0f,-1.2246467991473532e-16f,-0.5299192642332049f,-0.848048096156426f,0.04374999999999999f,0f,0f,0f,1f], start_interpolation: 0, interpolation_duration: 1 }
$data merge entity $(bone_body) { transformation: [-1f,0f,1.2246467991473532e-16f,2.296212748401287e-18f,0f,1f,0f,-0.5f,-1.2246467991473532e-16f,0f,-1f,-0.01875f,0f,0f,0f,1f], start_interpolation: 0, interpolation_duration: 1 }
$data merge entity $(item_display_bartering_item) { transformation: [-0.13469988120869258f,0.14743891464975287f,0.010849352481461521f,-1.7221595613009655e-17f,0.11666327380963476f,0.11502451364177345f,-0.11471286678263984f,0.0796875f,-0.09080541033651192f,-0.0709304427476409f,-0.16347247396807005f,0.140625f,0f,0f,0f,1f], start_interpolation: 0, interpolation_duration: 1 }