# This file was generated by Animated Java via MC-Build. It is not recommended to edit this file directly.
$data merge entity $(bone_left_wing) { transformation: [-0.9063077870366499f,0.42261826174069944f,1.2246467991473532e-16f,-0.5243055555555556f,0.42261826174069944f,0.9063077870366499f,0f,-0.35902777777777783f,-1.1099069304367545e-16f,5.175581015019659e-17f,-1f,-0.018750000000000065f,0f,0f,0f,1f], start_interpolation: 0, interpolation_duration: 1 }
$data merge entity $(bone_right_wing) { transformation: [-0.9063077870366499f,-0.42261826174069944f,1.2246467991473532e-16f,0.20833333333333334f,-0.42261826174069944f,0.9063077870366499f,0f,-0.5048611111111112f,-1.1099069304367545e-16f,-5.175581015019659e-17f,-1f,-0.018749999999999975f,0f,0f,0f,1f], start_interpolation: 0, interpolation_duration: 1 }
$data merge entity $(bone_left_foot) { transformation: [-1f,0f,1.2246467991473532e-16f,-0.25f,0f,1f,0f,-0.51875f,-1.2246467991473532e-16f,0f,-1f,-0.01875000000000003f,0f,0f,0f,1f], start_interpolation: 0, interpolation_duration: 1 }
$data merge entity $(bone_right_foot) { transformation: [-1f,0f,1.2246467991473532e-16f,-5.35782974626967e-18f,0f,1f,0f,-0.51875f,-1.2246467991473532e-16f,0f,-1f,0.04375f,0f,0f,0f,1f], start_interpolation: 0, interpolation_duration: 1 }
$data merge entity $(bone_head) { transformation: [-1f,7.871877887341986e-17f,9.381338752702732e-17f,-0.04687500000000001f,0f,0.7660444431189781f,-0.6427876096865394f,0.012499999999999997f,-1.2246467991473532e-16f,-0.6427876096865394f,-0.7660444431189781f,0.04374999999999999f,0f,0f,0f,1f], start_interpolation: 0, interpolation_duration: 1 }
$data merge entity $(bone_body) { transformation: [-1f,0f,1.2246467991473532e-16f,2.296212748401287e-18f,0f,1f,0f,-0.48750000000000004f,-1.2246467991473532e-16f,0f,-1f,-0.01875f,0f,0f,0f,1f], start_interpolation: 0, interpolation_duration: 1 }
$data merge entity $(item_display_bartering_item) { transformation: [-0.1323153359652539f,0.14927676373688023f,0.014460279272739514f,-1.5308084989341915e-17f,0.09557519324746325f,0.09878864098975029f,-0.14527968490848364f,0.1f,-0.11557696268769155f,-0.0892034316584394f,-0.13669203881808953f,0.125f,0f,0f,0f,1f], start_interpolation: 0, interpolation_duration: 1 }