# This file was generated by Animated Java via MC-Build. It is not recommended to edit this file directly.
$data merge entity $(bone_left_wing) { transformation: [-0.8660254037844387f,0.49999999999999994f,1.2246467991473532e-16f,-0.5541666666666667f,0.49999999999999994f,0.8660254037844387f,0f,-0.3208333333333334f,-1.0605752387249069e-16f,6.123233995736765e-17f,-1f,-0.01875000000000007f,0f,0f,0f,1f], start_interpolation: 0, interpolation_duration: 1 }
$data merge entity $(bone_right_wing) { transformation: [-0.8660254037844387f,-0.49999999999999994f,1.2246467991473532e-16f,0.25f,-0.49999999999999994f,0.8660254037844387f,0f,-0.49583333333333335f,-1.0605752387249069e-16f,-6.123233995736765e-17f,-1f,-0.018749999999999968f,0f,0f,0f,1f], start_interpolation: 0, interpolation_duration: 1 }
$data merge entity $(bone_left_foot) { transformation: [-1f,0f,1.2246467991473532e-16f,-0.25f,0f,1f,0f,-0.5062500000000001f,-1.2246467991473532e-16f,0f,-1f,-0.01875000000000003f,0f,0f,0f,1f], start_interpolation: 0, interpolation_duration: 1 }
$data merge entity $(bone_right_foot) { transformation: [-1f,0f,1.2246467991473532e-16f,-5.35782974626967e-18f,0f,1f,0f,-0.5062500000000001f,-1.2246467991473532e-16f,0f,-1f,0.04375f,0f,0f,0f,1f], start_interpolation: 0, interpolation_duration: 1 }
$data merge entity $(bone_head) { transformation: [-1f,7.426883805730951e-17f,9.737421383629093e-17f,-0.04687500000000001f,0f,0.7951207964948477f,-0.6064510853988134f,0.024999999999999994f,-1.2246467991473532e-16f,-0.6064510853988134f,-0.7951207964948477f,0.04374999999999999f,0f,0f,0f,1f], start_interpolation: 0, interpolation_duration: 1 }
$data merge entity $(bone_body) { transformation: [-1f,0f,1.2246467991473532e-16f,2.296212748401287e-18f,0f,1f,0f,-0.47500000000000003f,-1.2246467991473532e-16f,0f,-1f,-0.01875f,0f,0f,0f,1f], start_interpolation: 0, interpolation_duration: 1 }
$data merge entity $(item_display_bartering_item) { transformation: [-0.04627611297142814f,0.19422520419354503f,0.011622883645264634f,-1.5614246689128753e-17f,0.1521337997683425f,0.0435661275837205f,-0.12230003882012822f,0.32499999999999996f,-0.1213005702224911f,-0.019456684798154333f,-0.15782144683269056f,0.1275f,0f,0f,0f,1f], start_interpolation: 0, interpolation_duration: 1 }