# This file was generated by Animated Java via MC-Build. It is not recommended to edit this file directly.
$data merge entity $(bone_left_wing) { transformation: [-0.8191520442889919f,0.5735764363510459f,1.2246467991473532e-16f,-0.5840277777777777f,0.5735764363510459f,0.8191520442889919f,0f,-0.282638888888889f,-1.0031719290535249e-16f,7.02428546843654e-17f,-1f,-0.018750000000000072f,0f,0f,0f,1f], start_interpolation: 0, interpolation_duration: 1 }
$data merge entity $(bone_right_wing) { transformation: [-0.8191520442889919f,-0.5735764363510459f,1.2246467991473532e-16f,0.29166666666666663f,-0.5735764363510459f,0.8191520442889919f,0f,-0.4868055555555556f,-1.0031719290535249e-16f,-7.02428546843654e-17f,-1f,-0.018749999999999965f,0f,0f,0f,1f], start_interpolation: 0, interpolation_duration: 1 }
$data merge entity $(bone_left_foot) { transformation: [-1f,0f,1.2246467991473532e-16f,-0.25f,0f,1f,0f,-0.49375f,-1.2246467991473532e-16f,0f,-1f,-0.01875000000000003f,0f,0f,0f,1f], start_interpolation: 0, interpolation_duration: 1 }
$data merge entity $(bone_right_foot) { transformation: [-1f,0f,1.2246467991473532e-16f,-5.35782974626967e-18f,0f,1f,0f,-0.49375f,-1.2246467991473532e-16f,0f,-1f,0.04375f,0f,0f,0f,1f], start_interpolation: 0, interpolation_duration: 1 }
$data merge entity $(bone_head) { transformation: [-1f,6.96580474759327e-17f,1.0072414928138774e-16f,-0.04687500000000001f,0f,0.8224750952806623f,-0.5688011231028518f,0.03749999999999999f,-1.2246467991473532e-16f,-0.5688011231028518f,-0.8224750952806623f,0.04374999999999999f,0f,0f,0f,1f], start_interpolation: 0, interpolation_duration: 1 }
$data merge entity $(bone_body) { transformation: [-1f,0f,1.2246467991473532e-16f,2.296212748401287e-18f,0f,1f,0f,-0.4625f,-1.2246467991473532e-16f,0f,-1f,-0.01875f,0f,0f,0f,1f], start_interpolation: 0, interpolation_duration: 1 }
$data merge entity $(item_display_bartering_item) { transformation: [0.05087172817396117f,0.1932224721594737f,0.008783138685914776f,-1.5920408388915593e-17f,0.17056030587305748f,-0.0405294848254274f,-0.09626288443774428f,0.5499999999999998f,-0.09122088211086135f,0.03197557055576738f,-0.17508944444069002f,0.13f,0f,0f,0f,1f], start_interpolation: 0, interpolation_duration: 1 }