# This file was generated by Animated Java via MC-Build. It is not recommended to edit this file directly.
$data merge entity $(bone_left_wing) { transformation: [-0.7660444431189781f,0.6427876096865394f,1.2246467991473532e-16f,-0.6138888888888889f,0.6427876096865394f,0.7660444431189781f,0f,-0.24444444444444446f,-9.381338752702732e-17f,7.871877887341986e-17f,-1f,-0.018750000000000076f,0f,0f,0f,1f], start_interpolation: 0, interpolation_duration: 1 }
$data merge entity $(bone_right_wing) { transformation: [-0.7660444431189781f,-0.6427876096865394f,1.2246467991473532e-16f,0.33333333333333337f,-0.6427876096865394f,0.7660444431189781f,0f,-0.4777777777777778f,-9.381338752702732e-17f,-7.871877887341986e-17f,-1f,-0.018749999999999958f,0f,0f,0f,1f], start_interpolation: 0, interpolation_duration: 1 }
$data merge entity $(bone_left_foot) { transformation: [-1f,0f,1.2246467991473532e-16f,-0.25f,0f,1f,0f,-0.48125000000000007f,-1.2246467991473532e-16f,0f,-1f,-0.01875000000000003f,0f,0f,0f,1f], start_interpolation: 0, interpolation_duration: 1 }
$data merge entity $(bone_right_foot) { transformation: [-1f,0f,1.2246467991473532e-16f,-5.35782974626967e-18f,0f,1f,0f,-0.48125000000000007f,-1.2246467991473532e-16f,0f,-1f,0.04375f,0f,0f,0f,1f], start_interpolation: 0, interpolation_duration: 1 }
$data merge entity $(bone_head) { transformation: [-1f,6.489639307497149e-17f,1.0385593864809738e-16f,-0.04687500000000001f,0f,0.848048096156426f,-0.5299192642332049f,0.05f,-1.2246467991473532e-16f,-0.5299192642332049f,-0.848048096156426f,0.04374999999999999f,0f,0f,0f,1f], start_interpolation: 0, interpolation_duration: 1 }
$data merge entity $(bone_body) { transformation: [-1f,0f,1.2246467991473532e-16f,2.296212748401287e-18f,0f,1f,0f,-0.45000000000000007f,-1.2246467991473532e-16f,0f,-1f,-0.01875f,0f,0f,0f,1f], start_interpolation: 0, interpolation_duration: 1 }
$data merge entity $(item_display_bartering_item) { transformation: [0.13608845524105165f,0.14643984949797223f,0.005941618391948546f,-1.622657008870243e-17f,0.13918913944867223f,-0.1265986804392519f,-0.06781708907479204f,0.775f,-0.045894616347044226f,0.05028065821020485f,-0.18805727744574574f,0.1325f,0f,0f,0f,1f], start_interpolation: 0, interpolation_duration: 1 }