# This file was generated by Animated Java via MC-Build. It is not recommended to edit this file directly.
$data merge entity $(bone_left_wing) { transformation: [-0.7071067811865475f,0.7071067811865476f,1.2246467991473532e-16f,-0.64375f,0.7071067811865476f,0.7071067811865475f,0f,-0.20625000000000004f,-8.659560562354932e-17f,8.659560562354934e-17f,-1f,-0.01875000000000008f,0f,0f,0f,1f], start_interpolation: 0, interpolation_duration: 1 }
$data merge entity $(bone_right_wing) { transformation: [-0.7071067811865475f,-0.7071067811865476f,1.2246467991473532e-16f,0.375f,-0.7071067811865476f,0.7071067811865475f,0f,-0.46875000000000006f,-8.659560562354932e-17f,-8.659560562354934e-17f,-1f,-0.018749999999999954f,0f,0f,0f,1f], start_interpolation: 0, interpolation_duration: 1 }
$data merge entity $(bone_left_foot) { transformation: [-1f,0f,1.2246467991473532e-16f,-0.25f,0f,1f,0f,-0.46875000000000006f,-1.2246467991473532e-16f,0f,-1f,-0.01875000000000003f,0f,0f,0f,1f], start_interpolation: 0, interpolation_duration: 1 }
$data merge entity $(bone_right_foot) { transformation: [-1f,0f,1.2246467991473532e-16f,-5.35782974626967e-18f,0f,1f,0f,-0.46875000000000006f,-1.2246467991473532e-16f,0f,-1f,0.04375f,0f,0f,0f,1f], start_interpolation: 0, interpolation_duration: 1 }
$data merge entity $(bone_head) { transformation: [-1f,5.99941875375472e-17f,1.0676279917802921e-16f,-0.04687500000000001f,0f,0.8717844136967624f,-0.489889718238087f,0.0625f,-1.2246467991473532e-16f,-0.489889718238087f,-0.8717844136967624f,0.04374999999999999f,0f,0f,0f,1f], start_interpolation: 0, interpolation_duration: 1 }
$data merge entity $(bone_body) { transformation: [-1f,0f,1.2246467991473532e-16f,2.296212748401287e-18f,0f,1f,0f,-0.43750000000000006f,-1.2246467991473532e-16f,0f,-1f,-0.01875f,0f,0f,0f,1f], start_interpolation: 0, interpolation_duration: 1 }
$data merge entity $(item_display_bartering_item) { transformation: [0.18914147956603633f,0.06492994335600191f,0.00309889711947274f,-1.653273178848927e-17f,0.06432714535277302f,-0.18558748095705366f,-0.03767366829469227f,1f,-0.009355163191195792f,0.0366249828368789f,-0.1963952432057977f,0.135f,0f,0f,0f,1f], start_interpolation: 0, interpolation_duration: 1 }