# This file was generated by Animated Java via MC-Build. It is not recommended to edit this file directly.
$data merge entity $(bone_tail) {transformation: [-1f,0f,0f,-0.0312f,0f,0.9976f,0.0698f,-0.4312f,0f,0.0698f,-0.9976f,-0.2562f,0f,0f,0f,1f],start_interpolation: 0,interpolation_duration: 1}
$data merge entity $(bone_left_wing) {transformation: [-0.9951f,0.0647f,-0.0743f,-0.375f,0.0696f,0.9955f,-0.0647f,-0.525f,0.0698f,-0.0696f,-0.9951f,0.0312f,0f,0f,0f,1f],start_interpolation: 0,interpolation_duration: 1}
$data merge entity $(bone_right_wing) {transformation: [-0.9951f,0.0744f,-0.0646f,0f,0.0696f,0.9948f,0.0744f,-0.55f,0.0698f,0.0696f,-0.9951f,-0.0487f,0f,0f,0f,1f],start_interpolation: 0,interpolation_duration: 1}
$data merge entity $(bone_left_foot) {transformation: [-0.9976f,0.0698f,0f,-0.25f,0.0698f,0.9976f,0f,-0.5612f,0f,0f,-1f,0.0012f,0f,0f,0f,1f],start_interpolation: 0,interpolation_duration: 1}
$data merge entity $(bone_right_foot) {transformation: [-0.9976f,0.0698f,0f,0f,0.0698f,0.9976f,0f,-0.5812f,0f,0f,-1f,0.0438f,0f,0f,0f,1f],start_interpolation: 0,interpolation_duration: 1}
$data merge entity $(bone_head) {transformation: [-0.9996f,0.0279f,0f,-0.0119f,0.0279f,0.9996f,0f,-0.05f,0f,0f,-1f,0.0438f,0f,0f,0f,1f],start_interpolation: 0,interpolation_duration: 1}
$data merge entity $(bone_body) {transformation: [-0.9951f,0.0698f,-0.0696f,0f,0.0696f,0.9976f,0.0049f,-0.55f,0.0698f,0f,-0.9976f,-0.0187f,0f,0f,0f,1f],start_interpolation: 0,interpolation_duration: 1}