# This file was generated by Animated Java via MC-Build. It is not recommended to edit this file directly.
$data merge entity $(bone_tail) {transformation: [-1f,0f,0f,-0.0312f,0f,0.9998f,0.0175f,-0.4312f,0f,0.0175f,-0.9998f,-0.2562f,0f,0f,0f,1f],start_interpolation: 0,interpolation_duration: 2}
$data merge entity $(bone_left_wing) {transformation: [-0.9997f,0.0171f,-0.0178f,-0.375f,0.0174f,0.9997f,-0.0171f,-0.5438f,0.0175f,-0.0174f,-0.9997f,-0.0063f,0f,0f,0f,1f],start_interpolation: 0,interpolation_duration: 2}
$data merge entity $(bone_right_wing) {transformation: [-0.9997f,0.0178f,-0.0171f,0f,0.0174f,0.9997f,0.0178f,-0.55f,0.0175f,0.0174f,-0.9997f,-0.0263f,0f,0f,0f,1f],start_interpolation: 0,interpolation_duration: 2}
$data merge entity $(bone_left_foot) {transformation: [-0.9998f,0.0175f,0f,-0.25f,0.0175f,0.9998f,0f,-0.5762f,0f,0f,-1f,-0.0138f,0f,0f,0f,1f],start_interpolation: 0,interpolation_duration: 2}
$data merge entity $(bone_right_foot) {transformation: [-0.9998f,0.0175f,0f,0f,0.0175f,0.9998f,0f,-0.5812f,0f,0f,-1f,0.0438f,0f,0f,0f,1f],start_interpolation: 0,interpolation_duration: 2}
$data merge entity $(bone_head) {transformation: [-1f,0.007f,0f,-0.0381f,0.007f,1f,0f,-0.05f,0f,0f,-1f,0.0437f,0f,0f,0f,1f],start_interpolation: 0,interpolation_duration: 2}
$data merge entity $(bone_body) {transformation: [-0.9997f,0.0175f,-0.0174f,0f,0.0174f,0.9998f,0.0003f,-0.55f,0.0175f,0f,-0.9998f,-0.0187f,0f,0f,0f,1f],start_interpolation: 0,interpolation_duration: 2}