# This file was generated by Animated Java via MC-Build. It is not recommended to edit this file directly.
$data merge entity $(bone_tail) {transformation: [-1f,0f,0f,-0.0312f,0f,0.9962f,0.0872f,-0.4312f,0f,0.0872f,-0.9962f,-0.2562f,0f,0f,0f,1f],start_interpolation: 0,interpolation_duration: 1}
$data merge entity $(bone_left_wing) {transformation: [-0.9924f,-0.0944f,0.0789f,-0.375f,-0.0868f,0.9917f,0.0944f,-0.5812f,-0.0872f,0.0868f,-0.9924f,-0.0813f,0f,0f,0f,1f],start_interpolation: 0,interpolation_duration: 1}
$data merge entity $(bone_right_wing) {transformation: [-0.9924f,-0.0793f,0.0941f,0f,-0.0868f,0.9931f,-0.0793f,-0.55f,-0.0872f,-0.0868f,-0.9924f,0.0188f,0f,0f,0f,1f],start_interpolation: 0,interpolation_duration: 1}
$data merge entity $(bone_left_foot) {transformation: [-0.9962f,-0.0872f,0f,-0.25f,-0.0872f,0.9962f,0f,-0.6f,0f,0f,-1f,-0.0188f,0f,0f,0f,1f],start_interpolation: 0,interpolation_duration: 1}
$data merge entity $(bone_right_foot) {transformation: [-0.9962f,-0.0872f,0f,0f,-0.0872f,0.9962f,0f,-0.5812f,0f,0f,-1f,0.0688f,0f,0f,0f,1f],start_interpolation: 0,interpolation_duration: 1}
$data merge entity $(bone_head) {transformation: [-0.9994f,-0.0349f,0f,-0.0906f,-0.0349f,0.9994f,0f,-0.0625f,0f,0f,-1f,0.0437f,0f,0f,0f,1f],start_interpolation: 0,interpolation_duration: 1}
$data merge entity $(bone_body) {transformation: [-0.9924f,-0.0872f,0.0868f,0f,-0.0868f,0.9962f,0.0076f,-0.55f,-0.0872f,0f,-0.9962f,-0.0187f,0f,0f,0f,1f],start_interpolation: 0,interpolation_duration: 1}