# This file was generated by Animated Java via MC-Build. It is not recommended to edit this file directly.
$data merge entity $(bone_tail) {transformation: [-1f,0f,0f,-0.0312f,0f,0.9986f,0.0523f,-0.4312f,0f,0.0523f,-0.9986f,-0.2562f,0f,0f,0f,1f],start_interpolation: 0,interpolation_duration: 1}
$data merge entity $(bone_left_wing) {transformation: [-0.9973f,-0.055f,0.0495f,-0.375f,-0.0523f,0.9971f,0.055f,-0.5688f,-0.0523f,0.0523f,-0.9973f,-0.0563f,0f,0f,0f,1f],start_interpolation: 0,interpolation_duration: 1}
$data merge entity $(bone_right_wing) {transformation: [-0.9973f,-0.0495f,0.0549f,0f,-0.0523f,0.9974f,-0.0495f,-0.55f,-0.0523f,-0.0523f,-0.9973f,0.0038f,0f,0f,0f,1f],start_interpolation: 0,interpolation_duration: 1}
$data merge entity $(bone_left_foot) {transformation: [-0.9986f,-0.0523f,0f,-0.25f,-0.0523f,0.9986f,0f,-0.5925f,0f,0f,-1f,-0.0188f,0f,0f,0f,1f],start_interpolation: 0,interpolation_duration: 1}
$data merge entity $(bone_right_foot) {transformation: [-0.9986f,-0.0523f,0f,0f,-0.0523f,0.9986f,0f,-0.5812f,0f,0f,-1f,0.0588f,0f,0f,0f,1f],start_interpolation: 0,interpolation_duration: 1}
$data merge entity $(bone_head) {transformation: [-0.9998f,-0.0209f,0f,-0.0731f,-0.0209f,0.9998f,0f,-0.0575f,0f,0f,-1f,0.0437f,0f,0f,0f,1f],start_interpolation: 0,interpolation_duration: 1}
$data merge entity $(bone_body) {transformation: [-0.9973f,-0.0523f,0.0523f,0f,-0.0523f,0.9986f,0.0027f,-0.55f,-0.0523f,0f,-0.9986f,-0.0187f,0f,0f,0f,1f],start_interpolation: 0,interpolation_duration: 1}