# This file was generated by Animated Java via MC-Build. It is not recommended to edit this file directly.
$data merge entity $(bone_tail) {transformation: [-1f,0f,0f,-0.0312f,0f,0.9994f,0.0349f,-0.4312f,0f,0.0349f,-0.9994f,-0.2562f,0f,0f,0f,1f],start_interpolation: 0,interpolation_duration: 1}
$data merge entity $(bone_left_wing) {transformation: [-0.9988f,-0.0361f,0.0336f,-0.375f,-0.0349f,0.9987f,0.0361f,-0.5625f,-0.0349f,0.0349f,-0.9988f,-0.0438f,0f,0f,0f,1f],start_interpolation: 0,interpolation_duration: 1}
$data merge entity $(bone_right_wing) {transformation: [-0.9988f,-0.0337f,0.0361f,0f,-0.0349f,0.9988f,-0.0337f,-0.55f,-0.0349f,-0.0349f,-0.9988f,-0.0038f,0f,0f,0f,1f],start_interpolation: 0,interpolation_duration: 1}
$data merge entity $(bone_left_foot) {transformation: [-0.9994f,-0.0349f,0f,-0.25f,-0.0349f,0.9994f,0f,-0.5887f,0f,0f,-1f,-0.0188f,0f,0f,0f,1f],start_interpolation: 0,interpolation_duration: 1}
$data merge entity $(bone_right_foot) {transformation: [-0.9994f,-0.0349f,0f,0f,-0.0349f,0.9994f,0f,-0.5812f,0f,0f,-1f,0.0537f,0f,0f,0f,1f],start_interpolation: 0,interpolation_duration: 1}
$data merge entity $(bone_head) {transformation: [-0.9999f,-0.014f,0f,-0.0644f,-0.014f,0.9999f,0f,-0.055f,0f,0f,-1f,0.0437f,0f,0f,0f,1f],start_interpolation: 0,interpolation_duration: 1}
$data merge entity $(bone_body) {transformation: [-0.9988f,-0.0349f,0.0349f,0f,-0.0349f,0.9994f,0.0012f,-0.55f,-0.0349f,0f,-0.9994f,-0.0187f,0f,0f,0f,1f],start_interpolation: 0,interpolation_duration: 1}