# This file was generated by Animated Java via MC-Build. It is not recommended to edit this file directly.
$data merge entity $(bone_tail) {transformation: [-1f,0f,0f,-0.0312f,0f,0.9998f,0.0175f,-0.4312f,0f,0.0175f,-0.9998f,-0.2562f,0f,0f,0f,1f],start_interpolation: 0,interpolation_duration: 1}
$data merge entity $(bone_left_wing) {transformation: [-0.9997f,-0.0178f,0.0171f,-0.375f,-0.0174f,0.9997f,0.0178f,-0.5562f,-0.0175f,0.0174f,-0.9997f,-0.0313f,0f,0f,0f,1f],start_interpolation: 0,interpolation_duration: 1}
$data merge entity $(bone_right_wing) {transformation: [-0.9997f,-0.0171f,0.0178f,0f,-0.0174f,0.9997f,-0.0171f,-0.55f,-0.0175f,-0.0174f,-0.9997f,-0.0112f,0f,0f,0f,1f],start_interpolation: 0,interpolation_duration: 1}
$data merge entity $(bone_left_foot) {transformation: [-0.9998f,-0.0175f,0f,-0.25f,-0.0175f,0.9998f,0f,-0.585f,0f,0f,-1f,-0.0188f,0f,0f,0f,1f],start_interpolation: 0,interpolation_duration: 1}
$data merge entity $(bone_right_foot) {transformation: [-0.9998f,-0.0175f,0f,0f,-0.0175f,0.9998f,0f,-0.5812f,0f,0f,-1f,0.0487f,0f,0f,0f,1f],start_interpolation: 0,interpolation_duration: 1}
$data merge entity $(bone_head) {transformation: [-1f,-0.007f,0f,-0.0556f,-0.007f,1f,0f,-0.0525f,0f,0f,-1f,0.0437f,0f,0f,0f,1f],start_interpolation: 0,interpolation_duration: 1}
$data merge entity $(bone_body) {transformation: [-0.9997f,-0.0175f,0.0174f,0f,-0.0174f,0.9998f,0.0003f,-0.55f,-0.0175f,0f,-0.9998f,-0.0187f,0f,0f,0f,1f],start_interpolation: 0,interpolation_duration: 1}