# This file was generated by Animated Java via MC-Build. It is not recommended to edit this file directly.
$data merge entity $(bone_shell) { transformation: [-1f,5.341834311772723e-18f,1.223481206754078e-16f,0f,0f,0.9990482215818578f,-0.043619387365336f,-0.29375000000000007f,-1.2246467991473532e-16f,-0.043619387365336f,-0.9990482215818578f,0f,0f,0f,0f,1f], start_interpolation: 0, interpolation_duration: 1 }
$data merge entity $(bone_body) { transformation: [-1f,-5.341834311772723e-18f,1.223481206754078e-16f,0f,0f,0.9990482215818578f,0.043619387365336f,-0.29375000000000007f,-1.2246467991473532e-16f,0.043619387365336f,-0.9990482215818578f,0f,0f,0f,0f,1f], start_interpolation: 0, interpolation_duration: 1 }
$data merge entity $(bone_left_claw) { transformation: [-1f,1.0673500138322974e-17f,1.2199866483456202e-16f,0f,0f,0.9961946980917455f,-0.08715574274765818f,-0.29375000000000007f,-1.2246467991473532e-16f,-0.08715574274765818f,-0.9961946980917455f,0f,0f,0f,0f,1f], start_interpolation: 0, interpolation_duration: 1 }
$data merge entity $(bone_right_claw) { transformation: [-1f,-1.0673500138322974e-17f,1.2199866483456202e-16f,0f,0f,0.9961946980917455f,0.08715574274765818f,-0.29375000000000007f,-1.2246467991473532e-16f,0.08715574274765818f,-0.9961946980917455f,0f,0f,0f,0f,1f], start_interpolation: 0, interpolation_duration: 1 }
$data merge entity $(bone_left_legs) { transformation: [-1f,-1.0673500138322974e-17f,1.2199866483456202e-16f,-7.654042494670958e-19f,0f,0.9961946980917455f,0.08715574274765818f,-0.2875000000000001f,-1.2246467991473532e-16f,0.08715574274765818f,-0.9961946980917455f,0.00625f,0f,0f,0f,1f], start_interpolation: 0, interpolation_duration: 1 }
$data merge entity $(bone_right_legs) { transformation: [-1f,1.0673500138322974e-17f,1.2199866483456202e-16f,-7.654042494670958e-19f,0f,0.9961946980917455f,-0.08715574274765818f,-0.29375000000000007f,-1.2246467991473532e-16f,-0.08715574274765818f,-0.9961946980917455f,0.00625f,0f,0f,0f,1f], start_interpolation: 0, interpolation_duration: 1 }