# This file was generated by Animated Java via MC-Build. It is not recommended to edit this file directly.
$data merge entity $(bone_shell) { transformation: [-1f,4.273955692857141e-18f,1.2239007774061617e-16f,0f,0f,0.9993908270190958f,-0.03489949670250096f,-0.29375000000000007f,-1.2246467991473532e-16f,-0.03489949670250096f,-0.9993908270190958f,0f,0f,0f,0f,1f], start_interpolation: 0, interpolation_duration: 1 }
$data merge entity $(bone_body) { transformation: [-1f,-4.273955692857141e-18f,1.2239007774061617e-16f,0f,0f,0.9993908270190958f,0.03489949670250096f,-0.29375000000000007f,-1.2246467991473532e-16f,0.03489949670250096f,-0.9993908270190958f,0f,0f,0f,0f,1f], start_interpolation: 0, interpolation_duration: 1 }
$data merge entity $(bone_left_claw) { transformation: [-1f,8.542704229054942e-18f,1.221663621095163e-16f,0f,0f,0.9975640502598242f,-0.06975647374412529f,-0.29375000000000007f,-1.2246467991473532e-16f,-0.06975647374412529f,-0.9975640502598242f,0f,0f,0f,0f,1f], start_interpolation: 0, interpolation_duration: 1 }
$data merge entity $(bone_right_claw) { transformation: [-1f,-8.542704229054942e-18f,1.221663621095163e-16f,0f,0f,0.9975640502598242f,0.06975647374412529f,-0.29375000000000007f,-1.2246467991473532e-16f,0.06975647374412529f,-0.9975640502598242f,0f,0f,0f,0f,1f], start_interpolation: 0, interpolation_duration: 1 }
$data merge entity $(bone_left_legs) { transformation: [-1f,-8.542704229054942e-18f,1.221663621095163e-16f,-6.123233995736765e-19f,0f,0.9975640502598242f,0.06975647374412529f,-0.28875000000000006f,-1.2246467991473532e-16f,0.06975647374412529f,-0.9975640502598242f,0.004999999999999999f,0f,0f,0f,1f], start_interpolation: 0, interpolation_duration: 1 }
$data merge entity $(bone_right_legs) { transformation: [-1f,8.542704229054942e-18f,1.221663621095163e-16f,-6.123233995736765e-19f,0f,0.9975640502598242f,-0.06975647374412529f,-0.29375000000000007f,-1.2246467991473532e-16f,-0.06975647374412529f,-0.9975640502598242f,0.004999999999999999f,0f,0f,0f,1f], start_interpolation: 0, interpolation_duration: 1 }