# This file was generated by Animated Java via MC-Build. It is not recommended to edit this file directly.
$data merge entity $(bone_shell) { transformation: [-1f,-7.476289853398309e-18f,1.2223625860049279e-16f,0f,0f,0.9981347984218669f,0.06104853953485686f,-0.29375000000000007f,-1.2246467991473532e-16f,0.06104853953485686f,-0.9981347984218669f,0f,0f,0f,0f,1f], start_interpolation: 0, interpolation_duration: 1 }
$data merge entity $(bone_body) { transformation: [-0.9999619211538769f,0.0021122362813605126f,0.008467272296279072f,0f,0.0026255749420237796f,0.9981293558882752f,0.06108105492115115f,-0.29375000000000007f,-0.00832241542290744f,0.06110096048302817f,-0.9980968941087733f,0f,0f,0f,0f,1f], start_interpolation: 0, interpolation_duration: 1 }
$data merge entity $(bone_left_claw) { transformation: [-1f,-1.5984848350717833e-17f,1.2141697760125282e-16f,0f,0f,0.9914448613738104f,0.13052619222005157f,-0.29375000000000007f,-1.2246467991473532e-16f,0.13052619222005157f,-0.9914448613738104f,0f,0f,0f,0f,1f], start_interpolation: 0, interpolation_duration: 1 }
$data merge entity $(bone_right_claw) { transformation: [-1f,-6.4093061293237094e-18f,1.2229684632711994e-16f,0f,0f,0.9986295347545738f,0.05233595624294383f,-0.29375000000000007f,-1.2246467991473532e-16f,0.05233595624294383f,-0.9986295347545738f,0f,0f,0f,0f,1f], start_interpolation: 0, interpolation_duration: 1 }