# This file was generated by Animated Java via MC-Build. It is not recommended to edit this file directly.
$data merge entity $(bone_body) { transformation: [-0.9994123735276758f,5.800354649274914e-7f,0.0342769257583153f,0f,0.010309582680985708f,0.9537007646989566f,0.30058037846401314f,-0.29375f,-0.032689755959955095f,0.30075713027672185f,-0.9531403508628672f,0f,0f,0f,0f,1f], start_interpolation: 0, interpolation_duration: 1 }
$data merge entity $(bone_left_claw) { transformation: [-1f,-6.123233995736765e-17f,1.0605752387249069e-16f,0f,0f,0.8660254037844387f,0.4999999999999999f,-0.29375f,-1.2246467991473532e-16f,0.4999999999999999f,-0.8660254037844387f,0f,0f,0f,0f,1f], start_interpolation: 0, interpolation_duration: 1 }
$data merge entity $(bone_right_claw) { transformation: [-1f,-1.5984848350717848e-17f,1.2141697760125282e-16f,0f,0f,0.9914448613738104f,0.1305261922200517f,-0.29375f,-1.2246467991473532e-16f,0.1305261922200517f,-0.9914448613738104f,0f,0f,0f,0f,1f], start_interpolation: 0, interpolation_duration: 1 }