# This file was generated by Animated Java via MC-Build. It is not recommended to edit this file directly.
$data merge entity $(bone_body) { transformation: [-0.9998785752283069f,0.0000014528719903682706f,0.015583157488139456f,0f,0.004688611714867302f,0.9536910388999353f,0.3007514243393522f,-0.29375000000000007f,-0.01486108070088454f,0.30078796904106897f,-0.9535752439952239f,0f,0f,0f,0f,1f], start_interpolation: 0, interpolation_duration: 1 }
$data merge entity $(bone_left_claw) { transformation: [-1f,-3.169619151431764e-17f,1.1829179713786698e-16f,0f,0f,0.9659258262890683f,0.2588190451025207f,-0.29375000000000007f,-1.2246467991473532e-16f,0.2588190451025207f,-0.9659258262890683f,0f,0f,0f,0f,1f], start_interpolation: 0, interpolation_duration: 1 }
$data merge entity $(bone_right_claw) { transformation: [-1f,-4.6865204053262986e-17f,1.1314261122877003e-16f,0f,0f,0.9238795325112867f,0.3826834323650898f,-0.29375000000000007f,-1.2246467991473532e-16f,0.3826834323650898f,-0.9238795325112867f,0f,0f,0f,0f,1f], start_interpolation: 0, interpolation_duration: 1 }