# This file was generated by Animated Java via MC-Build. It is not recommended to edit this file directly.
$data merge entity $(bone_shell) { transformation: [-1f,-1.4924690131530345e-17f,1.2155184676135683e-16f,0f,0f,0.992546151641322f,0.12186934340514746f,-0.29375000000000007f,-1.2246467991473532e-16f,0.12186934340514746f,-0.992546151641322f,0f,0f,0f,0f,1f], start_interpolation: 0, interpolation_duration: 1 }
$data merge entity $(bone_body) { transformation: [-0.9998476884705142f,0.0031818995381754436f,0.01716028483150694f,0f,0.00525058620669065f,0.9925298041495957f,0.12188937287249965f,-0.29375000000000007f,-0.01664425440371536f,0.12196090927052858f,-0.9923953372548917f,0f,0f,0f,0f,1f], start_interpolation: 0, interpolation_duration: 1 }
$data merge entity $(bone_left_claw) { transformation: [-1f,-3.169619151431765e-17f,1.1829179713786698e-16f,0f,0f,0.9659258262890683f,0.25881904510252074f,-0.29375000000000007f,-1.2246467991473532e-16f,0.25881904510252074f,-0.9659258262890683f,0f,0f,0f,0f,1f], start_interpolation: 0, interpolation_duration: 1 }
$data merge entity $(bone_right_claw) { transformation: [-1f,-1.2801044796052349e-17f,1.217938055844715e-16f,0f,0f,0.9945218953682733f,0.10452846326765346f,-0.29375000000000007f,-1.2246467991473532e-16f,0.10452846326765346f,-0.9945218953682733f,0f,0f,0f,0f,1f], start_interpolation: 0, interpolation_duration: 1 }