# This file was generated by Animated Java via MC-Build. It is not recommended to edit this file directly.
$data merge entity $(bone_body) { transformation: [-0.999980570805089f,0.000001233655055410016f,0.0062336193985925124f,0f,0.0018760465707864f,0.9536974976267084f,0.3007616389598559f,-0.29375000000000007f,-0.00594461618547861f,0.30076748996364716f,-0.9536789703665353f,0f,0f,0f,0f,1f], start_interpolation: 0, interpolation_duration: 1 }
$data merge entity $(bone_left_claw) { transformation: [-1f,-1.5984848350717848e-17f,1.2141697760125282e-16f,0f,0f,0.9914448613738104f,0.1305261922200517f,-0.29375000000000007f,-1.2246467991473532e-16f,0.1305261922200517f,-0.9914448613738104f,0f,0f,0f,0f,1f], start_interpolation: 0, interpolation_duration: 1 }
$data merge entity $(bone_right_claw) { transformation: [-1f,-6.123233995736765e-17f,1.0605752387249069e-16f,0f,0f,0.8660254037844387f,0.4999999999999999f,-0.29375000000000007f,-1.2246467991473532e-16f,0.4999999999999999f,-0.8660254037844387f,0f,0f,0f,0f,1f], start_interpolation: 0, interpolation_duration: 1 }