# This file was generated by Animated Java via MC-Build. It is not recommended to edit this file directly.
$data merge entity $(bone_shell) { transformation: [-1f,-2.2317415298489425e-17f,1.2041399752941237e-16f,0f,0f,0.9832549075639546f,0.18223552549214744f,-0.29375000000000007f,-1.2246467991473532e-16f,0.18223552549214744f,-0.9832549075639546f,0f,0f,0f,0f,1f], start_interpolation: 0, interpolation_duration: 1 }
$data merge entity $(bone_body) { transformation: [-0.9996573135144926f,0.0031914085837393743f,0.025982117855154196f,0f,0.00787447019228701f,0.9832303875354975f,0.1821976886406249f,-0.29375000000000007f,-0.024964940540251064f,0.18233984736762f,-0.982918578421313f,0f,0f,0f,0f,1f], start_interpolation: 0, interpolation_duration: 1 }
$data merge entity $(bone_left_claw) { transformation: [-1f,-4.6865204053262974e-17f,1.1314261122877003e-16f,0f,0f,0.9238795325112867f,0.3826834323650897f,-0.29375000000000007f,-1.2246467991473532e-16f,0.3826834323650897f,-0.9238795325112867f,0f,0f,0f,0f,1f], start_interpolation: 0, interpolation_duration: 1 }
$data merge entity $(bone_right_claw) { transformation: [-1f,-1.9157696688784726e-17f,1.2095693648649962e-16f,0f,0f,0.9876883405951378f,0.15643446504023087f,-0.29375000000000007f,-1.2246467991473532e-16f,0.15643446504023087f,-0.9876883405951378f,0f,0f,0f,0f,1f], start_interpolation: 0, interpolation_duration: 1 }