# This file was generated by Animated Java via MC-Build. It is not recommended to edit this file directly.
$data merge entity $(bone_body) { transformation: [-0.9998785752283069f,0.0000014528719903669695f,0.015583157488139475f,0f,0.0046886117148673065f,0.9536910388999353f,0.3007514243393522f,-0.29375f,-0.01486108070088456f,0.30078796904106897f,-0.9535752439952239f,0f,0f,0f,0f,1f], start_interpolation: 0, interpolation_duration: 1 }
$data merge entity $(bone_left_claw) { transformation: [-1f,-3.169619151431768e-17f,1.1829179713786696e-16f,0f,0f,0.9659258262890682f,0.258819045102521f,-0.29375f,-1.2246467991473532e-16f,0.258819045102521f,-0.9659258262890682f,0f,0f,0f,0f,1f], start_interpolation: 0, interpolation_duration: 1 }
$data merge entity $(bone_right_claw) { transformation: [-1f,-4.686520405326295e-17f,1.1314261122877005e-16f,0f,0f,0.9238795325112868f,0.3826834323650895f,-0.29375f,-1.2246467991473532e-16f,0.3826834323650895f,-0.9238795325112868f,0f,0f,0f,0f,1f], start_interpolation: 0, interpolation_duration: 1 }