# This file was generated by Animated Java via MC-Build. It is not recommended to edit this file directly.
$data merge entity $(bone_shell) { transformation: [-1f,-3.6825839484795376e-17f,1.16796641102639e-16f,0f,0f,0.9537169507482269f,0.30070579950427306f,-0.29375000000000007f,-1.2246467991473532e-16f,0.30070579950427306f,-0.9537169507482269f,0f,0f,0f,0f,1f], start_interpolation: 0, interpolation_duration: 1 }
$data merge entity $(bone_body) { transformation: [-0.9990482215818844f,3.0196802261577013e-14f,0.043619387364724566f,0f,0.013116602751415612f,0.9537169507482938f,0.3004195942138897f,-0.29375000000000007f,-0.0416005491109847f,0.3007057995040611f,-0.952809223537581f,0f,0f,0f,0f,1f], start_interpolation: 0, interpolation_duration: 1 }
$data merge entity $(bone_left_claw) { transformation: [-1f,-7.455177354798984e-17f,9.71577628780522e-17f,0f,0f,0.7933533402912352f,0.6087614290087207f,-0.29375000000000007f,-1.2246467991473532e-16f,0.6087614290087207f,-0.7933533402912352f,0f,0f,0f,0f,1f], start_interpolation: 0, interpolation_duration: 1 }
$data merge entity $(bone_right_claw) { transformation: [-1f,-3.169619151431765e-17f,1.1829179713786698e-16f,0f,0f,0.9659258262890683f,0.25881904510252074f,-0.29375000000000007f,-1.2246467991473532e-16f,0.25881904510252074f,-0.9659258262890683f,0f,0f,0f,0f,1f], start_interpolation: 0, interpolation_duration: 1 }