# This file was generated by Animated Java via MC-Build. It is not recommended to edit this file directly.
$data merge entity $(bone_body) { transformation: [-0.9994123735276758f,5.800354649257567e-7f,0.03427692575831531f,0f,0.010309582680985712f,0.9537007646989566f,0.30058037846401314f,-0.29375f,-0.03268975595995511f,0.30075713027672185f,-0.9531403508628672f,0f,0f,0f,0f,1f], start_interpolation: 0, interpolation_duration: 1 }
$data merge entity $(bone_left_claw) { transformation: [-1f,-6.123233995736765e-17f,1.0605752387249069e-16f,0f,0f,0.8660254037844387f,0.49999999999999994f,-0.29375f,-1.2246467991473532e-16f,0.49999999999999994f,-0.8660254037844387f,0f,0f,0f,0f,1f], start_interpolation: 0, interpolation_duration: 1 }
$data merge entity $(bone_right_claw) { transformation: [-1f,-4.087955016940687e-17f,1.1544028848095246e-16f,0f,0f,0.9426414910921784f,0.33380685923377096f,-0.29375f,-1.2246467991473532e-16f,0.33380685923377096f,-0.9426414910921784f,0f,0f,0f,0f,1f], start_interpolation: 0, interpolation_duration: 1 }