# This file was generated by Animated Java via MC-Build. It is not recommended to edit this file directly.
$data merge entity $(bone_body) { transformation: [-0.999980570805089f,0.000001233655055410233f,0.0062336193985924725f,0f,0.0018760465707863883f,0.9536974976267084f,0.3007616389598559f,-0.29375000000000007f,-0.0059446161854785715f,0.30076748996364716f,-0.9536789703665353f,0f,0f,0f,0f,1f], start_interpolation: 0, interpolation_duration: 1 }
$data merge entity $(bone_left_claw) { transformation: [-1f,-1.5984848350717777e-17f,1.2141697760125282e-16f,0f,0f,0.9914448613738105f,0.13052619222005113f,-0.29375000000000007f,-1.2246467991473532e-16f,0.13052619222005113f,-0.9914448613738105f,0f,0f,0f,0f,1f], start_interpolation: 0, interpolation_duration: 1 }
$data merge entity $(bone_right_claw) { transformation: [-1f,-6.123233995736771e-17f,1.0605752387249065e-16f,0f,0f,0.8660254037844384f,0.5000000000000004f,-0.29375000000000007f,-1.2246467991473532e-16f,0.5000000000000004f,-0.8660254037844384f,0f,0f,0f,0f,1f], start_interpolation: 0, interpolation_duration: 1 }