# This file was generated by Animated Java via MC-Build. It is not recommended to edit this file directly.
$data merge entity $(bone_body) { transformation: [-0.9994123735276758f,5.800354649274914e-7f,0.034276925758315334f,0f,0.01030958268098572f,0.9537007646989566f,0.30058037846401314f,-0.29375f,-0.03268975595995513f,0.30075713027672185f,-0.9531403508628672f,0f,0f,0f,0f,1f], start_interpolation: 0, interpolation_duration: 1 }
$data merge entity $(bone_left_claw) { transformation: [-1f,-6.123233995736771e-17f,1.0605752387249065e-16f,0f,0f,0.8660254037844384f,0.5000000000000004f,-0.29375f,-1.2246467991473532e-16f,0.5000000000000004f,-0.8660254037844384f,0f,0f,0f,0f,1f], start_interpolation: 0, interpolation_duration: 1 }
$data merge entity $(bone_right_claw) { transformation: [-1f,-1.598484835071777e-17f,1.2141697760125282e-16f,0f,0f,0.9914448613738105f,0.13052619222005107f,-0.29375f,-1.2246467991473532e-16f,0.13052619222005107f,-0.9914448613738105f,0f,0f,0f,0f,1f], start_interpolation: 0, interpolation_duration: 1 }