# This file was generated by Animated Java via MC-Build. It is not recommended to edit this file directly.
$data merge entity $(bone_shell) { transformation: [-1f,-2.9626887508979345e-17f,1.1882695554102554e-16f,0f,0f,0.9702957262759965f,0.24192189559966792f,-0.29375000000000007f,-1.2246467991473532e-16f,0.24192189559966792f,-0.9702957262759965f,0f,0f,0f,0f,1f], start_interpolation: 0, interpolation_duration: 1 }
$data merge entity $(bone_body) { transformation: [-0.9999968919511997f,-0.00015202739822666017f,-0.002488568988562694f,0f,-0.0007495858809097335f,0.9702921063783242f,0.24193525253861184f,-0.29375000000000007f,0.002377858058797517f,0.2419363659882179f,-0.9702892046206982f,0f,0f,0f,0f,1f], start_interpolation: 0, interpolation_duration: 1 }
$data merge entity $(bone_left_claw) { transformation: [-1f,-1.5984848350717777e-17f,1.2141697760125282e-16f,0f,0f,0.9914448613738105f,0.13052619222005113f,-0.29375000000000007f,-1.2246467991473532e-16f,0.13052619222005113f,-0.9914448613738105f,0f,0f,0f,0f,1f], start_interpolation: 0, interpolation_duration: 1 }
$data merge entity $(bone_right_claw) { transformation: [-1f,-6.669904509218564e-17f,1.0270752265734562e-16f,0f,0f,0.8386705679454238f,0.5446390350150273f,-0.29375000000000007f,-1.2246467991473532e-16f,0.5446390350150273f,-0.8386705679454238f,0f,0f,0f,0f,1f], start_interpolation: 0, interpolation_duration: 1 }