# This file was generated by Animated Java via MC-Build. It is not recommended to edit this file directly.
$data merge entity $(bone_shell) { transformation: [-1f,-2.2317415298489413e-17f,1.2041399752941237e-16f,0f,0f,0.9832549075639546f,0.18223552549214733f,-0.29375f,-1.2246467991473532e-16f,0.18223552549214733f,-0.9832549075639546f,0f,0f,0f,0f,1f], start_interpolation: 0, interpolation_duration: 1 }
$data merge entity $(bone_body) { transformation: [-0.9999982517220233f,-0.00022775759961784372f,-0.0018559847447432607f,0f,-0.0005621901290669074f,0.9832528001749146f,0.18224602846275753f,-0.29375f,0.001783394279368172f,0.18224675326234283f,-0.9832512092187728f,0f,0f,0f,0f,1f], start_interpolation: 0, interpolation_duration: 1 }
$data merge entity $(bone_left_claw) { transformation: [-1f,-3.169619151431768e-17f,1.1829179713786696e-16f,0f,0f,0.9659258262890682f,0.258819045102521f,-0.29375f,-1.2246467991473532e-16f,0.258819045102521f,-0.9659258262890682f,0f,0f,0f,0f,1f], start_interpolation: 0, interpolation_duration: 1 }
$data merge entity $(bone_right_claw) { transformation: [-1f,-5.843509484370485e-17f,1.0762405640573949e-16f,0f,0f,0.8788171126619655f,0.4771587602596083f,-0.29375f,-1.2246467991473532e-16f,0.4771587602596083f,-0.8788171126619655f,0f,0f,0f,0f,1f], start_interpolation: 0, interpolation_duration: 1 }