# This file was generated by Animated Java via MC-Build. It is not recommended to edit this file directly.
$data merge entity $(bone_shell) { transformation: [-1f,-1.492469013153036e-17f,1.2155184676135683e-16f,0f,0f,0.992546151641322f,0.1218693434051476f,-0.29375000000000007f,-1.2246467991473532e-16f,0.1218693434051476f,-0.992546151641322f,0f,0f,0f,0f,1f], start_interpolation: 0, interpolation_duration: 1 }
$data merge entity $(bone_body) { transformation: [-0.9999992229873987f,-0.00022709670408257616f,-0.0012257453592452057f,0f,-0.00037479376146598825f,0.9925451845103576f,0.12187664351686375f,-0.29375000000000007f,0.0011889298697074205f,0.12187700821888975f,-0.9925444984046699f,0f,0f,0f,0f,1f], start_interpolation: 0, interpolation_duration: 1 }
$data merge entity $(bone_left_claw) { transformation: [-1f,-4.686520405326295e-17f,1.1314261122877005e-16f,0f,0f,0.9238795325112868f,0.3826834323650895f,-0.29375000000000007f,-1.2246467991473532e-16f,0.3826834323650895f,-0.9238795325112868f,0f,0f,0f,0f,1f], start_interpolation: 0, interpolation_duration: 1 }
$data merge entity $(bone_right_claw) { transformation: [-1f,-4.9810872803871827e-17f,1.1187705205776151e-16f,0f,0f,0.9135454576426009f,0.40673664307580026f,-0.29375000000000007f,-1.2246467991473532e-16f,0.40673664307580026f,-0.9135454576426009f,0f,0f,0f,0f,1f], start_interpolation: 0, interpolation_duration: 1 }