# This file was generated by Animated Java via MC-Build. It is not recommended to edit this file directly.
$data merge entity $(bone_shell) { transformation: [-1f,-7.476289853398285e-18f,1.222362586004928e-16f,0f,0f,0.998134798421867f,0.06104853953485665f,-0.29375000000000007f,-1.2246467991473532e-16f,0.06104853953485665f,-0.998134798421867f,0f,0f,0f,0f,1f], start_interpolation: 0, interpolation_duration: 1 }
$data merge entity $(bone_body) { transformation: [-0.9999998057468246f,-0.00015075389992845679f,-0.0006047971351475544f,0f,-0.00018739698335943614f,0.9981345493204107f,0.06105232456926906f,-0.29375000000000007f,0.0005944650398922643f,0.061052426046819826f,-0.9981343836804311f,0f,0f,0f,0f,1f], start_interpolation: 0, interpolation_duration: 1 }
$data merge entity $(bone_left_claw) { transformation: [-1f,-6.123233995736771e-17f,1.0605752387249065e-16f,0f,0f,0.8660254037844384f,0.5000000000000004f,-0.29375000000000007f,-1.2246467991473532e-16f,0.5000000000000004f,-0.8660254037844384f,0f,0f,0f,0f,1f], start_interpolation: 0, interpolation_duration: 1 }
$data merge entity $(bone_right_claw) { transformation: [-1f,-4.0879550169406843e-17f,1.1544028848095246e-16f,0f,0f,0.9426414910921784f,0.33380685923377074f,-0.29375000000000007f,-1.2246467991473532e-16f,0.33380685923377074f,-0.9426414910921784f,0f,0f,0f,0f,1f], start_interpolation: 0, interpolation_duration: 1 }