# This file was generated by Animated Java via MC-Build. It is not recommended to edit this file directly.
$data merge entity $(bone_body) { transformation: [-0.999980570805089f,0.0000012336550554096908f,0.006233619398592502f,0f,0.0018760465707863968f,0.9536974976267084f,0.3007616389598559f,-0.29375f,-0.005944616185478599f,0.30076748996364716f,-0.9536789703665353f,0f,0f,0f,0f,1f], start_interpolation: 0, interpolation_duration: 1 }
$data merge entity $(bone_left_claw) { transformation: [-1f,-1.5984848350717833e-17f,1.2141697760125282e-16f,0f,0f,0.9914448613738104f,0.13052619222005157f,-0.29375f,-1.2246467991473532e-16f,0.13052619222005157f,-0.9914448613738104f,0f,0f,0f,0f,1f], start_interpolation: 0, interpolation_duration: 1 }
$data merge entity $(bone_right_claw) { transformation: [-1f,-6.669904509218561e-17f,1.0270752265734564e-16f,0f,0f,0.838670567945424f,0.5446390350150271f,-0.29375f,-1.2246467991473532e-16f,0.5446390350150271f,-0.838670567945424f,0f,0f,0f,0f,1f], start_interpolation: 0, interpolation_duration: 1 }