# This file was generated by Animated Java via MC-Build. It is not recommended to edit this file directly.
$data merge entity $(bone_body) {transformation: [-1f,0f,0f,0.0313f,0f,1f,0f,-0.8625f,0f,0f,-1f,-0.0312f,0f,0f,0f,1f],start_interpolation: 0,interpolation_duration: 1}
$data merge entity $(bone_left_leg) {transformation: [-0.9758f,0.2179f,-0.0167f,-0.0688f,0.2121f,0.9263f,-0.3114f,-0.8269f,-0.0524f,-0.3074f,-0.9501f,0.0625f,0f,0f,0f,1f],start_interpolation: 0,interpolation_duration: 1}
$data merge entity $(bone_right_leg) {transformation: [-0.9768f,-0.2136f,0.0156f,0.1875f,-0.2076f,0.9269f,-0.3126f,-0.7625f,0.0523f,-0.3086f,-0.9498f,0.2063f,0f,0f,0f,1f],start_interpolation: 0,interpolation_duration: 1}
$data merge entity $(bone_left_arm) {transformation: [-0.9511f,0.309f,0f,-0.1437f,0.309f,0.9511f,0f,-0.9375f,0f,0f,-1f,-0.0313f,0f,0f,0f,1f],start_interpolation: 0,interpolation_duration: 1}
$data merge entity $(bone_right_arm) {transformation: [-0.9397f,-0.342f,0f,0.2312f,-0.342f,0.9397f,0f,-0.9125f,0f,0f,-1f,-0.0312f,0f,0f,0f,1f],start_interpolation: 0,interpolation_duration: 1}
$data merge entity $(block_display_plant) {transformation: [-0.4988f,0.0349f,0f,0.3235f,0.0349f,0.4988f,0f,0.23f,0f,0f,-0.5f,0.25f,0f,0f,0f,1f],start_interpolation: 0,interpolation_duration: 1}
$data merge entity $(bone_hat) {transformation: [-0.9976f,0.0698f,0f,0f,0.0698f,0.9976f,0f,-0.8125f,0f,0f,-1f,-0.0625f,0f,0f,0f,1f],start_interpolation: 0,interpolation_duration: 1}