# This file was generated by Animated Java via MC-Build. It is not recommended to edit this file directly.
$data merge entity $(bone_body) {transformation: [-1f,0f,0f,0.0313f,0f,1f,0f,-0.975f,0f,0f,-1f,-0.0312f,0f,0f,0f,1f],start_interpolation: 0,interpolation_duration: 2}
$data merge entity $(bone_left_leg) {transformation: [-0.9808f,0.1946f,-0.0133f,-0.075f,0.1646f,0.7892f,-0.5917f,-0.8725f,-0.1047f,-0.5825f,-0.8061f,0.1562f,0f,0f,0f,1f],start_interpolation: 0,interpolation_duration: 2}
$data merge entity $(bone_right_leg) {transformation: [-0.9823f,-0.1872f,0.0084f,0.1875f,-0.1556f,0.7894f,-0.5938f,-0.775f,0.1045f,-0.5846f,-0.8046f,0.2563f,0f,0f,0f,1f],start_interpolation: 0,interpolation_duration: 2}
$data merge entity $(bone_left_arm) {transformation: [-0.9724f,0.2334f,0f,-0.1f,0.2334f,0.9724f,0f,-1.0312f,0f,0f,-1f,-0.0313f,0f,0f,0f,1f],start_interpolation: 0,interpolation_duration: 2}
$data merge entity $(bone_right_arm) {transformation: [-0.9659f,-0.2588f,0f,0.1813f,-0.2588f,0.9659f,0f,-1.0125f,0f,0f,-1f,-0.0312f,0f,0f,0f,1f],start_interpolation: 0,interpolation_duration: 2}
$data merge entity $(block_display_plant) {transformation: [-0.4993f,0.0262f,0f,0.3053f,0.0262f,0.4993f,0f,0.1105f,0f,0f,-0.5f,0.25f,0f,0f,0f,1f],start_interpolation: 0,interpolation_duration: 2}
$data merge entity $(bone_hat) {transformation: [-0.9986f,0.0523f,0f,0f,0.0523f,0.9986f,0f,-0.9375f,0f,0f,-1f,-0.0625f,0f,0f,0f,1f],start_interpolation: 0,interpolation_duration: 2}