# This file was generated by Animated Java via MC-Build. It is not recommended to edit this file directly.
$data merge entity $(bone_body) {transformation: [-1f,0f,0f,0.0313f,0f,1f,0f,-1.0875f,0f,0f,-1f,-0.0312f,0f,0f,0f,1f],start_interpolation: 0,interpolation_duration: 2}
$data merge entity $(bone_left_leg) {transformation: [-0.9807f,0.1954f,-0.0035f,-0.0813f,0.1168f,0.5718f,-0.8121f,-0.9181f,-0.1567f,-0.7968f,-0.5836f,0.25f,0f,0f,0f,1f],start_interpolation: 0,interpolation_duration: 2}
$data merge entity $(bone_right_leg) {transformation: [-0.9823f,-0.1873f,-0.0069f,0.1875f,-0.1032f,0.5713f,-0.8142f,-0.7875f,0.1564f,-0.7991f,-0.5805f,0.3063f,0f,0f,0f,1f],start_interpolation: 0,interpolation_duration: 2}
$data merge entity $(bone_left_arm) {transformation: [-0.9877f,0.1564f,0f,-0.0562f,0.1564f,0.9877f,0f,-1.125f,0f,0f,-1f,-0.0313f,0f,0f,0f,1f],start_interpolation: 0,interpolation_duration: 2}
$data merge entity $(bone_right_arm) {transformation: [-0.9848f,-0.1736f,0f,0.1312f,-0.1736f,0.9848f,0f,-1.1125f,0f,0f,-1f,-0.0312f,0f,0f,0f,1f],start_interpolation: 0,interpolation_duration: 2}
$data merge entity $(block_display_plant) {transformation: [-0.4997f,0.0174f,0f,0.2869f,0.0174f,0.4997f,0f,-0.0094f,0f,0f,-0.5f,0.25f,0f,0f,0f,1f],start_interpolation: 0,interpolation_duration: 2}
$data merge entity $(bone_hat) {transformation: [-0.9994f,0.0349f,0f,0f,0.0349f,0.9994f,0f,-1.0625f,0f,0f,-1f,-0.0625f,0f,0f,0f,1f],start_interpolation: 0,interpolation_duration: 2}