# This file was generated by Animated Java via MC-Build. It is not recommended to edit this file directly.
$data merge entity $(bone_body) {transformation: [-1f,0f,0f,0.0313f,0f,1f,0f,-1.2f,0f,0f,-1f,-0.0312f,0f,0f,0f,1f],start_interpolation: 0,interpolation_duration: 1}
$data merge entity $(bone_left_leg) {transformation: [-0.9756f,0.2194f,-0.002f,-0.0875f,0.0692f,0.2991f,-0.9517f,-0.9637f,-0.2082f,-0.9287f,-0.307f,0.3437f,0f,0f,0f,1f],start_interpolation: 0,interpolation_duration: 1}
$data merge entity $(bone_right_leg) {transformation: [-0.9768f,-0.2136f,-0.0144f,0.1875f,-0.0512f,0.2982f,-0.9531f,-0.8f,0.2079f,-0.9303f,-0.3023f,0.3562f,0f,0f,0f,1f],start_interpolation: 0,interpolation_duration: 1}
$data merge entity $(bone_left_arm) {transformation: [-0.9969f,0.0785f,0f,-0.0125f,0.0785f,0.9969f,0f,-1.2187f,0f,0f,-1f,-0.0312f,0f,0f,0f,1f],start_interpolation: 0,interpolation_duration: 1}
$data merge entity $(bone_right_arm) {transformation: [-0.9962f,-0.0872f,0f,0.0813f,-0.0872f,0.9962f,0f,-1.2125f,0f,0f,-1f,-0.0312f,0f,0f,0f,1f],start_interpolation: 0,interpolation_duration: 1}
$data merge entity $(block_display_plant) {transformation: [-0.4999f,0.0087f,0f,0.2685f,0.0087f,0.4999f,0f,-0.1295f,0f,0f,-0.5f,0.25f,0f,0f,0f,1f],start_interpolation: 0,interpolation_duration: 1}
$data merge entity $(bone_hat) {transformation: [-0.9998f,0.0175f,0f,0f,0.0175f,0.9998f,0f,-1.1875f,0f,0f,-1f,-0.0625f,0f,0f,0f,1f],start_interpolation: 0,interpolation_duration: 1}