# This file was generated by Animated Java via MC-Build. It is not recommended to edit this file directly.
$data merge entity $(bone_body) {transformation: [-1f,0f,0f,0.0313f,0f,0.9994f,-0.0349f,-1.3025f,0f,-0.0349f,-0.9994f,-0.0312f,0f,0f,0f,1f],start_interpolation: 0,interpolation_duration: 1}
$data merge entity $(bone_left_leg) {transformation: [-0.9683f,0.2499f,-0.0049f,-0.0813f,0.0214f,0.0633f,-0.9978f,-1.02f,-0.2491f,-0.9662f,-0.0667f,0.4125f,0f,0f,0f,1f],start_interpolation: 0,interpolation_duration: 1}
$data merge entity $(bone_right_leg) {transformation: [-0.9686f,-0.2482f,-0.0156f,0.185f,0f,0.0628f,-0.998f,-0.8225f,0.2487f,-0.9667f,-0.0608f,0.3963f,0f,0f,0f,1f],start_interpolation: 0,interpolation_duration: 1}
$data merge entity $(bone_left_arm) {transformation: [-1f,0f,0f,0.0313f,0f,0.9994f,0.0349f,-1.3f,0f,0.0349f,-0.9994f,-0.0688f,0f,0f,0f,1f],start_interpolation: 0,interpolation_duration: 1}
$data merge entity $(bone_right_arm) {transformation: [-1f,0f,0f,0.0313f,0f,0.9994f,0.0349f,-1.3f,0f,0.0349f,-0.9994f,-0.0688f,0f,0f,0f,1f],start_interpolation: 0,interpolation_duration: 1}
$data merge entity $(block_display_plant) {transformation: [-0.5f,0f,0f,0.25f,0f,0.5f,0f,-0.2625f,0f,0f,-0.5f,0.2188f,0f,0f,0f,1f],start_interpolation: 0,interpolation_duration: 1}
$data merge entity $(bone_hat) {transformation: [-1f,0f,0f,0f,0f,1f,0f,-1.325f,0f,0f,-1f,-0.0938f,0f,0f,0f,1f],start_interpolation: 0,interpolation_duration: 1}