# This file was generated by Animated Java via MC-Build. It is not recommended to edit this file directly.
$data merge entity $(bone_body) {transformation: [-1f,0f,0f,0.0313f,0f,0.9976f,-0.0698f,-1.2925f,0f,-0.0698f,-0.9976f,-0.0312f,0f,0f,0f,1f],start_interpolation: 0,interpolation_duration: 2}
$data merge entity $(bone_left_leg) {transformation: [-0.9708f,0.2395f,0.0103f,-0.0688f,0.0206f,0.1261f,-0.9918f,-1.0306f,-0.2389f,-0.9627f,-0.1273f,0.3875f,0f,0f,0f,1f],start_interpolation: 0,interpolation_duration: 2}
$data merge entity $(bone_right_leg) {transformation: [-0.9711f,-0.2367f,-0.0299f,0.1825f,0f,0.1253f,-0.9921f,-0.8325f,0.2385f,-0.9635f,-0.1217f,0.3863f,0f,0f,0f,1f],start_interpolation: 0,interpolation_duration: 2}
$data merge entity $(bone_left_arm) {transformation: [-1f,0f,0f,0.0313f,0f,0.9976f,0.0698f,-1.2875f,0f,0.0698f,-0.9976f,-0.1062f,0f,0f,0f,1f],start_interpolation: 0,interpolation_duration: 2}
$data merge entity $(bone_right_arm) {transformation: [-1f,0f,0f,0.0313f,0f,0.9976f,0.0698f,-1.2875f,0f,0.0698f,-0.9976f,-0.1062f,0f,0f,0f,1f],start_interpolation: 0,interpolation_duration: 2}
$data merge entity $(block_display_plant) {transformation: [-0.5f,0f,0f,0.25f,0f,0.5f,0f,-0.275f,0f,0f,-0.5f,0.1875f,0f,0f,0f,1f],start_interpolation: 0,interpolation_duration: 2}
$data merge entity $(bone_hat) {transformation: [-1f,0f,0f,0f,0f,1f,0f,-1.3375f,0f,0f,-1f,-0.125f,0f,0f,0f,1f],start_interpolation: 0,interpolation_duration: 2}