# This file was generated by Animated Java via MC-Build. It is not recommended to edit this file directly.
$data merge entity $(bone_body) {transformation: [-1f,0f,0f,0.0313f,0f,0.9945f,-0.1045f,-1.2825f,0f,-0.1045f,-0.9945f,-0.0312f,0f,0f,0f,1f],start_interpolation: 0,interpolation_duration: 2}
$data merge entity $(bone_left_leg) {transformation: [-0.9733f,0.2283f,0.0242f,-0.0563f,0.0197f,0.1883f,-0.9819f,-1.0412f,-0.2287f,-0.9552f,-0.1877f,0.3625f,0f,0f,0f,1f],start_interpolation: 0,interpolation_duration: 2}
$data merge entity $(bone_right_leg) {transformation: [-0.9736f,-0.2243f,-0.0428f,0.18f,0f,0.1874f,-0.9823f,-0.8425f,0.2284f,-0.9563f,-0.1824f,0.3762f,0f,0f,0f,1f],start_interpolation: 0,interpolation_duration: 2}
$data merge entity $(bone_left_arm) {transformation: [-1f,0f,0f,0.0313f,0f,0.9945f,0.1045f,-1.275f,0f,0.1045f,-0.9945f,-0.1438f,0f,0f,0f,1f],start_interpolation: 0,interpolation_duration: 2}
$data merge entity $(bone_right_arm) {transformation: [-1f,0f,0f,0.0313f,0f,0.9945f,0.1045f,-1.275f,0f,0.1045f,-0.9945f,-0.1438f,0f,0f,0f,1f],start_interpolation: 0,interpolation_duration: 2}
$data merge entity $(block_display_plant) {transformation: [-0.5f,0f,0f,0.25f,0f,0.5f,0f,-0.2875f,0f,0f,-0.5f,0.1563f,0f,0f,0f,1f],start_interpolation: 0,interpolation_duration: 2}
$data merge entity $(bone_hat) {transformation: [-1f,0f,0f,0f,0f,1f,0f,-1.35f,0f,0f,-1f,-0.1562f,0f,0f,0f,1f],start_interpolation: 0,interpolation_duration: 2}