# This file was generated by Animated Java via MC-Build. It is not recommended to edit this file directly.
$data merge entity $(bone_body) {transformation: [-1f,0f,0f,0.0313f,0f,0.9903f,-0.1392f,-1.2725f,0f,-0.1392f,-0.9903f,-0.0312f,0f,0f,0f,1f],start_interpolation: 0,interpolation_duration: 2}
$data merge entity $(bone_left_leg) {transformation: [-0.9757f,0.2162f,0.0367f,-0.0438f,0.0189f,0.2497f,-0.9681f,-1.0519f,-0.2185f,-0.9439f,-0.2477f,0.3375f,0f,0f,0f,1f],start_interpolation: 0,interpolation_duration: 2}
$data merge entity $(bone_right_leg) {transformation: [-0.9759f,-0.2113f,-0.0543f,0.1775f,0f,0.2487f,-0.9686f,-0.8525f,0.2181f,-0.9453f,-0.2427f,0.3663f,0f,0f,0f,1f],start_interpolation: 0,interpolation_duration: 2}
$data merge entity $(bone_left_arm) {transformation: [-1f,0f,0f,0.0313f,0f,0.9903f,0.1392f,-1.2625f,0f,0.1392f,-0.9903f,-0.1812f,0f,0f,0f,1f],start_interpolation: 0,interpolation_duration: 2}
$data merge entity $(bone_right_arm) {transformation: [-1f,0f,0f,0.0313f,0f,0.9903f,0.1392f,-1.2625f,0f,0.1392f,-0.9903f,-0.1812f,0f,0f,0f,1f],start_interpolation: 0,interpolation_duration: 2}
$data merge entity $(block_display_plant) {transformation: [-0.5f,0f,0f,0.25f,0f,0.5f,0f,-0.3f,0f,0f,-0.5f,0.125f,0f,0f,0f,1f],start_interpolation: 0,interpolation_duration: 2}
$data merge entity $(bone_hat) {transformation: [-1f,0f,0f,0f,0f,1f,0f,-1.3625f,0f,0f,-1f,-0.1875f,0f,0f,0f,1f],start_interpolation: 0,interpolation_duration: 2}