# This file was generated by Animated Java via MC-Build. It is not recommended to edit this file directly.
$data merge entity $(bone_body) {transformation: [-1f,0f,0f,0.0313f,0f,0.9848f,-0.1736f,-1.2525f,0f,-0.1736f,-0.9848f,-0.0312f,0f,0f,0f,1f],start_interpolation: 0,interpolation_duration: 2}
$data merge entity $(bone_left_leg) {transformation: [-0.9801f,0.1902f,0.0575f,-0.0281f,0.0172f,0.3693f,-0.9291f,-1.0625f,-0.198f,-0.9096f,-0.3652f,0.2969f,0f,0f,0f,1f],start_interpolation: 0,interpolation_duration: 2}
$data merge entity $(bone_right_leg) {transformation: [-0.9803f,-0.1838f,-0.0728f,0.1725f,0f,0.3681f,-0.9298f,-0.8725f,0.1977f,-0.9114f,-0.3609f,0.3463f,0f,0f,0f,1f],start_interpolation: 0,interpolation_duration: 2}
$data merge entity $(block_display_plant) {transformation: [-0.5f,0f,0f,0.25f,0f,0.5f,0f,-0.3f,0f,0f,-0.5f,0.0938f,0f,0f,0f,1f],start_interpolation: 0,interpolation_duration: 2}
$data merge entity $(bone_hat) {transformation: [-1f,0f,0f,0f,0f,1f,0f,-1.3625f,0f,0f,-1f,-0.2187f,0f,0f,0f,1f],start_interpolation: 0,interpolation_duration: 2}