# This file was generated by Animated Java via MC-Build. It is not recommended to edit this file directly.
$data merge entity $(bone_body) {transformation: [-1f,0f,0f,0.0313f,0f,0.9848f,-0.1736f,-1.2425f,0f,-0.1736f,-0.9848f,-0.0312f,0f,0f,0f,1f],start_interpolation: 0,interpolation_duration: 1}
$data merge entity $(bone_left_leg) {transformation: [-0.9821f,0.1765f,0.0657f,-0.025f,0.0163f,0.427f,-0.9041f,-1.0625f,-0.1877f,-0.8868f,-0.4223f,0.2813f,0f,0f,0f,1f],start_interpolation: 0,interpolation_duration: 1}
$data merge entity $(bone_right_leg) {transformation: [-0.9823f,-0.1695f,-0.0798f,0.17f,0f,0.4258f,-0.9048f,-0.8825f,0.1874f,-0.8888f,-0.4182f,0.3363f,0f,0f,0f,1f],start_interpolation: 0,interpolation_duration: 1}
$data merge entity $(block_display_plant) {transformation: [-0.5f,0f,0f,0.25f,0f,0.5f,0f,-0.2875f,0f,0f,-0.5f,0.0938f,0f,0f,0f,1f],start_interpolation: 0,interpolation_duration: 1}
$data merge entity $(bone_hat) {transformation: [-1f,0f,0f,0f,0f,1f,0f,-1.35f,0f,0f,-1f,-0.2187f,0f,0f,0f,1f],start_interpolation: 0,interpolation_duration: 1}