# This file was generated by Animated Java via MC-Build. It is not recommended to edit this file directly.
$data merge entity $(bone_body) {transformation: [-1f,0f,0f,0.0313f,0f,0.9848f,-0.1736f,-1.1625f,0f,-0.1736f,-0.9848f,-0.0312f,0f,0f,0f,1f],start_interpolation: 0,interpolation_duration: 2}
$data merge entity $(bone_left_leg) {transformation: [-0.9945f,0.0688f,0.0794f,0f,0.0092f,0.8099f,-0.5865f,-1.0625f,-0.1047f,-0.5825f,-0.8061f,0.1563f,0f,0f,0f,1f],start_interpolation: 0,interpolation_duration: 2}
$data merge entity $(bone_right_leg) {transformation: [-0.9945f,-0.0614f,-0.0846f,0.15f,0f,0.809f,-0.5878f,-0.9625f,0.1045f,-0.5846f,-0.8046f,0.2563f,0f,0f,0f,1f],start_interpolation: 0,interpolation_duration: 2}
$data merge entity $(block_display_plant) {transformation: [-0.5f,0f,0f,0.25f,0f,0.5f,0f,-0.1875f,0f,0f,-0.5f,0.0938f,0f,0f,0f,1f],start_interpolation: 0,interpolation_duration: 2}
$data merge entity $(bone_hat) {transformation: [-1f,0f,0f,0f,0f,1f,0f,-1.25f,0f,0f,-1f,-0.2187f,0f,0f,0f,1f],start_interpolation: 0,interpolation_duration: 2}