# This file was generated by Animated Java via MC-Build. It is not recommended to edit this file directly.
$data merge entity $(bone_body) {transformation: [-1f,0f,0f,0.0313f,0f,0.9877f,-0.1564f,-1.1525f,0f,-0.1564f,-0.9877f,-0.0312f,0f,0f,0f,1f],start_interpolation: 0,interpolation_duration: 1}
$data merge entity $(bone_left_leg) {transformation: [-0.9955f,0.0573f,0.0753f,0f,0.0083f,0.8451f,-0.5345f,-1.0625f,-0.0943f,-0.5315f,-0.8418f,0.1375f,0f,0f,0f,1f],start_interpolation: 0,interpolation_duration: 1}
$data merge entity $(bone_right_leg) {transformation: [-0.9956f,-0.0504f,-0.0795f,0.1475f,0f,0.8443f,-0.5358f,-0.9725f,0.0941f,-0.5334f,-0.8406f,0.2463f,0f,0f,0f,1f],start_interpolation: 0,interpolation_duration: 1}
$data merge entity $(bone_left_arm) {transformation: [-1f,0f,0f,0.0313f,0f,0.9877f,0.1564f,-1.2312f,0f,0.1564f,-0.9877f,-0.2f,0f,0f,0f,1f],start_interpolation: 0,interpolation_duration: 1}
$data merge entity $(bone_right_arm) {transformation: [-1f,0f,0f,0.0313f,0f,0.9877f,0.1564f,-1.2312f,0f,0.1564f,-0.9877f,-0.2f,0f,0f,0f,1f],start_interpolation: 0,interpolation_duration: 1}
$data merge entity $(block_display_plant) {transformation: [-0.5f,0f,0f,0.25f,0f,0.5f,0f,-0.1687f,0f,0f,-0.5f,0.1094f,0f,0f,0f,1f],start_interpolation: 0,interpolation_duration: 1}
$data merge entity $(bone_hat) {transformation: [-1f,0f,0f,0f,0f,1f,0f,-1.2312f,0f,0f,-1f,-0.2031f,0f,0f,0f,1f],start_interpolation: 0,interpolation_duration: 1}