# This file was generated by Animated Java via MC-Build. It is not recommended to edit this file directly.
$data merge entity $(bone_body) {transformation: [-1f,0f,0f,0.0313f,0f,0.9903f,-0.1392f,-1.1425f,0f,-0.1392f,-0.9903f,-0.0312f,0f,0f,0f,1f],start_interpolation: 0,interpolation_duration: 2}
$data merge entity $(bone_left_leg) {transformation: [-0.9965f,0.0467f,0.07f,0f,0.0073f,0.877f,-0.4805f,-1.0625f,-0.0838f,-0.4783f,-0.8742f,0.1187f,0f,0f,0f,1f],start_interpolation: 0,interpolation_duration: 2}
$data merge entity $(bone_right_leg) {transformation: [-0.9965f,-0.0403f,-0.0733f,0.145f,0f,0.8763f,-0.4818f,-0.9825f,0.0837f,-0.4801f,-0.8732f,0.2363f,0f,0f,0f,1f],start_interpolation: 0,interpolation_duration: 2}
$data merge entity $(bone_left_arm) {transformation: [-1f,0f,0f,0.0313f,0f,0.9903f,0.1392f,-1.2125f,0f,0.1392f,-0.9903f,-0.1812f,0f,0f,0f,1f],start_interpolation: 0,interpolation_duration: 2}
$data merge entity $(bone_right_arm) {transformation: [-1f,0f,0f,0.0313f,0f,0.9903f,0.1392f,-1.2125f,0f,0.1392f,-0.9903f,-0.1812f,0f,0f,0f,1f],start_interpolation: 0,interpolation_duration: 2}
$data merge entity $(block_display_plant) {transformation: [-0.5f,0f,0f,0.25f,0f,0.5f,0f,-0.15f,0f,0f,-0.5f,0.125f,0f,0f,0f,1f],start_interpolation: 0,interpolation_duration: 2}
$data merge entity $(bone_hat) {transformation: [-1f,0f,0f,0f,0f,1f,0f,-1.2125f,0f,0f,-1f,-0.1875f,0f,0f,0f,1f],start_interpolation: 0,interpolation_duration: 2}