# This file was generated by Animated Java via MC-Build. It is not recommended to edit this file directly.
$data merge entity $(bone_body) {transformation: [-1f,0f,0f,0.0313f,0f,0.9925f,-0.1219f,-1.1325f,0f,-0.1219f,-0.9925f,-0.0312f,0f,0f,0f,1f],start_interpolation: 0,interpolation_duration: 2}
$data merge entity $(bone_left_leg) {transformation: [-0.9973f,0.037f,0.0637f,0f,0.0064f,0.9054f,-0.4246f,-1.0625f,-0.0733f,-0.423f,-0.9031f,0.1f,0f,0f,0f,1f],start_interpolation: 0,interpolation_duration: 2}
$data merge entity $(bone_right_leg) {transformation: [-0.9973f,-0.0312f,-0.0663f,0.1425f,0f,0.9048f,-0.4258f,-0.9925f,0.0732f,-0.4246f,-0.9024f,0.2263f,0f,0f,0f,1f],start_interpolation: 0,interpolation_duration: 2}
$data merge entity $(bone_left_arm) {transformation: [-1f,0f,0f,0.0313f,0f,0.9925f,0.1219f,-1.1937f,0f,0.1219f,-0.9925f,-0.1625f,0f,0f,0f,1f],start_interpolation: 0,interpolation_duration: 2}
$data merge entity $(bone_right_arm) {transformation: [-1f,0f,0f,0.0313f,0f,0.9925f,0.1219f,-1.1937f,0f,0.1219f,-0.9925f,-0.1625f,0f,0f,0f,1f],start_interpolation: 0,interpolation_duration: 2}
$data merge entity $(block_display_plant) {transformation: [-0.5f,0f,0f,0.25f,0f,0.5f,0f,-0.1313f,0f,0f,-0.5f,0.1406f,0f,0f,0f,1f],start_interpolation: 0,interpolation_duration: 2}
$data merge entity $(bone_hat) {transformation: [-1f,0f,0f,0f,0f,1f,0f,-1.1937f,0f,0f,-1f,-0.1719f,0f,0f,0f,1f],start_interpolation: 0,interpolation_duration: 2}