# This file was generated by Animated Java via MC-Build. It is not recommended to edit this file directly.
$data merge entity $(bone_body) {transformation: [-1f,0f,0f,0.0313f,0f,0.9945f,-0.1045f,-1.1225f,0f,-0.1045f,-0.9945f,-0.0312f,0f,0f,0f,1f],start_interpolation: 0,interpolation_duration: 2}
$data merge entity $(bone_left_leg) {transformation: [-0.998f,0.0282f,0.0565f,0f,0.0055f,0.9302f,-0.367f,-1.0625f,-0.0629f,-0.366f,-0.9285f,0.0813f,0f,0f,0f,1f],start_interpolation: 0,interpolation_duration: 2}
$data merge entity $(bone_right_leg) {transformation: [-0.998f,-0.0231f,-0.0584f,0.14f,0f,0.9298f,-0.3681f,-1.0025f,0.0628f,-0.3674f,-0.9279f,0.2163f,0f,0f,0f,1f],start_interpolation: 0,interpolation_duration: 2}
$data merge entity $(bone_left_arm) {transformation: [-1f,0f,0f,0.0313f,0f,0.9945f,0.1045f,-1.175f,0f,0.1045f,-0.9945f,-0.1438f,0f,0f,0f,1f],start_interpolation: 0,interpolation_duration: 2}
$data merge entity $(bone_right_arm) {transformation: [-1f,0f,0f,0.0313f,0f,0.9945f,0.1045f,-1.175f,0f,0.1045f,-0.9945f,-0.1438f,0f,0f,0f,1f],start_interpolation: 0,interpolation_duration: 2}
$data merge entity $(block_display_plant) {transformation: [-0.5f,0f,0f,0.25f,0f,0.5f,0f,-0.1125f,0f,0f,-0.5f,0.1563f,0f,0f,0f,1f],start_interpolation: 0,interpolation_duration: 2}
$data merge entity $(bone_hat) {transformation: [-1f,0f,0f,0f,0f,1f,0f,-1.175f,0f,0f,-1f,-0.1562f,0f,0f,0f,1f],start_interpolation: 0,interpolation_duration: 2}