# This file was generated by Animated Java via MC-Build. It is not recommended to edit this file directly.
$data merge entity $(bone_body) {transformation: [-1f,0f,0f,0.0313f,0f,0.9962f,-0.0872f,-1.1125f,0f,-0.0872f,-0.9962f,-0.0312f,0f,0f,0f,1f],start_interpolation: 0,interpolation_duration: 1}
$data merge entity $(bone_left_leg) {transformation: [-0.9986f,0.0205f,0.0485f,0f,0.0046f,0.9514f,-0.308f,-1.0625f,-0.0524f,-0.3074f,-0.9501f,0.0625f,0f,0f,0f,1f],start_interpolation: 0,interpolation_duration: 1}
$data merge entity $(bone_right_leg) {transformation: [-0.9986f,-0.0162f,-0.0498f,0.1375f,0f,0.9511f,-0.309f,-1.0125f,0.0523f,-0.3086f,-0.9498f,0.2063f,0f,0f,0f,1f],start_interpolation: 0,interpolation_duration: 1}
$data merge entity $(bone_left_arm) {transformation: [-1f,0f,0f,0.0313f,0f,0.9962f,0.0872f,-1.1562f,0f,0.0872f,-0.9962f,-0.125f,0f,0f,0f,1f],start_interpolation: 0,interpolation_duration: 1}
$data merge entity $(bone_right_arm) {transformation: [-1f,0f,0f,0.0313f,0f,0.9962f,0.0872f,-1.1562f,0f,0.0872f,-0.9962f,-0.125f,0f,0f,0f,1f],start_interpolation: 0,interpolation_duration: 1}
$data merge entity $(block_display_plant) {transformation: [-0.5f,0f,0f,0.25f,0f,0.5f,0f,-0.0937f,0f,0f,-0.5f,0.1719f,0f,0f,0f,1f],start_interpolation: 0,interpolation_duration: 1}
$data merge entity $(bone_hat) {transformation: [-1f,0f,0f,0f,0f,1f,0f,-1.1562f,0f,0f,-1f,-0.1406f,0f,0f,0f,1f],start_interpolation: 0,interpolation_duration: 1}