# This file was generated by Animated Java via MC-Build. It is not recommended to edit this file directly.
$data merge entity $(bone_body) {transformation: [-1f,0f,0f,0.0313f,0f,0.9976f,-0.0698f,-1.1025f,0f,-0.0698f,-0.9976f,-0.0312f,0f,0f,0f,1f],start_interpolation: 0,interpolation_duration: 1}
$data merge entity $(bone_left_leg) {transformation: [-0.9991f,0.014f,0.0397f,0f,0.0037f,0.9688f,-0.2479f,-1.0625f,-0.0419f,-0.2475f,-0.968f,0.0437f,0f,0f,0f,1f],start_interpolation: 0,interpolation_duration: 1}
$data merge entity $(bone_right_leg) {transformation: [-0.9991f,-0.0104f,-0.0406f,0.135f,0f,0.9686f,-0.2487f,-1.0225f,0.0419f,-0.2485f,-0.9677f,0.1963f,0f,0f,0f,1f],start_interpolation: 0,interpolation_duration: 1}
$data merge entity $(bone_left_arm) {transformation: [-1f,0f,0f,0.0313f,0f,0.9976f,0.0698f,-1.1375f,0f,0.0698f,-0.9976f,-0.1062f,0f,0f,0f,1f],start_interpolation: 0,interpolation_duration: 1}
$data merge entity $(bone_right_arm) {transformation: [-1f,0f,0f,0.0313f,0f,0.9976f,0.0698f,-1.1375f,0f,0.0698f,-0.9976f,-0.1062f,0f,0f,0f,1f],start_interpolation: 0,interpolation_duration: 1}
$data merge entity $(block_display_plant) {transformation: [-0.5f,0f,0f,0.25f,0f,0.5f,0f,-0.075f,0f,0f,-0.5f,0.1875f,0f,0f,0f,1f],start_interpolation: 0,interpolation_duration: 1}
$data merge entity $(bone_hat) {transformation: [-1f,0f,0f,0f,0f,1f,0f,-1.1375f,0f,0f,-1f,-0.125f,0f,0f,0f,1f],start_interpolation: 0,interpolation_duration: 1}