# This file was generated by Animated Java via MC-Build. It is not recommended to edit this file directly.
$data merge entity $(bone_body) {transformation: [-1f,0f,0f,0.0313f,0f,0.9986f,-0.0523f,-1.0925f,0f,-0.0523f,-0.9986f,-0.0312f,0f,0f,0f,1f],start_interpolation: 0,interpolation_duration: 1}
$data merge entity $(bone_left_leg) {transformation: [-0.9995f,0.0086f,0.0304f,0f,0.0028f,0.9824f,-0.1867f,-1.0625f,-0.0315f,-0.1865f,-0.9819f,0.025f,0f,0f,0f,1f],start_interpolation: 0,interpolation_duration: 1}
$data merge entity $(bone_right_leg) {transformation: [-0.9995f,-0.0059f,-0.0309f,0.1325f,0f,0.9823f,-0.1874f,-1.0325f,0.0314f,-0.1873f,-0.9818f,0.1863f,0f,0f,0f,1f],start_interpolation: 0,interpolation_duration: 1}
$data merge entity $(bone_left_arm) {transformation: [-1f,0f,0f,0.0313f,0f,0.9986f,0.0523f,-1.1187f,0f,0.0523f,-0.9986f,-0.0875f,0f,0f,0f,1f],start_interpolation: 0,interpolation_duration: 1}
$data merge entity $(bone_right_arm) {transformation: [-1f,0f,0f,0.0313f,0f,0.9986f,0.0523f,-1.1187f,0f,0.0523f,-0.9986f,-0.0875f,0f,0f,0f,1f],start_interpolation: 0,interpolation_duration: 1}
$data merge entity $(block_display_plant) {transformation: [-0.5f,0f,0f,0.25f,0f,0.5f,0f,-0.0562f,0f,0f,-0.5f,0.2031f,0f,0f,0f,1f],start_interpolation: 0,interpolation_duration: 1}
$data merge entity $(bone_hat) {transformation: [-1f,0f,0f,0f,0f,1f,0f,-1.1187f,0f,0f,-1f,-0.1094f,0f,0f,0f,1f],start_interpolation: 0,interpolation_duration: 1}