# This file was generated by Animated Java via MC-Build. It is not recommended to edit this file directly.
$data merge entity $(bone_body) {transformation: [-1f,0f,0f,0.0313f,0f,0.9994f,-0.0349f,-1.0825f,0f,-0.0349f,-0.9994f,-0.0312f,0f,0f,0f,1f],start_interpolation: 0,interpolation_duration: 1}
$data merge entity $(bone_left_leg) {transformation: [-0.9998f,0.0044f,0.0206f,0f,0.0018f,0.9922f,-0.1249f,-1.0625f,-0.021f,-0.1248f,-0.992f,0.0063f,0f,0f,0f,1f],start_interpolation: 0,interpolation_duration: 1}
$data merge entity $(bone_right_leg) {transformation: [-0.9998f,-0.0026f,-0.0208f,0.13f,0f,0.9921f,-0.1253f,-1.0425f,0.0209f,-0.1253f,-0.9919f,0.1763f,0f,0f,0f,1f],start_interpolation: 0,interpolation_duration: 1}
$data merge entity $(bone_left_arm) {transformation: [-1f,0f,0f,0.0313f,0f,0.9994f,0.0349f,-1.1f,0f,0.0349f,-0.9994f,-0.0688f,0f,0f,0f,1f],start_interpolation: 0,interpolation_duration: 1}
$data merge entity $(bone_right_arm) {transformation: [-1f,0f,0f,0.0313f,0f,0.9994f,0.0349f,-1.1f,0f,0.0349f,-0.9994f,-0.0688f,0f,0f,0f,1f],start_interpolation: 0,interpolation_duration: 1}
$data merge entity $(block_display_plant) {transformation: [-0.5f,0f,0f,0.25f,0f,0.5f,0f,-0.0375f,0f,0f,-0.5f,0.2188f,0f,0f,0f,1f],start_interpolation: 0,interpolation_duration: 1}
$data merge entity $(bone_hat) {transformation: [-1f,0f,0f,0f,0f,1f,0f,-1.1f,0f,0f,-1f,-0.0938f,0f,0f,0f,1f],start_interpolation: 0,interpolation_duration: 1}