# This file was generated by Animated Java via MC-Build. It is not recommended to edit this file directly.
$data merge entity $(bone_body) { transformation: [-1f,5.341834311772724e-18f,1.223481206754078e-16f,0f,0f,0.9990482215818578f,-0.04361938736533601f,-0.18229166666666666f,-1.2246467991473532e-16f,-0.04361938736533601f,-0.9990482215818578f,0f,0f,0f,0f,1f], start_interpolation: 0, interpolation_duration: 1 }
$data merge entity $(bone_head) { transformation: [-1f,3.5618507712852414e-18f,1.2241287124196407e-16f,0f,0f,0.9995769500822006f,-0.029084718743111408f,-0.18229166666666666f,-1.2246467991473532e-16f,-0.029084718743111408f,-0.9995769500822006f,0f,0f,0f,0f,1f], start_interpolation: 0, interpolation_duration: 1 }
$data merge entity $(bone_1) { transformation: [-1f,-8.905804343622914e-19f,1.2246144165862375e-16f,0f,0f,0.9999735576321774f,0.00727214111842164f,-0.18958333333333333f,-1.2246467991473532e-16f,0.00727214111842164f,-0.9999735576321774f,0f,0f,0f,0f,1f], start_interpolation: 0, interpolation_duration: 1 }
$data merge entity $(bone_2) { transformation: [-1f,1.959210641604271e-18f,1.224490070203936e-16f,-2.5883875526530905e-19f,0f,0.999872021105574f,-0.01599816896568341f,-0.18543192713719597f,-1.2246467991473532e-16f,-0.01599816896568341f,-0.999872021105574f,0.00211357883306046f,0f,0f,0f,1f], start_interpolation: 0, interpolation_duration: 1 }
$data merge entity $(bone_3) { transformation: [-1f,6.942864082423116e-18f,1.222677163643436e-16f,-6.508076399731155e-19f,0f,0.9983916705573488f,-0.05669278756337752f,-0.17503826135285586f,-1.2246467991473532e-16f,-0.05669278756337752f,-0.9983916705573488f,0.005314247670644574f,0f,0f,0f,1f], start_interpolation: 0, interpolation_duration: 1 }
$data merge entity $(bone_4) { transformation: [-1f,1.2623889409186715e-17f,1.2181229512164692e-16f,-7.922869609877593e-19f,0f,0.9946728738968441f,-0.10308187975484817f,-0.15942124966185142f,-1.2246467991473532e-16f,-0.10308187975484817f,-0.9946728738968441f,0.006469513998153429f,0f,0f,0f,1f], start_interpolation: 0, interpolation_duration: 1 }
$data merge entity $(bone_back_left_foot) { transformation: [-1f,-3.5618507712852414e-18f,1.2241287124196407e-16f,0f,0f,0.9995769500822006f,0.029084718743111408f,-0.18472222222222223f,-1.2246467991473532e-16f,0.029084718743111408f,-0.9995769500822006f,0f,0f,0f,0f,1f], start_interpolation: 0, interpolation_duration: 1 }
$data merge entity $(bone_back_right_foot) { transformation: [-1f,-3.5618507712852414e-18f,1.2241287124196407e-16f,0f,0f,0.9995769500822006f,0.029084718743111408f,-0.18472222222222223f,-1.2246467991473532e-16f,0.029084718743111408f,-0.9995769500822006f,0f,0f,0f,0f,1f], start_interpolation: 0, interpolation_duration: 1 }
$data merge entity $(bone_front_right_foot) { transformation: [-0.9990482215818578f,-0.001902650954127229f,-0.04357787137382897f,-5.102694996447306e-19f,1.0842021724855044e-19f,0.9990482215818578f,-0.04361938736533601f,-0.18125f,0.04361938736533588f,-0.0435778713738291f,-0.9980973490458728f,0.0041666666666666675f,0f,0f,0f,1f], start_interpolation: 0, interpolation_duration: 1 }
$data merge entity $(bone_front_left_foot) { transformation: [-0.9990481396585111f,-0.003819554525341238f,0.043453718461093f,-1.2756737491118264e-18f,-0.005722080170757262f,0.9990264283152891f,-0.04374303745873101f,-0.18125f,-0.04324433423452621f,-0.043950045856909675f,-0.9980973504752871f,0.010416666666666668f,0f,0f,0f,1f], start_interpolation: 0, interpolation_duration: 1 }