# This file was generated by Animated Java via MC-Build. It is not recommended to edit this file directly.
$data merge entity $(bone_body) { transformation: [-1f,-3.561850771285241e-18f,1.2241287124196407e-16f,0f,0f,0.9995769500822006f,0.0290847187431114f,-0.1701388888888889f,-1.2246467991473532e-16f,0.0290847187431114f,-0.9995769500822006f,0f,0f,0f,0f,1f], start_interpolation: 0, interpolation_duration: 1 }
$data merge entity $(bone_head) { transformation: [-1f,-4.985915956908672e-18f,1.2236314178987568e-16f,0f,0f,0.9991708782897213f,0.040713093443595826f,-0.1701388888888889f,-1.2246467991473532e-16f,0.040713093443595826f,-0.9991708782897213f,0f,0f,0f,0f,1f], start_interpolation: 0, interpolation_duration: 1 }
$data merge entity $(bone_1) { transformation: [-1f,-8.898035127798719e-18f,1.2214099556448292e-16f,0f,0f,0.9973569167005722f,0.07265797072261061f,-0.16145833333333334f,-1.2246467991473532e-16f,0.07265797072261061f,-0.9973569167005722f,0f,0f,0f,0f,1f], start_interpolation: 0, interpolation_duration: 1 }
$data merge entity $(bone_2) { transformation: [-1f,-1.8571058064738086e-17f,1.2104839374801592e-16f,1.1531659139392968e-18f,0f,0.9884351458093431f,0.15164419714866345f,-0.17602098668546612f,-1.2246467991473532e-16f,0.15164419714866345f,-0.9884351458093431f,-0.009416314277244472f,0f,0f,0f,1f], start_interpolation: 0, interpolation_duration: 1 }
$data merge entity $(bone_3) { transformation: [-1f,-2.835782981413314e-17f,1.1913618809938161e-16f,2.4650759060025503e-18f,0f,0.9728208017391534f,0.231559253115894f,-0.19404026039807737f,-1.2246467991473532e-16f,0.231559253115894f,-0.9728208017391534f,-0.02012887232236129f,0f,0f,0f,1f], start_interpolation: 0, interpolation_duration: 1 }
$data merge entity $(bone_4) { transformation: [-1f,-4.6865204053262986e-17f,1.1314261122877003e-16f,6.040681307623694e-18f,0f,0.9238795325112867f,0.3826834323650898f,-0.2364058389224306f,-1.2246467991473532e-16f,0.3826834323650898f,-0.9238795325112867f,-0.049325906145587864f,0f,0f,0f,1f], start_interpolation: 0, interpolation_duration: 1 }
$data merge entity $(bone_back_left_foot) { transformation: [-1f,-8.898035127798719e-18f,1.2214099556448292e-16f,0f,0f,0.9973569167005722f,0.07265797072261061f,-0.16041666666666665f,-1.2246467991473532e-16f,0.07265797072261061f,-0.9973569167005722f,0f,0f,0f,0f,1f], start_interpolation: 0, interpolation_duration: 1 }
$data merge entity $(bone_back_right_foot) { transformation: [-1f,-8.898035127798719e-18f,1.2214099556448292e-16f,0f,0f,0.9973569167005722f,0.07265797072261061f,-0.16041666666666665f,-1.2246467991473532e-16f,0.07265797072261061f,-0.9973569167005722f,0f,0f,0f,0f,1f], start_interpolation: 0, interpolation_duration: 1 }
$data merge entity $(bone_front_right_foot) { transformation: [-0.9914448613738104f,0.007589423114970772f,-0.1303053625613611f,-1.5308084989341916e-18f,0f,0.9983081582712682f,0.058144828910475815f,-0.14583333333333334f,0.13052619222005146f,0.05764739183875062f,-0.9897674935856015f,0.0125f,0f,0f,0f,1f], start_interpolation: 0, interpolation_duration: 1 }
$data merge entity $(bone_front_left_foot) { transformation: [-0.9914448613736273f,-0.024532757350705554f,0.12819996362168112f,-2.126122915186377e-18f,-0.017037086857162858f,0.9980982771313084f,0.05924159736988374f,-0.16666666666666666f,-0.12940952255243987f,0.05655062337662893f,-0.9899773747255359f,0.017361111111111112f,0f,0f,0f,1f], start_interpolation: 0, interpolation_duration: 1 }