# This file was generated by Animated Java via MC-Build. It is not recommended to edit this file directly.
$data merge entity $(bone_body) { transformation: [-1f,-7.120687861218473e-18f,1.2225748905895979e-16f,0f,0f,0.9983081582712682f,0.05814482891047585f,-0.1736111111111111f,-1.2246467991473532e-16f,0.05814482891047585f,-0.9983081582712682f,0f,0f,0f,0f,1f], start_interpolation: 0, interpolation_duration: 1 }
$data merge entity $(bone_head) { transformation: [-1f,-9.963564051486356e-18f,1.2205869579022425e-16f,0f,0f,0.9966848880445061f,0.08135867466785833f,-0.1736111111111111f,-1.2246467991473532e-16f,0.08135867466785833f,-0.9966848880445061f,0f,0f,0f,0f,1f], start_interpolation: 0, interpolation_duration: 1 }
$data merge entity $(bone_1) { transformation: [-1f,-9.786026398770403e-18f,1.2207305810022597e-16f,0f,0f,0.9968021652056576f,0.07990896971750398f,-0.16666666666666669f,-1.2246467991473532e-16f,0.07990896971750398f,-0.9968021652056576f,0f,0f,0f,0f,1f], start_interpolation: 0, interpolation_duration: 1 }
$data merge entity $(bone_2) { transformation: [-1f,-2.2025458247622075e-17f,1.204677426351172e-16f,1.4591598611871207e-18f,0f,0.9836937696566189f,0.17985151525286358f,-0.18493965639855114f,-1.2246467991473532e-16f,0.17985151525286358f,-0.9836937696566189f,-0.0119149444738111f,0f,0f,0f,1f], start_interpolation: 0, interpolation_duration: 1 }
$data merge entity $(bone_3) { transformation: [-1f,-3.5180140244884315e-17f,1.1730283696044545e-16f,3.2388981471580533e-18f,0f,0.9578503536049434f,0.28726764540909344f,-0.20979535043710407f,-1.2246467991473532e-16f,0.28726764540909344f,-0.9578503536049434f,-0.02644761044092958f,0f,0f,0f,1f], start_interpolation: 0, interpolation_duration: 1 }
$data merge entity $(bone_4) { transformation: [-1f,-5.79649415391409e-17f,1.0787800229417746e-16f,8.212419176079753e-18f,0f,0.8808907382053857f,0.4733196671848434f,-0.26014861828599745f,-1.2246467991473532e-16f,0.4733196671848434f,-0.8808907382053857f,-0.06705949161666498f,0f,0f,0f,1f], start_interpolation: 0, interpolation_duration: 1 }
$data merge entity $(bone_back_left_foot) { transformation: [-1f,-7.120687861218469e-18f,1.2225748905895979e-16f,0f,0f,0.9983081582712682f,0.05814482891047581f,-0.15833333333333333f,-1.2246467991473532e-16f,0.05814482891047581f,-0.9983081582712682f,0f,0f,0f,0f,1f], start_interpolation: 0, interpolation_duration: 1 }
$data merge entity $(bone_back_right_foot) { transformation: [-1f,-7.120687861218469e-18f,1.2225748905895979e-16f,0f,0f,0.9983081582712682f,0.05814482891047581f,-0.15833333333333333f,-1.2246467991473532e-16f,0.05814482891047581f,-0.9983081582712682f,0f,0f,0f,0f,1f], start_interpolation: 0, interpolation_duration: 1 }
$data merge entity $(bone_front_right_foot) { transformation: [-0.9914448613738104f,0.015153166024495734f,-0.12964362080295308f,-1.5308084989341916e-18f,-8.673617379884035e-19f,0.993238357741943f,0.11609291412523028f,-0.14479166666666665f,0.13052619222005143f,0.11509972315137061f,-0.9847410659026118f,0.0125f,0f,0f,0f,1f], start_interpolation: 0, interpolation_duration: 1 }
$data merge entity $(bone_front_left_foot) { transformation: [-0.9914448613736273f,-0.031945416759210664f,0.12655661659474507f,-1.7008983321491012e-18f,-0.01703708685716286f,0.9929650602732272f,0.11717562352301733f,-0.17083333333333334f,-0.1294095225524399f,0.11401701375087292f,-0.9850143633714601f,0.013888888888888885f,0f,0f,0f,1f], start_interpolation: 0, interpolation_duration: 1 }