# This file was generated by Animated Java via MC-Build. It is not recommended to edit this file directly.
$data merge entity $(bone_body) { transformation: [-1f,-1.0673500138322974e-17f,1.2199866483456202e-16f,0f,0f,0.9961946980917455f,0.08715574274765818f,-0.17708333333333334f,-1.2246467991473532e-16f,0.08715574274765818f,-0.9961946980917455f,0f,0f,0f,0f,1f], start_interpolation: 0, interpolation_duration: 1 }
$data merge entity $(bone_head) { transformation: [-1f,-1.4924690131530345e-17f,1.2155184676135683e-16f,0f,0f,0.992546151641322f,0.12186934340514746f,-0.17708333333333334f,-1.2246467991473532e-16f,0.12186934340514746f,-0.992546151641322f,0f,0f,0f,0f,1f], start_interpolation: 0, interpolation_duration: 1 }
$data merge entity $(bone_1) { transformation: [-1f,-1.0673500138322974e-17f,1.2199866483456202e-16f,0f,0f,0.9961946980917455f,0.08715574274765818f,-0.171875f,-1.2246467991473532e-16f,0.08715574274765818f,-0.9961946980917455f,0f,0f,0f,0f,1f], start_interpolation: 0, interpolation_duration: 1 }
$data merge entity $(bone_2) { transformation: [-1f,-2.546183866652831e-17f,1.1978853283323184e-16f,1.7718080011307443e-18f,0f,0.9781476007338056f,0.20791169081775931f,-0.1938225556090259f,-1.2246467991473532e-16f,0.20791169081775931f,-0.9781476007338056f,-0.014467910277186417f,0f,0f,0f,1f], start_interpolation: 0, interpolation_duration: 1 }
$data merge entity $(bone_3) { transformation: [-1f,-4.188538737676992e-17f,1.1507915602278503e-16f,4.031596831252724e-18f,0f,0.9396926207859084f,0.34202014332566877f,-0.2254596965028828f,-1.2246467991473532e-16f,0.34202014332566877f,-0.9396926207859084f,-0.032920486413386116f,0f,0f,0f,1f], start_interpolation: 0, interpolation_duration: 1 }
$data merge entity $(bone_4) { transformation: [-1f,-6.848137993413652e-17f,1.0152782096024234e-16f,1.0417378004018004e-17f,0f,0.8290375725550417f,0.5591929034707468f,-0.28363643969232044f,-1.2246467991473532e-16f,0.5591929034707468f,-0.8290375725550417f,-0.08506434680816533f,0f,0f,0f,1f], start_interpolation: 0, interpolation_duration: 1 }
$data merge entity $(bone_back_left_foot) { transformation: [-1f,-5.341834311772724e-18f,1.223481206754078e-16f,0f,0f,0.9990482215818578f,0.04361938736533601f,-0.15625f,-1.2246467991473532e-16f,0.04361938736533601f,-0.9990482215818578f,0f,0f,0f,0f,1f], start_interpolation: 0, interpolation_duration: 1 }
$data merge entity $(bone_back_right_foot) { transformation: [-1f,-5.341834311772724e-18f,1.223481206754078e-16f,0f,0f,0.9990482215818578f,0.04361938736533601f,-0.15625f,-1.2246467991473532e-16f,0.04361938736533601f,-0.9990482215818578f,0f,0f,0f,0f,1f], start_interpolation: 0, interpolation_duration: 1 }
$data merge entity $(bone_front_right_foot) { transformation: [-0.9914448613738104f,0.022665635416815398f,-0.12854320606946845f,-1.5308084989341916e-18f,-1.734723475976807e-18f,0.984807753012208f,0.17364817766693033f,-0.14375f,0.13052619222005146f,0.17216259343480453f,-0.9763825861650424f,0.0125f,0f,0f,0f,1f], start_interpolation: 0, interpolation_duration: 1 }
$data merge entity $(bone_front_left_foot) { transformation: [-0.9914448613736273f,-0.03924998298948583f,0.12448504203780482f,-1.2756737491118264e-18f,-0.017037086857162854f,0.9844719639668601f,0.174713164457218f,-0.175f,-0.12940952255243987f,0.17109760664181858f,-0.9767183752106802f,0.010416666666666668f,0f,0f,0f,1f], start_interpolation: 0, interpolation_duration: 1 }