# This file was generated by Animated Java via MC-Build. It is not recommended to edit this file directly.
$data merge entity $(bone_body) { transformation: [-1f,-7.120687861218467e-18f,1.2225748905895979e-16f,0f,0f,0.9983081582712682f,0.0581448289104758f,-0.18055555555555555f,-1.2246467991473532e-16f,0.0581448289104758f,-0.9983081582712682f,0f,0f,0f,0f,1f], start_interpolation: 0, interpolation_duration: 1 }
$data merge entity $(bone_head) { transformation: [-1f,-9.963564051486343e-18f,1.2205869579022425e-16f,0f,0f,0.9966848880445061f,0.08135867466785823f,-0.18055555555555555f,-1.2246467991473532e-16f,0.08135867466785823f,-0.9966848880445061f,0f,0f,0f,0f,1f], start_interpolation: 0, interpolation_duration: 1 }
$data merge entity $(bone_1) { transformation: [-1f,-7.120687861218467e-18f,1.2225748905895979e-16f,0f,0f,0.9983081582712682f,0.0581448289104758f,-0.17708333333333334f,-1.2246467991473532e-16f,0.0581448289104758f,-0.9983081582712682f,0f,0f,0f,0f,1f], start_interpolation: 0, interpolation_duration: 1 }
$data merge entity $(bone_2) { transformation: [-1f,-1.7043789261815547e-17f,1.2127286206821952e-16f,1.1285896800184494e-18f,0f,0.9902680687415703f,0.13917310096006535f,-0.19198937719909476f,-1.2246467991473532e-16f,0.13917310096006535f,-0.9902680687415703f,-0.009215634097963735f,0f,0f,0f,1f], start_interpolation: 0, interpolation_duration: 1 }
$data merge entity $(bone_3) { transformation: [-1f,-2.8242298793730895e-17f,1.1916362861823317e-16f,2.5593537146511878e-18f,0f,0.9730448705798237f,0.23061587074244008f,-0.21342967372643445f,-1.2246467991473532e-16f,0.23061587074244008f,-0.9730448705798237f,-0.020898709051729112f,0f,0f,0f,1f], start_interpolation: 0, interpolation_duration: 1 }
$data merge entity $(bone_4) { transformation: [-1f,-4.719412382711135e-17f,1.1300580738532803e-16f,5.927321035053491e-18f,0f,0.9227624443554424f,0.3853692661424481f,-0.25565203492804056f,-1.2246467991473532e-16f,0.3853692661424481f,-0.9227624443554424f,-0.04840024927334414f,0f,0f,0f,1f], start_interpolation: 0, interpolation_duration: 1 }
$data merge entity $(bone_back_left_foot) { transformation: [-1f,-3.56185077128524e-18f,1.2241287124196407e-16f,0f,0f,0.9995769500822006f,0.029084718743111394f,-0.16666666666666669f,-1.2246467991473532e-16f,0.029084718743111394f,-0.9995769500822006f,0f,0f,0f,0f,1f], start_interpolation: 0, interpolation_duration: 1 }
$data merge entity $(bone_back_right_foot) { transformation: [-1f,-3.56185077128524e-18f,1.2241287124196407e-16f,0f,0f,0.9995769500822006f,0.029084718743111394f,-0.16666666666666669f,-1.2246467991473532e-16f,0.029084718743111394f,-0.9995769500822006f,0f,0f,0f,0f,1f], start_interpolation: 0, interpolation_duration: 1 }
$data merge entity $(bone_front_right_foot) { transformation: [-0.9961946980917455f,0.010118164158324517f,-0.08656642679446311f,-1.0205389992894608e-18f,0f,0.993238357741943f,0.1160929141252302f,-0.15833333333333335f,0.08715574274765803f,0.11565114553757463f,-0.989458785923876f,0.008333333333333331f,0f,0f,0f,1f], start_interpolation: 0, interpolation_duration: 1 }
$data merge entity $(bone_front_left_foot) { transformation: [-0.9961944934002808f,-0.021345012803630405f,0.0845039747430317f,-8.504491660745508e-19f,-0.011411846002401072f,0.9931451517064626f,0.1163291769624667f,-0.17916666666666667f,-0.08640776058766694f,0.11492213916543786f,-0.9896093172761987f,0.006944444444444444f,0f,0f,0f,1f], start_interpolation: 0, interpolation_duration: 1 }