# This file was generated by Animated Java via MC-Build. It is not recommended to edit this file directly.
$data merge entity $(bone_body) { transformation: [-1f,-3.561850771285243e-18f,1.2241287124196407e-16f,0f,0f,0.9995769500822006f,0.029084718743111422f,-0.1840277777777778f,-1.2246467991473532e-16f,0.029084718743111422f,-0.9995769500822006f,0f,0f,0f,0f,1f], start_interpolation: 0, interpolation_duration: 1 }
$data merge entity $(bone_head) { transformation: [-1f,-4.985915956908675e-18f,1.2236314178987568e-16f,0f,0f,0.9991708782897213f,0.04071309344359585f,-0.1840277777777778f,-1.2246467991473532e-16f,0.04071309344359585f,-0.9991708782897213f,0f,0f,0f,0f,1f], start_interpolation: 0, interpolation_duration: 1 }
$data merge entity $(bone_1) { transformation: [-1f,-3.561850771285243e-18f,1.2241287124196407e-16f,0f,0f,0.9995769500822006f,0.029084718743111422f,-0.18229166666666666f,-1.2246467991473532e-16f,0.029084718743111422f,-0.9995769500822006f,0f,0f,0f,0f,1f], start_interpolation: 0, interpolation_duration: 1 }
$data merge entity $(bone_2) { transformation: [-1f,-8.542704229054948e-18f,1.2216636210951633e-16f,5.375095632035079e-19f,0f,0.9975640502598243f,0.06975647374412534f,-0.18987555266212067f,-1.2246467991473532e-16f,0.06975647374412534f,-0.9975640502598243f,-0.004389098665653991f,0f,0f,0f,1f], start_interpolation: 0, interpolation_duration: 1 }
$data merge entity $(bone_3) { transformation: [-1f,-1.4217281568715188e-17f,1.2163661755990445e-16f,1.2144053698550125e-18f,0f,0.993238357741943f,0.11609291412523032f,-0.20076106524249127f,-1.2246467991473532e-16f,0.11609291412523032f,-0.993238357741943f,-0.009916372383453978f,0f,0f,0f,1f], start_interpolation: 0, interpolation_duration: 1 }
$data merge entity $(bone_4) { transformation: [-1f,-2.4066343684367085e-17f,1.2007667936899532e-16f,2.82248174600143e-18f,0f,0.9805004957559793f,0.1965166095328303f,-0.22226325204125053f,-1.2246467991473532e-16f,0.1965166095328303f,-0.9805004957559793f,-0.02304731248198706f,0f,0f,0f,1f], start_interpolation: 0, interpolation_duration: 1 }
$data merge entity $(bone_back_left_foot) { transformation: [-1f,-1.7811137706137416e-18f,1.2245172706154333e-16f,0f,0f,0.9998942319271075f,0.014543897651582665f,-0.17708333333333331f,-1.2246467991473532e-16f,0.014543897651582665f,-0.9998942319271075f,0f,0f,0f,0f,1f], start_interpolation: 0, interpolation_duration: 1 }
$data merge entity $(bone_back_right_foot) { transformation: [-1f,-1.7811137706137416e-18f,1.2245172706154333e-16f,0f,0f,0.9998942319271075f,0.014543897651582665f,-0.17708333333333331f,-1.2246467991473532e-16f,0.014543897651582665f,-0.9998942319271075f,0f,0f,0f,0f,1f], start_interpolation: 0, interpolation_duration: 1 }
$data merge entity $(bone_front_right_foot) { transformation: [-0.9990482215818578f,0.002536241815537229f,-0.043545590265609516f,-5.102694996447311e-19f,0f,0.9983081582712682f,0.058144828910475864f,-0.17291666666666666f,0.04361938736533591f,0.058089487917192296f,-0.9973579901115703f,0.004166666666666671f,0f,0f,0f,1f], start_interpolation: 0, interpolation_duration: 1 }
$data merge entity $(bone_front_left_foot) { transformation: [-0.9990481396585111f,-0.008216197983738651f,0.04284050344662163f,-4.252245830372756e-19f,-0.005722080170757269f,0.9982990450426288f,0.058019604148036114f,-0.18333333333333335f,-0.04324433423452623f,0.05771924079254155f,-0.9973958175162683f,0.0034722222222222238f,0f,0f,0f,1f], start_interpolation: 0, interpolation_duration: 1 }