# This file was generated by Animated Java via MC-Build. It is not recommended to edit this file directly.
$data merge entity $(bone_body) { transformation: [-1f,1.0673500138322975e-17f,1.2199866483456202e-16f,0f,0f,0.9961946980917455f,-0.0871557427476582f,-0.17708333333333334f,-1.2246467991473532e-16f,-0.0871557427476582f,-0.9961946980917455f,0f,0f,0f,0f,1f], start_interpolation: 0, interpolation_duration: 1 }
$data merge entity $(bone_head) { transformation: [-1f,7.12068786121847e-18f,1.2225748905895979e-16f,0f,0f,0.9983081582712682f,-0.05814482891047583f,-0.17708333333333334f,-1.2246467991473532e-16f,-0.05814482891047583f,-0.9983081582712682f,0f,0f,0f,0f,1f], start_interpolation: 0, interpolation_duration: 1 }
$data merge entity $(bone_1) { transformation: [-1f,-1.781113770613741e-18f,1.2245172706154333e-16f,0f,0f,0.9998942319271075f,0.014543897651582658f,-0.19166666666666668f,-1.2246467991473532e-16f,0.014543897651582658f,-0.9998942319271075f,0f,0f,0f,0f,1f], start_interpolation: 0, interpolation_duration: 1 }
$data merge entity $(bone_2) { transformation: [-1f,3.917919807984821e-18f,1.224019923489678e-16f,-5.250581441782119e-19f,0f,0.9994881171794909f,-0.03199224307541268f,-0.18339481430748905f,-1.2246467991473532e-16f,-0.03199224307541268f,-0.9994881171794909f,0.004287425113459471f,0f,0f,0f,1f], start_interpolation: 0, interpolation_duration: 1 }
$data merge entity $(bone_3) { transformation: [-1f,1.3863395339406055e-17f,1.2167745927772285e-16f,-1.3274879752006438e-18f,0f,0.9935718556765875f,-0.11320321376790675f,-0.1626545838359967f,-1.2246467991473532e-16f,-0.11320321376790675f,-0.9935718556765875f,0.0108397619307452f,0f,0f,0f,1f], start_interpolation: 0, interpolation_duration: 1 }
$data merge entity $(bone_4) { transformation: [-1f,2.5113280716783363e-17f,1.1986209141450272e-16f,-1.6382555452438719e-18f,0f,0.978748252132414f,-0.20506549916488745f,-0.1314381888750487f,-1.2246467991473532e-16f,-0.20506549916488745f,-0.978748252132414f,0.01337737171553863f,0f,0f,0f,1f], start_interpolation: 0, interpolation_duration: 1 }
$data merge entity $(bone_back_left_foot) { transformation: [-1f,-7.12068786121847e-18f,1.2225748905895979e-16f,0f,0f,0.9983081582712682f,0.05814482891047583f,-0.18194444444444444f,-1.2246467991473532e-16f,0.05814482891047583f,-0.9983081582712682f,0f,0f,0f,0f,1f], start_interpolation: 0, interpolation_duration: 1 }
$data merge entity $(bone_back_right_foot) { transformation: [-1f,-7.12068786121847e-18f,1.2225748905895979e-16f,0f,0f,0.9983081582712682f,0.05814482891047583f,-0.18194444444444444f,-1.2246467991473532e-16f,0.05814482891047583f,-0.9983081582712682f,0f,0f,0f,0f,1f], start_interpolation: 0, interpolation_duration: 1 }
$data merge entity $(bone_front_right_foot) { transformation: [-0.9961946980917455f,-0.007596123493895964f,-0.08682408883346508f,-1.0205389992894612e-18f,0f,0.9961946980917455f,-0.0871557427476582f,-0.175f,0.08715574274765807f,-0.08682408883346521f,-0.9924038765061041f,0.008333333333333335f,0f,0f,0f,1f], start_interpolation: 0, interpolation_duration: 1 }
$data merge entity $(bone_front_left_foot) { transformation: [-0.9961944934002807f,-0.0038158494857573376f,0.08707451183704758f,-2.5513474982236528e-18f,-0.01141184600240107f,0.9961511941323841f,-0.08690551305551733f,-0.175f,-0.08640776058766698f,-0.0875684744718512f,-0.9924038800754948f,0.020833333333333336f,0f,0f,0f,1f], start_interpolation: 0, interpolation_duration: 1 }