# This file was generated by Animated Java via MC-Build. It is not recommended to edit this file directly.
$data merge entity $(bone_body) { transformation: [-1f,1.5984848350717833e-17f,1.2141697760125282e-16f,0f,0f,0.9914448613738104f,-0.13052619222005157f,-0.171875f,-1.2246467991473532e-16f,-0.13052619222005157f,-0.9914448613738104f,0f,0f,0f,0f,1f], start_interpolation: 0, interpolation_duration: 1 }
$data merge entity $(bone_head) { transformation: [-1f,1.0673500138322974e-17f,1.2199866483456202e-16f,0f,0f,0.9961946980917455f,-0.08715574274765818f,-0.171875f,-1.2246467991473532e-16f,-0.08715574274765818f,-0.9961946980917455f,0f,0f,0f,0f,1f], start_interpolation: 0, interpolation_duration: 1 }
$data merge entity $(bone_1) { transformation: [-1f,-2.6715529131342774e-18f,1.22435536637248e-16f,0f,0f,0.9997620270799091f,0.02181488503456112f,-0.19375f,-1.2246467991473532e-16f,0.02181488503456112f,-0.9997620270799091f,0f,0f,0f,0f,1f], start_interpolation: 0, interpolation_duration: 1 }
$data merge entity $(bone_2) { transformation: [-1f,5.875626152274419e-18f,1.2232364793422932e-16f,-7.986165153969785e-19f,0f,0.9988483864849507f,-0.047978128521343956f,-0.18138931769296715f,-1.2246467991473532e-16f,-0.047978128521343956f,-0.9988483864849507f,0.006521198732181446f,0f,0f,0f,1f], start_interpolation: 0, interpolation_duration: 1 }
$data merge entity $(bone_3) { transformation: [-1f,2.0739332782590036e-17f,1.2069580731057547e-16f,-2.0299356999066247e-18f,0f,0.9855560590580777f,-0.1693495038490246f,-0.150351268893919f,-1.2246467991473532e-16f,-0.1693495038490246f,-0.9855560590580777f,0.01657568289338563f,0f,0f,0f,1f], start_interpolation: 0, interpolation_duration: 1 }
$data merge entity $(bone_4) { transformation: [-1f,3.7335108797895504e-17f,1.166348467554525e-16f,-2.537775794701194e-18f,0f,0.9523957996432785f,-0.3048642990280109f,-0.10355559539028127f,-1.2246467991473532e-16f,-0.3048642990280109f,-0.9523957996432785f,0.020722511964005395f,0f,0f,0f,1f], start_interpolation: 0, interpolation_duration: 1 }
$data merge entity $(bone_back_left_foot) { transformation: [-1f,-1.0673500138322974e-17f,1.2199866483456202e-16f,0f,0f,0.9961946980917455f,0.08715574274765818f,-0.17916666666666667f,-1.2246467991473532e-16f,0.08715574274765818f,-0.9961946980917455f,0f,0f,0f,0f,1f], start_interpolation: 0, interpolation_duration: 1 }
$data merge entity $(bone_back_right_foot) { transformation: [-1f,-1.0673500138322974e-17f,1.2199866483456202e-16f,0f,0f,0.9961946980917455f,0.08715574274765818f,-0.17916666666666667f,-1.2246467991473532e-16f,0.08715574274765818f,-0.9961946980917455f,0f,0f,0f,0f,1f], start_interpolation: 0, interpolation_duration: 1 }
$data merge entity $(bone_front_right_foot) { transformation: [-0.9914448613738104f,-0.017037086855465833f,-0.12940952255126026f,-1.5308084989341916e-18f,-1.734723475976807e-18f,0.9914448613738104f,-0.13052619222005157f,-0.16875f,0.13052619222005146f,-0.12940952255126037f,-0.9829629131445341f,0.0125f,0f,0f,0f,1f], start_interpolation: 0, interpolation_duration: 1 }
$data merge entity $(bone_front_left_foot) { transformation: [-0.9914448613736273f,-1.3510543124579495e-12f,0.13052619222144252f,-3.827021247335479e-18f,-0.01703708685716286f,0.9914448613736214f,-0.12940952255248517f,-0.16875f,-0.12940952255243987f,-0.13052619222148742f,-0.9829629131441882f,0.03125f,0f,0f,0f,1f], start_interpolation: 0, interpolation_duration: 1 }