# This file was generated by Animated Java via MC-Build. It is not recommended to edit this file directly.
$data merge entity $(bone_body) { transformation: [-1f,1.5984848350717833e-17f,1.2141697760125282e-16f,0f,0f,0.9914448613738104f,-0.13052619222005157f,-0.16666666666666666f,-1.2246467991473532e-16f,-0.13052619222005157f,-0.9914448613738104f,0f,0f,0f,0f,1f], start_interpolation: 0, interpolation_duration: 1 }
$data merge entity $(bone_head) { transformation: [-1f,1.0673500138322974e-17f,1.2199866483456202e-16f,0f,0f,0.9961946980917455f,-0.08715574274765818f,-0.16666666666666666f,-1.2246467991473532e-16f,-0.08715574274765818f,-0.9961946980917455f,0f,0f,0f,0f,1f], start_interpolation: 0, interpolation_duration: 1 }
$data merge entity $(bone_1) { transformation: [-1f,-3.5618507712852414e-18f,1.2241287124196407e-16f,0f,0f,0.9995769500822006f,0.029084718743111408f,-0.1875f,-1.2246467991473532e-16f,0.029084718743111408f,-0.9995769500822006f,0f,0f,0f,0f,1f], start_interpolation: 0, interpolation_duration: 1 }
$data merge entity $(bone_2) { transformation: [-1f,2.3747532385569085e-18f,1.2244165293589653e-16f,-5.404777721795783e-19f,0f,0.9998119704485013f,-0.019391331771824363f,-0.17908313321281083f,-1.2246467991473532e-16f,-0.019391331771824363f,-0.9998119704485013f,0.004413335931273245f,0f,0f,0f,1f], start_interpolation: 0, interpolation_duration: 1 }
$data merge entity $(bone_3) { transformation: [-1f,1.3745407046988628e-17f,1.2169084440388758e-16f,-1.519149685291626e-18f,0f,0.9936811535261716f,-0.1122397662457348f,-0.15513876632665952f,-1.2246467991473532e-16f,-0.1122397662457348f,-0.9936811535261716f,0.012404798561914482f,0f,0f,0f,1f], start_interpolation: 0, interpolation_duration: 1 }
$data merge entity $(bone_4) { transformation: [-1f,2.546183866652831e-17f,1.1978853283323184e-16f,-2.017450057989534e-18f,0f,0.9781476007338057f,-0.2079116908177593f,-0.12274340519506023f,-1.2246467991473532e-16f,-0.2079116908177593f,-0.9781476007338057f,0.016473729890072477f,0f,0f,0f,1f], start_interpolation: 0, interpolation_duration: 1 }
$data merge entity $(bone_back_left_foot) { transformation: [-1f,-1.4217281568715176e-17f,1.2163661755990443e-16f,0f,0f,0.993238357741943f,0.11609291412523023f,-0.17638888888888887f,-1.2246467991473532e-16f,0.11609291412523023f,-0.993238357741943f,0f,0f,0f,0f,1f], start_interpolation: 0, interpolation_duration: 1 }
$data merge entity $(bone_back_right_foot) { transformation: [-1f,-1.4217281568715176e-17f,1.2163661755990443e-16f,0f,0f,0.993238357741943f,0.11609291412523023f,-0.17638888888888887f,-1.2246467991473532e-16f,0.11609291412523023f,-0.993238357741943f,0f,0f,0f,0f,1f], start_interpolation: 0, interpolation_duration: 1 }
$data merge entity $(bone_front_right_foot) { transformation: [-0.9914448613738104f,-0.017037086855465833f,-0.12940952255126026f,-1.5308084989341916e-18f,-1.734723475976807e-18f,0.9914448613738104f,-0.13052619222005157f,-0.1625f,0.13052619222005146f,-0.12940952255126037f,-0.9829629131445341f,0.0125f,0f,0f,0f,1f], start_interpolation: 0, interpolation_duration: 1 }
$data merge entity $(bone_front_left_foot) { transformation: [-0.9914448613736273f,-1.3510543124579495e-12f,0.13052619222144252f,-3.827021247335479e-18f,-0.01703708685716286f,0.9914448613736214f,-0.12940952255248517f,-0.1625f,-0.12940952255243987f,-0.13052619222148742f,-0.9829629131441882f,0.03125f,0f,0f,0f,1f], start_interpolation: 0, interpolation_duration: 1 }