# This file was generated by Animated Java via MC-Build. It is not recommended to edit this file directly.
$data merge entity $(bone_body) { transformation: [-1f,1.5984848350717833e-17f,1.2141697760125282e-16f,0f,0f,0.9914448613738104f,-0.13052619222005157f,-0.16145833333333334f,-1.2246467991473532e-16f,-0.13052619222005157f,-0.9914448613738104f,0f,0f,0f,0f,1f], start_interpolation: 0, interpolation_duration: 1 }
$data merge entity $(bone_head) { transformation: [-1f,1.0673500138322974e-17f,1.2199866483456202e-16f,0f,0f,0.9961946980917455f,-0.08715574274765818f,-0.16145833333333334f,-1.2246467991473532e-16f,-0.08715574274765818f,-0.9961946980917455f,0f,0f,0f,0f,1f], start_interpolation: 0, interpolation_duration: 1 }
$data merge entity $(bone_1) { transformation: [-1f,-4.4519602618997584e-18f,1.2238373207434493e-16f,0f,0f,0.99933901072173f,0.03635301431399965f,-0.18125f,-1.2246467991473532e-16f,0.03635301431399965f,-0.99933901072173f,0f,0f,0f,0f,1f], start_interpolation: 0, interpolation_duration: 1 }
$data merge entity $(bone_2) { transformation: [-1f,-1.1280625402026405e-18f,1.2245948432654764e-16f,-2.7537092635525897e-19f,0f,0.9999575748028632f,0.00921132967471145f,-0.17674543164734624f,-1.2246467991473532e-16f,0.00921132967471145f,-0.9999575748028632f,0.0022485742546094344f,0f,0f,0f,1f], start_interpolation: 0, interpolation_duration: 1 }
$data merge entity $(bone_3) { transformation: [-1f,6.705742929391881e-18f,1.222809504313059e-16f,-9.88840518716593e-19f,0f,0.9984997349149375f,-0.05475654641044814f,-0.1598627288304021f,-1.2246467991473532e-16f,-0.05475654641044814f,-0.9984997349149375f,0.008074495596649273f,0f,0f,0f,1f], start_interpolation: 0, interpolation_duration: 1 }
$data merge entity $(bone_4) { transformation: [-1f,1.3332346982063387e-17f,1.2173679127761025e-16f,-1.4519814611958541e-18f,0f,0.9940563382223195f,-0.10886687485196457f,-0.14186331243080197f,-1.2246467991473532e-16f,-0.10886687485196457f,-0.9940563382223195f,0.011856328389595923f,0f,0f,0f,1f], start_interpolation: 0, interpolation_duration: 1 }
$data merge entity $(bone_back_left_foot) { transformation: [-1f,-1.7749033759509426e-17f,1.211716535631266e-16f,0f,0f,0.9894416385809445f,0.14493185930724675f,-0.1736111111111111f,-1.2246467991473532e-16f,0.14493185930724675f,-0.9894416385809445f,0f,0f,0f,0f,1f], start_interpolation: 0, interpolation_duration: 1 }
$data merge entity $(bone_back_right_foot) { transformation: [-1f,-1.7749033759509426e-17f,1.211716535631266e-16f,0f,0f,0.9894416385809445f,0.14493185930724675f,-0.1736111111111111f,-1.2246467991473532e-16f,0.14493185930724675f,-0.9894416385809445f,0f,0f,0f,0f,1f], start_interpolation: 0, interpolation_duration: 1 }
$data merge entity $(bone_front_right_foot) { transformation: [-0.9914448613738104f,-0.017037086855465833f,-0.12940952255126026f,-1.5308084989341916e-18f,-1.734723475976807e-18f,0.9914448613738104f,-0.13052619222005157f,-0.15625f,0.13052619222005146f,-0.12940952255126037f,-0.9829629131445341f,0.0125f,0f,0f,0f,1f], start_interpolation: 0, interpolation_duration: 1 }
$data merge entity $(bone_front_left_foot) { transformation: [-0.9914448613736273f,-1.3510543124579495e-12f,0.13052619222144252f,-3.827021247335479e-18f,-0.01703708685716286f,0.9914448613736214f,-0.12940952255248517f,-0.15625f,-0.12940952255243987f,-0.13052619222148742f,-0.9829629131441882f,0.03125f,0f,0f,0f,1f], start_interpolation: 0, interpolation_duration: 1 }