# This file was generated by Animated Java via MC-Build. It is not recommended to edit this file directly.
$data merge entity $(bone_body) { transformation: [-1f,1.5984848350717833e-17f,1.2141697760125282e-16f,0f,0f,0.9914448613738104f,-0.13052619222005157f,-0.15625f,-1.2246467991473532e-16f,-0.13052619222005157f,-0.9914448613738104f,0f,0f,0f,0f,1f], start_interpolation: 0, interpolation_duration: 1 }
$data merge entity $(bone_head) { transformation: [-1f,1.0673500138322974e-17f,1.2199866483456202e-16f,0f,0f,0.9961946980917455f,-0.08715574274765818f,-0.15625f,-1.2246467991473532e-16f,-0.08715574274765818f,-0.9961946980917455f,0f,0f,0f,0f,1f], start_interpolation: 0, interpolation_duration: 1 }
$data merge entity $(bone_1) { transformation: [-1f,-5.341834311772723e-18f,1.223481206754078e-16f,0f,0f,0.9990482215818578f,0.043619387365336f,-0.175f,-1.2246467991473532e-16f,0.043619387365336f,-0.9990482215818578f,0f,0f,0f,0f,1f], start_interpolation: 0, interpolation_duration: 1 }
$data merge entity $(bone_2) { transformation: [-1f,-4.62995541327287e-18f,1.2237712751772566e-16f,-3.3386464448578398e-21f,0f,0.9992850804242446f,0.037806455024390916f,-0.17437559486151133f,-1.2246467991473532e-16f,0.037806455024390916f,-0.9992850804242446f,0.00002726211710333408f,0f,0f,0f,1f], start_interpolation: 0, interpolation_duration: 1 }
$data merge entity $(bone_3) { transformation: [-1f,-3.5623481126590697e-19f,1.2246416179183943e-16f,-4.390948666732346e-19f,0f,0.9999957692054863f,0.002908877984361957f,-0.1645214232312094f,-1.2246467991473532e-16f,0.002908877984361957f,-0.9999957692054863f,0.003585481683200001f,0f,0f,0f,1f], start_interpolation: 0, interpolation_duration: 1 }
$data merge entity $(bone_4) { transformation: [-1f,1.0686923765729393e-18f,1.2246001683497694e-16f,-8.414646224530316e-19f,0f,0.9999619230641713f,-0.008726535498373933f,-0.16091130298579412f,-1.2246467991473532e-16f,-0.008726535498373933f,-0.9999619230641713f,0.006871080078263317f,0f,0f,0f,1f], start_interpolation: 0, interpolation_duration: 1 }
$data merge entity $(bone_back_left_foot) { transformation: [-1f,-2.1265768495757713e-17f,1.2060416625018976e-16f,0f,0f,0.984807753012208f,0.17364817766693033f,-0.17083333333333334f,-1.2246467991473532e-16f,0.17364817766693033f,-0.984807753012208f,0f,0f,0f,0f,1f], start_interpolation: 0, interpolation_duration: 1 }
$data merge entity $(bone_back_right_foot) { transformation: [-1f,-2.1265768495757713e-17f,1.2060416625018976e-16f,0f,0f,0.984807753012208f,0.17364817766693033f,-0.17083333333333334f,-1.2246467991473532e-16f,0.17364817766693033f,-0.984807753012208f,0f,0f,0f,0f,1f], start_interpolation: 0, interpolation_duration: 1 }
$data merge entity $(bone_front_right_foot) { transformation: [-0.9914448613738104f,-0.017037086855465833f,-0.12940952255126026f,-1.5308084989341916e-18f,-1.734723475976807e-18f,0.9914448613738104f,-0.13052619222005157f,-0.15f,0.13052619222005146f,-0.12940952255126037f,-0.9829629131445341f,0.0125f,0f,0f,0f,1f], start_interpolation: 0, interpolation_duration: 1 }
$data merge entity $(bone_front_left_foot) { transformation: [-0.9914448613736273f,-1.3510543124579495e-12f,0.13052619222144252f,-3.827021247335479e-18f,-0.01703708685716286f,0.9914448613736214f,-0.12940952255248517f,-0.15f,-0.12940952255243987f,-0.13052619222148742f,-0.9829629131441882f,0.03125f,0f,0f,0f,1f], start_interpolation: 0, interpolation_duration: 1 }