# This file was generated by Animated Java via MC-Build. It is not recommended to edit this file directly.
$data merge entity $(bone_body) { transformation: [-1f,1.0673500138322975e-17f,1.2199866483456202e-16f,0f,0f,0.9961946980917455f,-0.0871557427476582f,-0.1597222222222222f,-1.2246467991473532e-16f,-0.0871557427476582f,-0.9961946980917455f,0f,0f,0f,0f,1f], start_interpolation: 0, interpolation_duration: 1 }
$data merge entity $(bone_head) { transformation: [-1f,7.12068786121847e-18f,1.2225748905895979e-16f,0f,0f,0.9983081582712682f,-0.05814482891047583f,-0.1597222222222222f,-1.2246467991473532e-16f,-0.05814482891047583f,-0.9983081582712682f,0f,0f,0f,0f,1f], start_interpolation: 0, interpolation_duration: 1 }
$data merge entity $(bone_1) { transformation: [-1f,-6.2314258601502505e-18f,1.2230603892845205e-16f,0f,0f,0.9987045980408904f,0.05088345361690254f,-0.16875f,-1.2246467991473532e-16f,0.05088345361690254f,-0.9987045980408904f,0f,0f,0f,0f,1f], start_interpolation: 0, interpolation_duration: 1 }
$data merge entity $(bone_2) { transformation: [-1f,-8.128060364982435e-18f,1.2219464988829004e-16f,2.7557566730144275e-19f,0f,0.9977950375027861f,0.06637064964887433f,-0.17197300813176777f,-1.2246467991473532e-16f,0.06637064964887433f,-0.9977950375027861f,-0.002250246091308198f,0f,0f,0f,1f], start_interpolation: 0, interpolation_duration: 1 }
$data merge entity $(bone_3) { transformation: [-1f,-7.417027166593018e-18f,1.2223986884248772e-16f,2.5804978206976982e-19f,0f,0.9981642782849379f,0.06056462297339152f,-0.16916415144977776f,-1.2246467991473532e-16f,0.06056462297339152f,-0.9981642782849379f,-0.002107136378010657f,0f,0f,0f,1f], start_interpolation: 0, interpolation_duration: 1 }
$data merge entity $(bone_4) { transformation: [-1f,-1.1205716441293749e-17f,1.2195093171294713e-16f,6.980266642996584e-19f,0f,0.9958049275746617f,0.09150161866340242f,-0.17826396453489568f,-1.2246467991473532e-16f,0.09150161866340242f,-0.9958049275746617f,-0.005699820264795136f,0f,0f,0f,1f], start_interpolation: 0, interpolation_duration: 1 }
$data merge entity $(bone_back_left_foot) { transformation: [-1f,-1.7749033759509426e-17f,1.211716535631266e-16f,0f,0f,0.9894416385809445f,0.14493185930724675f,-0.16805555555555557f,-1.2246467991473532e-16f,0.14493185930724675f,-0.9894416385809445f,0f,0f,0f,0f,1f], start_interpolation: 0, interpolation_duration: 1 }
$data merge entity $(bone_back_right_foot) { transformation: [-1f,-1.7749033759509426e-17f,1.211716535631266e-16f,0f,0f,0.9894416385809445f,0.14493185930724675f,-0.16805555555555557f,-1.2246467991473532e-16f,0.14493185930724675f,-0.9894416385809445f,0f,0f,0f,0f,1f], start_interpolation: 0, interpolation_duration: 1 }
$data merge entity $(bone_front_right_foot) { transformation: [-0.9914448613738104f,-0.011376107230962188f,-0.13002950065171934f,-1.5308084989341916e-18f,0f,0.9961946980917455f,-0.08715574274765818f,-0.14895833333333333f,0.1305261922200515f,-0.08641011328638344f,-0.9876721143508955f,0.0125f,0f,0f,0f,1f], start_interpolation: 0, interpolation_duration: 1 }
$data merge entity $(bone_front_left_foot) { transformation: [-0.9914448613736273f,-0.005693472541179179f,0.13040196020862493f,-3.4017966642982036e-18f,-0.01703708685716286f,0.996145989644768f,-0.08604013590218981f,-0.15416666666666667f,-0.12940952255243987f,-0.08752572013453327f,-0.9877208227974548f,0.02777777777777778f,0f,0f,0f,1f], start_interpolation: 0, interpolation_duration: 1 }