# This file was generated by Animated Java via MC-Build. It is not recommended to edit this file directly.
$data merge entity $(bone_body) { transformation: [-1f,5.341834311772722e-18f,1.223481206754078e-16f,0f,0f,0.9990482215818578f,-0.043619387365335986f,-0.16319444444444445f,-1.2246467991473532e-16f,-0.043619387365335986f,-0.9990482215818578f,0f,0f,0f,0f,1f], start_interpolation: 0, interpolation_duration: 1 }
$data merge entity $(bone_head) { transformation: [-1f,3.56185077128524e-18f,1.2241287124196407e-16f,0f,0f,0.9995769500822006f,-0.029084718743111394f,-0.16319444444444445f,-1.2246467991473532e-16f,-0.029084718743111394f,-0.9995769500822006f,0f,0f,0f,0f,1f], start_interpolation: 0, interpolation_duration: 1 }
$data merge entity $(bone_1) { transformation: [-1f,-7.12068786121847e-18f,1.2225748905895979e-16f,0f,0f,0.9983081582712682f,0.05814482891047583f,-0.1625f,-1.2246467991473532e-16f,0.05814482891047583f,-0.9983081582712682f,0f,0f,0f,0f,1f], start_interpolation: 0, interpolation_duration: 1 }
$data merge entity $(bone_2) { transformation: [-1f,-1.1619515478685126e-17f,1.2191220072929194e-16f,5.613278867337172e-19f,0f,0.995488665092433f,0.09488054422528264f,-0.16953706020026768f,-1.2246467991473532e-16f,0.09488054422528264f,-0.995488665092433f,-0.004583590036935838f,0f,0f,0f,1f], start_interpolation: 0, interpolation_duration: 1 }
$data merge entity $(bone_3) { transformation: [-1f,-1.4453139072613984e-17f,1.2160881792685205e-16f,9.74535549435798e-19f,0f,0.9930113565112885f,0.11801883679993956f,-0.17372295580235925f,-1.2246467991473532e-16f,0.11801883679993956f,-0.9930113565112885f,-0.007957686658016888f,0f,0f,0f,1f], start_interpolation: 0, interpolation_duration: 1 }
$data merge entity $(bone_4) { transformation: [-1f,-2.336736254364077e-17f,1.2021465881652132e-16f,2.2794315096032075e-18f,0f,0.9816271834476639f,0.1908089953765448f,-0.19543180072612057f,-1.2246467991473532e-16f,0.1908089953765448f,-0.9816271834476639f,-0.018612970786272717f,0f,0f,0f,1f], start_interpolation: 0, interpolation_duration: 1 }
$data merge entity $(bone_back_left_foot) { transformation: [-1f,-1.4217281568715172e-17f,1.2163661755990443e-16f,0f,0f,0.993238357741943f,0.1160929141252302f,-0.16527777777777777f,-1.2246467991473532e-16f,0.1160929141252302f,-0.993238357741943f,0f,0f,0f,0f,1f], start_interpolation: 0, interpolation_duration: 1 }
$data merge entity $(bone_back_right_foot) { transformation: [-1f,-1.4217281568715172e-17f,1.2163661755990443e-16f,0f,0f,0.993238357741943f,0.1160929141252302f,-0.16527777777777777f,-1.2246467991473532e-16f,0.1160929141252302f,-0.993238357741943f,0f,0f,0f,0f,1f], start_interpolation: 0, interpolation_duration: 1 }
$data merge entity $(bone_front_right_foot) { transformation: [-0.9914448613738104f,-0.005693472539768729f,-0.1304019602072941f,-1.5308084989341916e-18f,0f,0.9990482215818578f,-0.04361938736533598f,-0.14791666666666667f,0.13052619222005146f,-0.04324621745963607f,-0.9905012255519768f,0.0125f,0f,0f,0f,1f], start_interpolation: 0, interpolation_duration: 1 }
$data merge entity $(bone_front_left_foot) { transformation: [-0.9914448613736273f,-0.011376107232429346f,0.13002950065298732f,-2.9765720812609276e-18f,-0.017037086857162865f,0.998950897407389f,-0.04250696696300294f,-0.15833333333333333f,-0.1294095225524399f,-0.04435863786466627f,-0.9905985497261446f,0.024305555555555552f,0f,0f,0f,1f], start_interpolation: 0, interpolation_duration: 1 }