# This file was generated by Animated Java via MC-Build. It is not recommended to edit this file directly.
$data merge entity $(bone_body) { transformation: [-1f,0f,1.2246467991473532e-16f,0f,0f,1f,0f,-0.16666666666666666f,-1.2246467991473532e-16f,0f,-1f,0f,0f,0f,0f,1f], start_interpolation: 0, interpolation_duration: 1 }
$data merge entity $(bone_head) { transformation: [-1f,0f,1.2246467991473532e-16f,0f,0f,1f,0f,-0.16666666666666666f,-1.2246467991473532e-16f,0f,-1f,0f,0f,0f,0f,1f], start_interpolation: 0, interpolation_duration: 1 }
$data merge entity $(bone_1) { transformation: [-1f,-8.00957328659154e-18f,1.2220247363447802e-16f,0f,0f,0.9978589232386035f,0.06540312923014306f,-0.15625f,-1.2246467991473532e-16f,0.06540312923014306f,-0.9978589232386035f,0f,0f,0f,0f,1f], start_interpolation: 0, interpolation_duration: 1 }
$data merge entity $(bone_2) { transformation: [-1f,-1.510146427818961e-17f,1.2153001112183419e-16f,8.538731596896432e-19f,0f,0.9923678501135845f,0.12331281385542213f,-0.1670671433287459f,-1.2246467991473532e-16f,0.12331281385542213f,-0.9923678501135845f,-0.006972403474080387f,0f,0f,0f,1f], start_interpolation: 0, interpolation_duration: 1 }
$data merge entity $(bone_3) { transformation: [-1f,-2.1441157590518108e-17f,1.2057310889164773e-16f,1.7102493110313452e-18f,0f,0.984554150434194f,0.17508033831016645f,-0.17819611757100387f,-1.2246467991473532e-16f,0.17508033831016645f,-0.984554150434194f,-0.013965245426045186f,0f,0f,0f,1f], start_interpolation: 0, interpolation_duration: 1 }
$data merge entity $(bone_4) { transformation: [-1f,-3.52938637296625e-17f,1.1726867019647912e-16f,3.902501018252827e-18f,0f,0.9575713608048144f,0.2881962681340894f,-0.21241108690364607f,-1.2246467991473532e-16f,0.2881962681340894f,-0.9575713608048144f,-0.031866339102587786f,0f,0f,0f,1f], start_interpolation: 0, interpolation_duration: 1 }
$data merge entity $(bone_back_left_foot) { transformation: [-1f,-1.0673500138322974e-17f,1.2199866483456202e-16f,0f,0f,0.9961946980917455f,0.08715574274765818f,-0.1625f,-1.2246467991473532e-16f,0.08715574274765818f,-0.9961946980917455f,0f,0f,0f,0f,1f], start_interpolation: 0, interpolation_duration: 1 }
$data merge entity $(bone_back_right_foot) { transformation: [-1f,-1.0673500138322974e-17f,1.2199866483456202e-16f,0f,0f,0.9961946980917455f,0.08715574274765818f,-0.1625f,-1.2246467991473532e-16f,0.08715574274765818f,-0.9961946980917455f,0f,0f,0f,0f,1f], start_interpolation: 0, interpolation_duration: 1 }
$data merge entity $(bone_front_right_foot) { transformation: [-0.9914448613738104f,0f,-0.13052619222005146f,-1.5308084989341916e-18f,0f,1f,0f,-0.146875f,0.13052619222005146f,0f,-0.9914448613738104f,0.0125f,0f,0f,0f,1f], start_interpolation: 0, interpolation_duration: 1 }
$data merge entity $(bone_front_left_foot) { transformation: [-0.9914448613736273f,-0.01703708685698691f,0.12940952255246302f,-2.5513474982236524e-18f,-0.017037086857162865f,0.9998542453601376f,0.0011071164037360442f,-0.1625f,-0.12940952255243987f,-0.0011071164064437385f,-0.9915906160134897f,0.020833333333333332f,0f,0f,0f,1f], start_interpolation: 0, interpolation_duration: 1 }