# This file was generated by Animated Java via MC-Build. It is not recommended to edit this file directly.
$data merge entity $(block_display_block_display3) { transformation: [-0.4f,3.5385628558235185e-17f,3.387437001329446e-17f,0.19999999999999987f,0f,0.27660522231290785f,-0.28894558482390226f,-0.17436301488231698f,-4.898587196589413e-17f,-0.28894558482390226f,-0.27660522231290785f,-0.26292140243211776f,0f,0f,0f,1f], start_interpolation: 0, interpolation_duration: 1 }
$data merge entity $(bone_body) { transformation: [-1f,-2.671552913134278e-18f,1.22435536637248e-16f,0f,0f,0.9997620270799091f,0.021814885034561124f,-0.6354166666666666f,-1.2246467991473532e-16f,0.021814885034561124f,-0.9997620270799091f,0f,0f,0f,0f,1f], start_interpolation: 0, interpolation_duration: 1 }
$data merge entity $(block_display_block_display) { transformation: [-0.2999682580410046f,0.0015547363638900116f,-0.004077617280236267f,0.15738573075218082f,0.0018477014267708708f,0.2991978538896517f,-0.021845599723150914f,0.03428906127410547f,0.00395350063649827f,-0.021868402380270505f,-0.29917577243161214f,0.30578934574679145f,0f,0f,0f,1f], start_interpolation: 0, interpolation_duration: 1 }
$data merge entity $(block_display_block_display1) { transformation: [-0.1499841290205023f,0.0007773681819450058f,-0.0020388086401181334f,0.08366792164200348f,0.0009238507133854354f,0.14959892694482585f,-0.010922799861575457f,0.04157773654428276f,0.001976750318249135f,-0.010934201190135252f,-0.14958788621580607f,0.40027014979079456f,0f,0f,0f,1f], start_interpolation: 0, interpolation_duration: 1 }
$data merge entity $(block_display_block_display2) { transformation: [-0.1499841290205023f,0.0007773681819450058f,-0.0020388086401181334f,0.07899565184173275f,0.0009238507133854354f,0.14959892694482585f,-0.010922799861575457f,0.016546320194839037f,0.001976750318249135f,-0.010934201190135252f,-0.14958788621580607f,0.05746457721290561f,0f,0f,0f,1f], start_interpolation: 0, interpolation_duration: 1 }
$data merge entity $(bone_upper) { transformation: [-0.9998941934700153f,0.005182454546300039f,-0.013592057600787556f,-5.868099245914401e-18f,0.006159004755902903f,0.9973261796321724f,-0.07281866574383639f,-0.6104166666666667f,0.013178335454994234f,-0.07289467460090168f,-0.9972525747720405f,0.04791666666666667f,0f,0f,0f,1f], start_interpolation: 0, interpolation_duration: 1 }
$data merge entity $(bone_lower) { transformation: [-0.9990468377862727f,0.009629962150155817f,0.0425755767810084f,0f,0.011529428105079077f,0.9989385737237676f,0.044595943922006f,-0.625f,-0.042100928693067904f,0.045044308804902955f,-0.9980974511777243f,0f,0f,0f,0f,1f], start_interpolation: 0, interpolation_duration: 1 }
$data merge entity $(bone_front_left) { transformation: [-1f,6.2314258601502505e-18f,1.2230603892845205e-16f,-1.2756737491118264e-18f,0f,0.9987045980408904f,-0.05088345361690254f,-0.6354166666666666f,-1.2246467991473532e-16f,-0.05088345361690254f,-0.9987045980408904f,0.010416666666666668f,0f,0f,0f,1f], start_interpolation: 0, interpolation_duration: 1 }
$data merge entity $(bone_front_right) { transformation: [-1f,5.341834311772724e-18f,1.223481206754078e-16f,-1.2756737491118264e-18f,0f,0.9990482215818578f,-0.04361938736533601f,-0.6354166666666666f,-1.2246467991473532e-16f,-0.04361938736533601f,-0.9990482215818578f,0.010416666666666668f,0f,0f,0f,1f], start_interpolation: 0, interpolation_duration: 1 }