# This file was generated by Animated Java via MC-Build. It is not recommended to edit this file directly.
$data merge entity $(block_display_block_display3) { transformation: [-0.4f,3.6116173224336145e-17f,3.309437541167256e-17f,0.19999999999999987f,0f,0.27023608304626406f,-0.2949109347240496f,-0.17349605489317405f,-4.898587196589413e-17f,-0.2949109347240496f,-0.27023608304626406f,-0.2629805698487363f,0f,0f,0f,1f], start_interpolation: 0, interpolation_duration: 1 }
$data merge entity $(bone_body) { transformation: [-1f,-5.341834311772722e-18f,1.223481206754078e-16f,0f,0f,0.9990482215818578f,0.043619387365335986f,-0.6458333333333334f,-1.2246467991473532e-16f,0.043619387365335986f,-0.9990482215818578f,0f,0f,0f,0f,1f], start_interpolation: 0, interpolation_duration: 1 }
$data merge entity $(block_display_block_display) { transformation: [-0.2998730428344143f,0.002506770097836642f,-0.008359083975299712f,0.16369219067915175f,0.003694370037065001f,0.2968029069145993f,-0.04352454568485358f,0.06509017810683748f,0.00790631464455828f,-0.04360906500626059f,-0.29670817251639864f,0.3039175500251683f,0f,0f,0f,1f], start_interpolation: 0, interpolation_duration: 1 }
$data merge entity $(block_display_block_display1) { transformation: [-0.14993652141720715f,0.001253385048918321f,-0.004179541987649856f,0.0913361437128293f,0.0018471850185325005f,0.14840145345729966f,-0.02176227284242679f,0.0796151911426205f,0.00395315732227914f,-0.021804532503130296f,-0.14835408625819932f,0.3986154325976822f,0f,0f,0f,1f], start_interpolation: 0, interpolation_duration: 1 }
$data merge entity $(block_display_block_display2) { transformation: [-0.14993652141720715f,0.001253385048918321f,-0.004179541987649856f,0.08175802665779838f,0.0018471850185325005f,0.14840145345729966f,-0.02176227284242679f,0.029743315878725807f,0.00395315732227914f,-0.021804532503130296f,-0.14835408625819932f,0.05863731825597536f,0f,0f,0f,1f], start_interpolation: 0, interpolation_duration: 1 }
$data merge entity $(bone_upper) { transformation: [-0.9995768094480477f,0.008355900326122141f,-0.02786361325099904f,-1.1736198491828798e-17f,0.01231456679021667f,0.9893430230486645f,-0.14508181894951194f,-0.5958333333333333f,0.0263543821485276f,-0.14536355002086865f,-0.9890272417213288f,0.0958333333333333f,0f,0f,0f,1f], start_interpolation: 0, interpolation_duration: 1 }
$data merge entity $(bone_lower) { transformation: [-0.9961896402438296f,0.015408069464367704f,0.08584166858962257f,0f,0.022995972282678016f,0.9958444516710977f,0.08811931306282997f,-0.625f,-0.08412720089034033f,0.08975755941017977f,-0.9924042495873767f,0f,0f,0f,0f,1f], start_interpolation: 0, interpolation_duration: 1 }
$data merge entity $(bone_front_left) { transformation: [-1f,1.2446707317765925e-17f,1.2183052697729108e-16f,-2.551347498223652e-18f,0f,0.9948217482960331f,-0.10163507818280183f,-0.6458333333333334f,-1.2246467991473532e-16f,-0.10163507818280183f,-0.9948217482960331f,0.02083333333333333f,0f,0f,0f,1f], start_interpolation: 0, interpolation_duration: 1 }
$data merge entity $(bone_front_right) { transformation: [-1f,1.067350013832297e-17f,1.2199866483456202e-16f,-2.551347498223652e-18f,0f,0.9961946980917455f,-0.08715574274765815f,-0.6458333333333334f,-1.2246467991473532e-16f,-0.08715574274765815f,-0.9961946980917455f,0.02083333333333333f,0f,0f,0f,1f], start_interpolation: 0, interpolation_duration: 1 }