# This file was generated by Animated Java via MC-Build. It is not recommended to edit this file directly.
$data merge entity $(block_display_block_display3) { transformation: [-0.4f,3.5385628558235185e-17f,3.387437001329446e-17f,0.19999999999999987f,0f,0.27660522231290785f,-0.28894558482390226f,-0.17436301488231698f,-4.898587196589413e-17f,-0.28894558482390226f,-0.27660522231290785f,-0.2629214024321177f,0f,0f,0f,1f], start_interpolation: 0, interpolation_duration: 1 }
$data merge entity $(bone_body) { transformation: [-1f,-2.6715529131342736e-18f,1.22435536637248e-16f,0f,0f,0.9997620270799091f,0.02181488503456109f,-0.6354166666666666f,-1.2246467991473532e-16f,0.02181488503456109f,-0.9997620270799091f,0f,0f,0f,0f,1f], start_interpolation: 0, interpolation_duration: 1 }
$data merge entity $(block_display_block_display) { transformation: [-0.2999682580410046f,0.0015547363638900103f,-0.00407761728023626f,0.1573857307521808f,0.0018477014267708684f,0.2991978538896517f,-0.021845599723150883f,0.03428906127410547f,0.003953500636498264f,-0.02186840238027047f,-0.29917577243161214f,0.3057893457467914f,0f,0f,0f,1f], start_interpolation: 0, interpolation_duration: 1 }
$data merge entity $(block_display_block_display1) { transformation: [-0.1499841290205023f,0.0007773681819450051f,-0.00203880864011813f,0.08366792164200347f,0.0009238507133854342f,0.14959892694482585f,-0.010922799861575442f,0.04157773654428276f,0.001976750318249132f,-0.010934201190135235f,-0.14958788621580607f,0.40027014979079456f,0f,0f,0f,1f], start_interpolation: 0, interpolation_duration: 1 }
$data merge entity $(block_display_block_display2) { transformation: [-0.1499841290205023f,0.0007773681819450051f,-0.00203880864011813f,0.07899565184173275f,0.0009238507133854342f,0.14959892694482585f,-0.010922799861575442f,0.016546320194839037f,0.001976750318249132f,-0.010934201190135235f,-0.14958788621580607f,0.0574645772129056f,0f,0f,0f,1f], start_interpolation: 0, interpolation_duration: 1 }
$data merge entity $(bone_upper) { transformation: [-0.9998941934700153f,0.005182454546300034f,-0.013592057600787534f,-5.86809924591439e-18f,0.006159004755902895f,0.9973261796321724f,-0.07281866574383627f,-0.6104166666666667f,0.013178335454994215f,-0.07289467460090157f,-0.9972525747720405f,0.04791666666666658f,0f,0f,0f,1f], start_interpolation: 0, interpolation_duration: 1 }
$data merge entity $(bone_lower) { transformation: [-0.9990468377862727f,0.00962996215015581f,0.042575576781008324f,0f,0.011529428105079063f,0.9989385737237676f,0.04459594392200593f,-0.625f,-0.04210092869306783f,0.04504430880490287f,-0.9980974511777243f,0f,0f,0f,0f,1f], start_interpolation: 0, interpolation_duration: 1 }
$data merge entity $(bone_front_left) { transformation: [-1f,6.231425860150241e-18f,1.2230603892845205e-16f,-1.2756737491118243e-18f,0f,0.9987045980408904f,-0.05088345361690246f,-0.6354166666666666f,-1.2246467991473532e-16f,-0.05088345361690246f,-0.9987045980408904f,0.01041666666666665f,0f,0f,0f,1f], start_interpolation: 0, interpolation_duration: 1 }
$data merge entity $(bone_front_right) { transformation: [-1f,5.3418343117727156e-18f,1.223481206754078e-16f,-1.2756737491118243e-18f,0f,0.9990482215818578f,-0.04361938736533594f,-0.6354166666666666f,-1.2246467991473532e-16f,-0.04361938736533594f,-0.9990482215818578f,0.01041666666666665f,0f,0f,0f,1f], start_interpolation: 0, interpolation_duration: 1 }