# This file was generated by Animated Java via MC-Build. It is not recommended to edit this file directly.
$data merge entity $(block_display_block_display3) { transformation: [-0.4f,3.5385628558235185e-17f,3.3874370013294455e-17f,0.19999999999999987f,0f,0.2766052223129078f,-0.28894558482390226f,-0.17436301488231698f,-4.898587196589413e-17f,-0.28894558482390226f,-0.2766052223129078f,-0.26292140243211776f,0f,0f,0f,1f], start_interpolation: 0, interpolation_duration: 1 }
$data merge entity $(bone_body) { transformation: [-1f,-2.6715529131342794e-18f,1.22435536637248e-16f,0f,0f,0.9997620270799091f,0.021814885034561138f,-0.6354166666666666f,-1.2246467991473532e-16f,0.021814885034561138f,-0.9997620270799091f,0f,0f,0f,0f,1f], start_interpolation: 0, interpolation_duration: 1 }
$data merge entity $(block_display_block_display) { transformation: [-0.2999682580410046f,-0.0015547363638900075f,0.004077617280236342f,0.1425825272888233f,-0.0018477014267708719f,0.2991978538896517f,-0.021845599723150932f,0.03613676270087651f,-0.0039535006364983475f,-0.021868402380270522f,-0.29917577243161214f,0.30974284638328975f,0f,0f,0f,1f], start_interpolation: 0, interpolation_duration: 1 }
$data merge entity $(block_display_block_display1) { transformation: [-0.1499841290205023f,-0.0007773681819450037f,0.002038808640118171f,0.0663162073784983f,-0.0009238507133854359f,0.14959892694482585f,-0.010922799861575466f,0.042501587257668505f,-0.0019767503182491738f,-0.010934201190135261f,-0.14958788621580607f,0.40224690010904374f,0f,0f,0f,1f], start_interpolation: 0, interpolation_duration: 1 }
$data merge entity $(block_display_block_display2) { transformation: [-0.1499841290205023f,-0.0007773681819450037f,0.002038808640118171f,0.07098847717876912f,-0.0009238507133854359f,0.14959892694482585f,-0.010922799861575466f,0.01747017090822467f,-0.0019767503182491738f,-0.010934201190135261f,-0.14958788621580607f,0.05944132753115476f,0f,0f,0f,1f], start_interpolation: 0, interpolation_duration: 1 }
$data merge entity $(bone_upper) { transformation: [-0.9998941934700153f,-0.005182454546300025f,0.01359205760078781f,-5.868099245914404e-18f,-0.006159004755902906f,0.9973261796321724f,-0.07281866574383644f,-0.6104166666666666f,-0.013178335454994491f,-0.07289467460090174f,-0.9972525747720405f,0.0479166666666667f,0f,0f,0f,1f], start_interpolation: 0, interpolation_duration: 1 }
$data merge entity $(bone_lower) { transformation: [-0.9987019906233903f,-0.01131598852223607f,-0.0496616786732226f,0f,-0.013554034282576852f,0.9988967003327314f,0.04496298721224055f,-0.625f,0.049098086312447276f,0.045577740928505854f,-0.9977535003458066f,0f,0f,0f,0f,1f], start_interpolation: 0, interpolation_duration: 1 }
$data merge entity $(bone_front_left) { transformation: [-1f,6.231425860150254e-18f,1.2230603892845205e-16f,-1.2756737491118272e-18f,0f,0.9987045980408904f,-0.050883453616902566f,-0.6354166666666666f,-1.2246467991473532e-16f,-0.050883453616902566f,-0.9987045980408904f,0.010416666666666675f,0f,0f,0f,1f], start_interpolation: 0, interpolation_duration: 1 }
$data merge entity $(bone_front_right) { transformation: [-1f,5.341834311772728e-18f,1.223481206754078e-16f,-1.2756737491118272e-18f,0f,0.9990482215818578f,-0.043619387365336035f,-0.6354166666666666f,-1.2246467991473532e-16f,-0.043619387365336035f,-0.9990482215818578f,0.010416666666666675f,0f,0f,0f,1f], start_interpolation: 0, interpolation_duration: 1 }