# This file was generated by Animated Java via MC-Build. It is not recommended to edit this file directly.
$data merge entity $(block_display_block_display3) { transformation: [-0.4f,3.6116173224336145e-17f,3.309437541167256e-17f,0.19999999999999987f,0f,0.27023608304626406f,-0.2949109347240496f,-0.17349605489317405f,-4.898587196589413e-17f,-0.2949109347240496f,-0.27023608304626406f,-0.2629805698487363f,0f,0f,0f,1f], start_interpolation: 0, interpolation_duration: 1 }
$data merge entity $(bone_body) { transformation: [-1f,-5.341834311772722e-18f,1.223481206754078e-16f,0f,0f,0.9990482215818578f,0.043619387365335986f,-0.6458333333333334f,-1.2246467991473532e-16f,0.043619387365335986f,-0.9990482215818578f,0f,0f,0f,0f,1f], start_interpolation: 0, interpolation_duration: 1 }
$data merge entity $(block_display_block_display) { transformation: [-0.2998730428344143f,-0.0025067700978366318f,0.008359083975299782f,0.1361808521552621f,-0.003694370037065001f,0.2968029069145993f,-0.04352454568485358f,0.06878454814390256f,-0.00790631464455835f,-0.04360906500626059f,-0.29670817251639864f,0.31182386466972656f,0f,0f,0f,1f], start_interpolation: 0, interpolation_duration: 1 }
$data merge entity $(block_display_block_display1) { transformation: [-0.14993652141720715f,-0.0012533850489183159f,0.004179541987649891f,0.05860037770437733f,-0.0018471850185325005f,0.14840145345729966f,-0.02176227284242679f,0.08146237616115293f,-0.003953157322279175f,-0.021804532503130296f,-0.14835408625819932f,0.4025685899199613f,0f,0f,0f,1f], start_interpolation: 0, interpolation_duration: 1 }
$data merge entity $(block_display_block_display2) { transformation: [-0.14993652141720715f,-0.0012533850489183159f,0.004179541987649891f,0.06817849475940833f,-0.0018471850185325005f,0.14840145345729966f,-0.02176227284242679f,0.031590500897258234f,-0.003953157322279175f,-0.021804532503130296f,-0.14835408625819932f,0.06259047557825449f,0f,0f,0f,1f], start_interpolation: 0, interpolation_duration: 1 }
$data merge entity $(bone_upper) { transformation: [-0.9995768094480477f,-0.008355900326122106f,0.027863613250999276f,-1.1736198491828796e-17f,-0.01231456679021667f,0.9893430230486645f,-0.14508181894951194f,-0.5958333333333333f,-0.026354382148527835f,-0.14536355002086865f,-0.9890272417213288f,0.09583333333333328f,0f,0f,0f,1f], start_interpolation: 0, interpolation_duration: 1 }
$data merge entity $(bone_lower) { transformation: [-0.9948122200102005f,-0.01808677780265219f,-0.10010751913364913f,0f,-0.02700746184742088f,0.9957111870337562f,0.08848632109195342f,-0.625f,0.09807774427940594f,0.09073092352966361f,-0.9910341344234909f,0f,0f,0f,0f,1f], start_interpolation: 0, interpolation_duration: 1 }
$data merge entity $(bone_front_left) { transformation: [-1f,1.2446707317765924e-17f,1.2183052697729108e-16f,-2.5513474982236516e-18f,0f,0.9948217482960331f,-0.10163507818280182f,-0.6458333333333334f,-1.2246467991473532e-16f,-0.10163507818280182f,-0.9948217482960331f,0.020833333333333325f,0f,0f,0f,1f], start_interpolation: 0, interpolation_duration: 1 }
$data merge entity $(bone_front_right) { transformation: [-1f,1.067350013832297e-17f,1.2199866483456202e-16f,-2.5513474982236516e-18f,0f,0.9961946980917455f,-0.08715574274765815f,-0.6458333333333334f,-1.2246467991473532e-16f,-0.08715574274765815f,-0.9961946980917455f,0.020833333333333325f,0f,0f,0f,1f], start_interpolation: 0, interpolation_duration: 1 }