# This file was generated by Animated Java via MC-Build. It is not recommended to edit this file directly.
$data merge entity $(block_display_block_display3) { transformation: [-0.4f,3.6829528548027675e-17f,3.2298629679740076e-17f,0.19999999999999987f,0f,0.26373832604002756f,-0.30073592299159096f,-0.1724097696556703f,-4.898587196589413e-17f,-0.30073592299159096f,-0.26373832604002756f,-0.2626677266535544f,0f,0f,0f,1f], start_interpolation: 0, interpolation_duration: 1 }
$data merge entity $(bone_body) { transformation: [-1f,-8.00957328659154e-18f,1.2220247363447802e-16f,0f,0f,0.9978589232386035f,0.06540312923014306f,-0.65625f,-1.2246467991473532e-16f,0.06540312923014306f,-0.9978589232386035f,0f,0f,0f,0f,1f], start_interpolation: 0, interpolation_duration: 1 }
$data merge entity $(block_display_block_display) { transformation: [-0.29971438638748576f,-0.002836517466459464f,0.012776570785439234f,0.13090503246181623f,-0.005538973417478144f,0.2928388391554347f,-0.064920983168602f,0.09787390526717599f,-0.011857755514992687f,-0.06509507239998971f,-0.2926124146091323f,0.31277265017100697f,0f,0f,0f,1f], start_interpolation: 0, interpolation_duration: 1 }
$data merge entity $(block_display_block_display1) { transformation: [-0.14985719319374288f,-0.001418258733229732f,0.006388285392719617f,0.05198375749449503f,-0.002769486708739072f,0.14641941957771734f,-0.032460491584301f,0.11677696915299451f,-0.005928877757496343f,-0.032547536199994856f,-0.14630620730456614f,0.40124959085761247f,0f,0f,0f,1f], start_interpolation: 0, interpolation_duration: 1 }
$data merge entity $(block_display_block_display2) { transformation: [-0.14985719319374288f,-0.001418258733229732f,0.006388285392719617f,0.06662357818614416f,-0.002769486708739072f,0.14641941957771734f,-0.032460491584301f,0.04238834260563795f,-0.005928877757496343f,-0.032547536199994856f,-0.14630620730456614f,0.06596453245131502f,0f,0f,0f,1f], start_interpolation: 0, interpolation_duration: 1 }
$data merge entity $(bone_upper) { transformation: [-0.9990479546249527f,-0.009455058221531547f,0.04258856928479745f,-1.76042977377432e-17f,-0.018463244724927146f,0.976129463851449f,-0.21640327722867334f,-0.58125f,-0.03952585171664229f,-0.2169835746666324f,-0.9753747153637744f,0.14375f,0f,0f,0f,1f], start_interpolation: 0, interpolation_duration: 1 }
$data merge entity $(bone_lower) { transformation: [-0.9883434450479545f,-0.020293031602975995f,-0.15088216428425757f,0f,-0.040260131053935375f,0.9906324825391896f,0.1304852726776563f,-0.625f,0.1468208312136293f,0.1350387996340422f,-0.9799021206810076f,0f,0f,0f,0f,1f], start_interpolation: 0, interpolation_duration: 1 }
$data merge entity $(bone_front_left) { transformation: [-1f,1.8629741797293815e-17f,1.2103937601947863e-16f,-3.827021247335479e-18f,0f,0.9883615104677607f,-0.1521233861899167f,-0.65625f,-1.2246467991473532e-16f,-0.1521233861899167f,-0.9883615104677607f,0.03125f,0f,0f,0f,1f], start_interpolation: 0, interpolation_duration: 1 }
$data merge entity $(bone_front_right) { transformation: [-1f,1.5984848350717833e-17f,1.2141697760125282e-16f,-3.827021247335479e-18f,0f,0.9914448613738104f,-0.13052619222005157f,-0.65625f,-1.2246467991473532e-16f,-0.13052619222005157f,-0.9914448613738104f,0.03125f,0f,0f,0f,1f], start_interpolation: 0, interpolation_duration: 1 }