# This file was generated by Animated Java via MC-Build. It is not recommended to edit this file directly.
$data merge entity $(block_display_block_display3) { transformation: [-0.4f,3.820332143697543e-17f,3.066140706885621e-17f,0.19999999999999987f,0f,0.2503693888736236f,-0.31195379323715267f,-0.16962339294490236f,-4.898587196589413e-17f,-0.31195379323715267f,-0.2503693888736236f,-0.2608883878497841f,0f,0f,0f,1f], start_interpolation: 0, interpolation_duration: 1 }
$data merge entity $(bone_body) { transformation: [-1f,-1.3332346982063387e-17f,1.2173679127761025e-16f,0f,0f,0.9940563382223196f,0.10886687485196456f,-0.6770833333333334f,-1.2246467991473532e-16f,0.10886687485196456f,-0.9940563382223196f,0f,0f,0f,0f,1f], start_interpolation: 0, interpolation_duration: 1 }
$data merge entity $(block_display_block_display) { transformation: [-0.29920698440733545f,-0.0015853221486735953f,0.021740911562154495f,0.1241068905075648f,-0.009217859267629362f,0.2803395967996614f,-0.10641776889563805f,0.14520122871407315f,-0.019753773117829353f,-0.10680448127250174f,-0.2796472621495178f,0.3124241306855021f,0f,0f,0f,1f], start_interpolation: 0, interpolation_duration: 1 }
$data merge entity $(block_display_block_display1) { transformation: [-0.14960349220366773f,-0.0007926610743367976f,0.010870455781077247f,0.04251110954255766f,-0.004608929633814681f,0.1401697983998307f,-0.05320888444781902f,0.17615231667705267f,-0.009876886558914676f,-0.05340224063625087f,-0.1398236310747589f,0.3948754568277689f,0f,0f,0f,1f], start_interpolation: 0, interpolation_duration: 1 }
$data merge entity $(block_display_block_display2) { transformation: [-0.14960349220366773f,-0.0007926610743367976f,0.010870455781077247f,0.06742257070752634f,-0.004608929633814681f,0.1401697983998307f,-0.05320888444781902f,0.05421528981746737f,-0.009876886558914676f,-0.05340224063625087f,-0.1398236310747589f,0.07444630228144641f,0f,0f,0f,1f], start_interpolation: 0, interpolation_duration: 1 }
$data merge entity $(bone_upper) { transformation: [-0.9973566146911182f,-0.0052844071622453175f,0.07246970520718166f,-2.9340496229572e-17f,-0.03072619755876454f,0.9344653226655382f,-0.3547258963187935f,-0.5520833333333334f,-0.06584591039276451f,-0.3560149375750058f,-0.9321575404983927f,0.2395833333333333f,0f,0f,0f,1f], start_interpolation: 0, interpolation_duration: 1 }
$data merge entity $(bone_lower) { transformation: [-0.96776209383454f,-0.011158497319207214f,-0.25161879435877627f,0f,-0.06576757877824706f,0.9755537977476589f,0.20968884873012855f,-0.625f,0.24312785796496864f,0.21947727818090174f,-0.9448378533079996f,0f,0f,0f,0f,1f], start_interpolation: 0, interpolation_duration: 1 }
$data merge entity $(bone_front_left) { transformation: [-1f,3.0835118750024784e-17f,1.185191684002653e-16f,-6.378368745559131e-18f,0f,0.9677824535432009f,-0.25178785239542856f,-0.6770833333333334f,-1.2246467991473532e-16f,-0.25178785239542856f,-0.9677824535432009f,0.05208333333333333f,0f,0f,0f,1f], start_interpolation: 0, interpolation_duration: 1 }
$data merge entity $(bone_front_right) { transformation: [-1f,2.650620804179865e-17f,1.195617780139768e-16f,-6.378368745559131e-18f,0f,0.9762960071199334f,-0.21643961393810285f,-0.6770833333333334f,-1.2246467991473532e-16f,-0.21643961393810285f,-0.9762960071199334f,0.05208333333333333f,0f,0f,0f,1f], start_interpolation: 0, interpolation_duration: 1 }