# This file was generated by Animated Java via MC-Build. It is not recommended to edit this file directly.
$data merge entity $(block_display_block_display3) { transformation: [-0.4f,3.886310515122088e-17f,2.9820709419195943e-17f,0.19999999999999987f,0f,0.24350457160348832f,-0.31734133611649407f,-0.16794614799233654f,-4.898587196589413e-17f,-0.31734133611649407f,-0.24350457160348832f,-0.2594038499405885f,0f,0f,0f,1f], start_interpolation: 0, interpolation_duration: 1 }
$data merge entity $(bone_body) { transformation: [-1f,-1.5984848350717833e-17f,1.2141697760125282e-16f,0f,0f,0.9914448613738104f,0.13052619222005157f,-0.6875f,-1.2246467991473532e-16f,0.13052619222005157f,-0.9914448613738104f,0f,0f,0f,0f,1f], start_interpolation: 0, interpolation_duration: 1 }
$data merge entity $(block_display_block_display) { transformation: [-0.2988584094275271f,-3.821475244615975e-13f,0.026146722824257944f,0.12273775849653719f,-0.011050082550542966f,0.2718923361110261f,-0.12630302149875502f,0.16340174261988838f,-0.023696978500955715f,-0.12678547852214303f,-0.27085770368560025f,0.31171264817506344f,0f,0f,0f,1f], start_interpolation: 0, interpolation_duration: 1 }
$data merge entity $(block_display_block_display1) { transformation: [-0.14942920471376356f,-1.9107376223079874e-13f,0.013073361412128972f,0.039852305257074824f,-0.005525041275271483f,0.13594616805551304f,-0.06315151074937751f,0.20010891620061344f,-0.011848489250477857f,-0.06339273926107152f,-0.13542885184280012f,0.3904314359515745f,0f,0f,0f,1f], start_interpolation: 0, interpolation_duration: 1 }
$data merge entity $(block_display_block_display2) { transformation: [-0.14942920471376356f,-1.9107376223079874e-13f,0.013073361412128972f,0.06981209182653704f,-0.005525041275271483f,0.13594616805551304f,-0.06315151074937751f,0.05538670406662338f,-0.011848489250477857f,-0.06339273926107152f,-0.13542885184280012f,0.0800736504784908f,0f,0f,0f,1f], start_interpolation: 0, interpolation_duration: 1 }
$data merge entity $(bone_upper) { transformation: [-0.9961946980917571f,-1.2738250815386584e-12f,0.08715574274752648f,-3.52085954754864e-17f,-0.03683360850180989f,0.9063077870367537f,-0.4210100716625168f,-0.5375f,-0.07898992833651905f,-0.4226182617404768f,-0.9028590122853343f,0.2875f,0f,0f,0f,1f], start_interpolation: 0, interpolation_duration: 1 }
$data merge entity $(bone_lower) { transformation: [-0.9537169507482323f,-1.4281462672363728e-12f,-0.3007057995042561f,0f,-0.07782838788591989f,0.965925826288959f,0.24684011049071944f,-0.625f,0.2904594978556781f,0.2588190451029286f,-0.9212198336973838f,0f,0f,0f,0f,1f], start_interpolation: 0, interpolation_duration: 1 }
$data merge entity $(bone_front_left) { transformation: [-1f,3.6825839484795376e-17f,1.16796641102639e-16f,-7.654042494670958e-18f,0f,0.9537169507482269f,-0.30070579950427306f,-0.6875f,-1.2246467991473532e-16f,-0.30070579950427306f,-0.9537169507482269f,0.0625f,0f,0f,0f,1f], start_interpolation: 0, interpolation_duration: 1 }
$data merge entity $(bone_front_right) { transformation: [-1f,3.169619151431765e-17f,1.1829179713786698e-16f,-7.654042494670958e-18f,0f,0.9659258262890683f,-0.25881904510252074f,-0.6875f,-1.2246467991473532e-16f,-0.25881904510252074f,-0.9659258262890683f,0.0625f,0f,0f,0f,1f], start_interpolation: 0, interpolation_duration: 1 }