# This file was generated by Animated Java via MC-Build. It is not recommended to edit this file directly.
$data merge entity $(block_display_block_display3) { transformation: [-0.4f,3.820332143697543e-17f,3.0661407068856215e-17f,0.19999999999999987f,0f,0.25036938887362364f,-0.3119537932371527f,-0.16962339294490236f,-4.898587196589413e-17f,-0.3119537932371527f,-0.25036938887362364f,-0.2608883878497841f,0f,0f,0f,1f], start_interpolation: 0, interpolation_duration: 1 }
$data merge entity $(bone_body) { transformation: [-1f,-1.3332346982063395e-17f,1.2173679127761025e-16f,0f,0f,0.9940563382223196f,0.10886687485196461f,-0.6770833333333334f,-1.2246467991473532e-16f,0.10886687485196461f,-0.9940563382223196f,0f,0f,0f,0f,1f], start_interpolation: 0, interpolation_duration: 1 }
$data merge entity $(block_display_block_display) { transformation: [-0.29920698440733545f,-0.0015853221486735942f,0.0217409115621545f,0.1241068905075648f,-0.009217859267629365f,0.2803395967996614f,-0.10641776889563807f,0.14520122871407326f,-0.019753773117829356f,-0.10680448127250176f,-0.2796472621495178f,0.3124241306855021f,0f,0f,0f,1f], start_interpolation: 0, interpolation_duration: 1 }
$data merge entity $(block_display_block_display1) { transformation: [-0.14960349220366773f,-0.0007926610743367971f,0.01087045578107725f,0.04251110954255765f,-0.0046089296338146825f,0.1401697983998307f,-0.05320888444781904f,0.1761523166770529f,-0.009876886558914678f,-0.05340224063625088f,-0.1398236310747589f,0.3948754568277689f,0f,0f,0f,1f], start_interpolation: 0, interpolation_duration: 1 }
$data merge entity $(block_display_block_display2) { transformation: [-0.14960349220366773f,-0.0007926610743367971f,0.01087045578107725f,0.06742257070752634f,-0.0046089296338146825f,0.1401697983998307f,-0.05320888444781904f,0.05421528981746759f,-0.009876886558914678f,-0.05340224063625088f,-0.1398236310747589f,0.07444630228144639f,0f,0f,0f,1f], start_interpolation: 0, interpolation_duration: 1 }
$data merge entity $(bone_upper) { transformation: [-0.9973566146911182f,-0.005284407162245314f,0.07246970520718167f,-2.9340496229572006e-17f,-0.03072619755876455f,0.9344653226655382f,-0.3547258963187936f,-0.5520833333333333f,-0.06584591039276452f,-0.3560149375750059f,-0.9321575404983927f,0.23958333333333337f,0f,0f,0f,1f], start_interpolation: 0, interpolation_duration: 1 }
$data merge entity $(bone_lower) { transformation: [-0.96776209383454f,-0.011158497319207194f,-0.2516187943587763f,0f,-0.06576757877824707f,0.9755537977476589f,0.2096888487301286f,-0.625f,0.2431278579649687f,0.2194772781809018f,-0.9448378533079996f,0f,0f,0f,0f,1f], start_interpolation: 0, interpolation_duration: 1 }
$data merge entity $(bone_front_left) { transformation: [-1f,3.0835118750024784e-17f,1.185191684002653e-16f,-6.378368745559132e-18f,0f,0.9677824535432009f,-0.25178785239542856f,-0.6770833333333334f,-1.2246467991473532e-16f,-0.25178785239542856f,-0.9677824535432009f,0.05208333333333334f,0f,0f,0f,1f], start_interpolation: 0, interpolation_duration: 1 }
$data merge entity $(bone_front_right) { transformation: [-1f,2.6506208041798665e-17f,1.195617780139768e-16f,-6.378368745559132e-18f,0f,0.9762960071199334f,-0.21643961393810296f,-0.6770833333333334f,-1.2246467991473532e-16f,-0.21643961393810296f,-0.9762960071199334f,0.05208333333333334f,0f,0f,0f,1f], start_interpolation: 0, interpolation_duration: 1 }