# This file was generated by Animated Java via MC-Build. It is not recommended to edit this file directly.
$data merge entity $(block_display_block_display3) { transformation: [-0.4f,3.6116173224336145e-17f,3.309437541167256e-17f,0.19999999999999987f,0f,0.27023608304626406f,-0.2949109347240496f,-0.17349605489317405f,-4.898587196589413e-17f,-0.2949109347240496f,-0.27023608304626406f,-0.2629805698487363f,0f,0f,0f,1f], start_interpolation: 0, interpolation_duration: 1 }
$data merge entity $(bone_body) { transformation: [-1f,-5.341834311772724e-18f,1.223481206754078e-16f,0f,0f,0.9990482215818578f,0.04361938736533601f,-0.6458333333333334f,-1.2246467991473532e-16f,0.04361938736533601f,-0.9990482215818578f,0f,0f,0f,0f,1f], start_interpolation: 0, interpolation_duration: 1 }
$data merge entity $(block_display_block_display) { transformation: [-0.2998730428344143f,0.0025067700978366426f,-0.008359083975299712f,0.16369219067915175f,0.0036943700370650027f,0.2968029069145993f,-0.043524545684853595f,0.06509017810683748f,0.007906314644558281f,-0.04360906500626061f,-0.29670817251639864f,0.30391755002516824f,0f,0f,0f,1f], start_interpolation: 0, interpolation_duration: 1 }
$data merge entity $(block_display_block_display1) { transformation: [-0.14993652141720715f,0.0012533850489183213f,-0.004179541987649856f,0.0913361437128293f,0.0018471850185325014f,0.14840145345729966f,-0.021762272842426798f,0.07961519114262061f,0.0039531573222791406f,-0.021804532503130306f,-0.14835408625819932f,0.3986154325976822f,0f,0f,0f,1f], start_interpolation: 0, interpolation_duration: 1 }
$data merge entity $(block_display_block_display2) { transformation: [-0.14993652141720715f,0.0012533850489183213f,-0.004179541987649856f,0.08175802665779838f,0.0018471850185325014f,0.14840145345729966f,-0.021762272842426798f,0.029743315878725807f,0.0039531573222791406f,-0.021804532503130306f,-0.14835408625819932f,0.05863731825597536f,0f,0f,0f,1f], start_interpolation: 0, interpolation_duration: 1 }
$data merge entity $(bone_upper) { transformation: [-0.9995768094480477f,0.008355900326122143f,-0.027863613250999043f,-1.1736198491828802e-17f,0.012314566790216676f,0.9893430230486645f,-0.145081818949512f,-0.5958333333333333f,0.026354382148527603f,-0.1453635500208687f,-0.9890272417213288f,0.09583333333333334f,0f,0f,0f,1f], start_interpolation: 0, interpolation_duration: 1 }
$data merge entity $(bone_lower) { transformation: [-0.9961896402438296f,0.015408069464367707f,0.0858416685896226f,0f,0.02299597228267802f,0.9958444516710977f,0.08811931306282998f,-0.625f,-0.08412720089034036f,0.08975755941017978f,-0.9924042495873767f,0f,0f,0f,0f,1f], start_interpolation: 0, interpolation_duration: 1 }
$data merge entity $(bone_front_left) { transformation: [-1f,1.2446707317765931e-17f,1.2183052697729108e-16f,-2.5513474982236528e-18f,0f,0.9948217482960331f,-0.10163507818280187f,-0.6458333333333334f,-1.2246467991473532e-16f,-0.10163507818280187f,-0.9948217482960331f,0.020833333333333336f,0f,0f,0f,1f], start_interpolation: 0, interpolation_duration: 1 }
$data merge entity $(bone_front_right) { transformation: [-1f,1.0673500138322975e-17f,1.2199866483456202e-16f,-2.5513474982236528e-18f,0f,0.9961946980917455f,-0.0871557427476582f,-0.6458333333333334f,-1.2246467991473532e-16f,-0.0871557427476582f,-0.9961946980917455f,0.020833333333333336f,0f,0f,0f,1f], start_interpolation: 0, interpolation_duration: 1 }