# This file was generated by Animated Java via MC-Build. It is not recommended to edit this file directly.
$data merge entity $(block_display_block_display3) { transformation: [-0.4f,3.6829528548027675e-17f,3.2298629679740076e-17f,0.19999999999999987f,0f,0.26373832604002756f,-0.30073592299159096f,-0.1724097696556703f,-4.898587196589413e-17f,-0.30073592299159096f,-0.26373832604002756f,-0.2626677266535545f,0f,0f,0f,1f], start_interpolation: 0, interpolation_duration: 1 }
$data merge entity $(bone_body) { transformation: [-1f,-8.009573286591535e-18f,1.2220247363447802e-16f,0f,0f,0.9978589232386035f,0.06540312923014303f,-0.65625f,-1.2246467991473532e-16f,0.06540312923014303f,-0.9978589232386035f,0f,0f,0f,0f,1f], start_interpolation: 0, interpolation_duration: 1 }
$data merge entity $(block_display_block_display) { transformation: [-0.29971438638748576f,-0.002836517466459463f,0.01277657078543923f,0.13090503246181623f,-0.00553897341747814f,0.2928388391554347f,-0.06492098316860197f,0.09787390526717588f,-0.011857755514992682f,-0.0650950723999897f,-0.2926124146091323f,0.31277265017100697f,0f,0f,0f,1f], start_interpolation: 0, interpolation_duration: 1 }
$data merge entity $(block_display_block_display1) { transformation: [-0.14985719319374288f,-0.0014182587332297314f,0.006388285392719615f,0.051983757494495034f,-0.00276948670873907f,0.14641941957771734f,-0.032460491584300984f,0.1167769691529944f,-0.005928877757496341f,-0.03254753619999485f,-0.14630620730456614f,0.40124959085761247f,0f,0f,0f,1f], start_interpolation: 0, interpolation_duration: 1 }
$data merge entity $(block_display_block_display2) { transformation: [-0.14985719319374288f,-0.0014182587332297314f,0.006388285392719615f,0.06662357818614416f,-0.00276948670873907f,0.14641941957771734f,-0.032460491584300984f,0.04238834260563795f,-0.005928877757496341f,-0.03254753619999485f,-0.14630620730456614f,0.06596453245131499f,0f,0f,0f,1f], start_interpolation: 0, interpolation_duration: 1 }
$data merge entity $(bone_upper) { transformation: [-0.9990479546249527f,-0.009455058221531544f,0.042588569284797435f,-1.7604297737743194e-17f,-0.018463244724927132f,0.976129463851449f,-0.21640327722867325f,-0.58125f,-0.039525851716642274f,-0.21698357466663232f,-0.9753747153637744f,0.14374999999999993f,0f,0f,0f,1f], start_interpolation: 0, interpolation_duration: 1 }
$data merge entity $(bone_lower) { transformation: [-0.9883434450479545f,-0.020293031602976002f,-0.1508821642842575f,0f,-0.04026013105393536f,0.9906324825391896f,0.13048527267765625f,-0.625f,0.1468208312136292f,0.13503879963404214f,-0.9799021206810076f,0f,0f,0f,0f,1f], start_interpolation: 0, interpolation_duration: 1 }
$data merge entity $(bone_front_left) { transformation: [-1f,1.862974179729381e-17f,1.2103937601947865e-16f,-3.827021247335477e-18f,0f,0.9883615104677608f,-0.15212338618991664f,-0.65625f,-1.2246467991473532e-16f,-0.15212338618991664f,-0.9883615104677608f,0.031249999999999986f,0f,0f,0f,1f], start_interpolation: 0, interpolation_duration: 1 }
$data merge entity $(bone_front_right) { transformation: [-1f,1.5984848350717824e-17f,1.2141697760125282e-16f,-3.827021247335477e-18f,0f,0.9914448613738104f,-0.13052619222005152f,-0.65625f,-1.2246467991473532e-16f,-0.13052619222005152f,-0.9914448613738104f,0.031249999999999986f,0f,0f,0f,1f], start_interpolation: 0, interpolation_duration: 1 }