# This file was generated by Animated Java via MC-Build. It is not recommended to edit this file directly.
$data merge entity $(block_display_block_display3) { transformation: [-0.4f,3.611617322433614e-17f,3.309437541167258e-17f,0.19999999999999987f,0f,0.2702360830462642f,-0.29491093472404956f,-0.173496054893174f,-4.898587196589413e-17f,-0.29491093472404956f,-0.2702360830462642f,-0.2629805698487363f,0f,0f,0f,1f], start_interpolation: 0, interpolation_duration: 1 }
$data merge entity $(bone_body) { transformation: [-1f,-5.341834311772718e-18f,1.223481206754078e-16f,0f,0f,0.9990482215818578f,0.04361938736533596f,-0.6458333333333333f,-1.2246467991473532e-16f,0.04361938736533596f,-0.9990482215818578f,0f,0f,0f,0f,1f], start_interpolation: 0, interpolation_duration: 1 }
$data merge entity $(block_display_block_display) { transformation: [-0.2998730428344143f,-0.0025067700978366313f,0.008359083975299775f,0.1361808521552621f,-0.0036943700370649984f,0.2968029069145993f,-0.04352454568485354f,0.06878454814390256f,-0.007906314644558342f,-0.04360906500626055f,-0.29670817251639864f,0.31182386466972656f,0f,0f,0f,1f], start_interpolation: 0, interpolation_duration: 1 }
$data merge entity $(block_display_block_display1) { transformation: [-0.14993652141720715f,-0.0012533850489183157f,0.004179541987649887f,0.05860037770437734f,-0.0018471850185324992f,0.14840145345729966f,-0.02176227284242677f,0.08146237616115293f,-0.003953157322279171f,-0.021804532503130275f,-0.14835408625819932f,0.4025685899199613f,0f,0f,0f,1f], start_interpolation: 0, interpolation_duration: 1 }
$data merge entity $(block_display_block_display2) { transformation: [-0.14993652141720715f,-0.0012533850489183157f,0.004179541987649887f,0.06817849475940833f,-0.0018471850185324992f,0.14840145345729966f,-0.02176227284242677f,0.031590500897258234f,-0.003953157322279171f,-0.021804532503130275f,-0.14835408625819932f,0.0625904755782545f,0f,0f,0f,1f], start_interpolation: 0, interpolation_duration: 1 }
$data merge entity $(bone_upper) { transformation: [-0.9995768094480477f,-0.008355900326122104f,0.027863613250999248f,-1.1736198491828787e-17f,-0.012314566790216662f,0.9893430230486645f,-0.1450818189495118f,-0.5958333333333333f,-0.026354382148527807f,-0.1453635500208685f,-0.9890272417213288f,0.09583333333333321f,0f,0f,0f,1f], start_interpolation: 0, interpolation_duration: 1 }
$data merge entity $(bone_lower) { transformation: [-0.9948122200102005f,-0.01808677780265218f,-0.10010751913364904f,0f,-0.027007461847420856f,0.9957111870337562f,0.08848632109195338f,-0.625f,0.09807774427940585f,0.09073092352966357f,-0.9910341344234909f,0f,0f,0f,0f,1f], start_interpolation: 0, interpolation_duration: 1 }
$data merge entity $(bone_front_left) { transformation: [-1f,1.2446707317765914e-17f,1.2183052697729108e-16f,-2.5513474982236493e-18f,0f,0.9948217482960331f,-0.10163507818280174f,-0.6458333333333333f,-1.2246467991473532e-16f,-0.10163507818280174f,-0.9948217482960331f,0.020833333333333308f,0f,0f,0f,1f], start_interpolation: 0, interpolation_duration: 1 }
$data merge entity $(bone_front_right) { transformation: [-1f,1.0673500138322963e-17f,1.2199866483456202e-16f,-2.5513474982236493e-18f,0f,0.9961946980917455f,-0.0871557427476581f,-0.6458333333333333f,-1.2246467991473532e-16f,-0.0871557427476581f,-0.9961946980917455f,0.020833333333333308f,0f,0f,0f,1f], start_interpolation: 0, interpolation_duration: 1 }