# This file was generated by Animated Java via MC-Build. It is not recommended to edit this file directly.
$data merge entity $(block_display_block_display3) { transformation: [-0.4f,3.752535501081093e-17f,3.1487511549367955e-17f,0.19999999999999987f,0f,0.2571150438746158f,-0.3064177772475912f,-0.17111512456272338f,-4.898587196589413e-17f,-0.3064177772475912f,-0.2571150438746158f,-0.26197339179255025f,0f,0f,0f,1f], start_interpolation: 0, interpolation_duration: 1 }
$data merge entity $(bone_body) { transformation: [-1f,-1.0673500138322975e-17f,1.2199866483456202e-16f,0f,0f,0.9961946980917455f,0.0871557427476582f,-0.6666666666666666f,-1.2246467991473532e-16f,0.0871557427476582f,-0.9961946980917455f,0f,0f,0f,0f,1f], start_interpolation: 0, interpolation_duration: 1 }
$data merge entity $(block_display_block_display) { transformation: [-0.2994923420325443f,0.0025312724785480803f,-0.017260640877464564f,0.17263989290899218f,0.007380479960599454f,0.2873377003804441f,-0.08592190905484665f,0.11597525130578146f,0.015807136977095047f,-0.08620115196282178f,-0.2869137428232915f,0.2970684773876839f,0f,0f,0f,1f], start_interpolation: 0, interpolation_duration: 1 }
$data merge entity $(block_display_block_display1) { transformation: [-0.14974617101627216f,0.0012656362392740401f,-0.008630320438732282f,0.10316075767506375f,0.003690239980299727f,0.14366885019022205f,-0.04296095452742332f,0.14467096787557077f,0.007903568488547523f,-0.04310057598141089f,-0.14345687141164576f,0.39068080626423607f,0f,0f,0f,1f], start_interpolation: 0, interpolation_duration: 1 }
$data merge entity $(block_display_block_display2) { transformation: [-0.14974617101627216f,0.0012656362392740401f,-0.008630320438732282f,0.08338294000296893f,0.003690239980299727f,0.14366885019022205f,-0.04296095452742332f,0.04621878041689231f,0.007903568488547523f,-0.04310057598141089f,-0.14345687141164576f,0.06192547594588119f,0f,0f,0f,1f], start_interpolation: 0, interpolation_duration: 1 }
$data merge entity $(bone_upper) { transformation: [-0.9983078067751479f,0.008437574928493601f,-0.057535469591548545f,-2.3472396983657605e-17f,0.024601599868664847f,0.9577923346014803f,-0.2864063635161555f,-0.5666666666666667f,0.05269045659031682f,-0.28733717320940594f,-0.956379142744305f,0.19166666666666668f,0f,0f,0f,1f], start_interpolation: 0, interpolation_duration: 1 }
$data merge entity $(bone_lower) { transformation: [-0.9847951372639007f,0.015345092345008497f,0.17304064771694044f,0f,0.0454901249634348f,0.9841124838787424f,0.17161954319022962f,-0.625f,-0.16765794389824246f,0.1768817322815874f,-0.9698472388128342f,0f,0f,0f,0f,1f], start_interpolation: 0, interpolation_duration: 1 }
$data merge entity $(bone_front_left) { transformation: [-1f,2.4764510268777867e-17f,1.1993463577201612e-16f,-5.1026949964473055e-18f,0f,0.9793406217655515f,-0.20221757233203796f,-0.6666666666666666f,-1.2246467991473532e-16f,-0.20221757233203796f,-0.9793406217655515f,0.04166666666666667f,0f,0f,0f,1f], start_interpolation: 0, interpolation_duration: 1 }
$data merge entity $(bone_front_right) { transformation: [-1f,2.1265768495757716e-17f,1.2060416625018976e-16f,-5.1026949964473055e-18f,0f,0.984807753012208f,-0.17364817766693036f,-0.6666666666666666f,-1.2246467991473532e-16f,-0.17364817766693036f,-0.984807753012208f,0.04166666666666667f,0f,0f,0f,1f], start_interpolation: 0, interpolation_duration: 1 }