# This file was generated by Animated Java via MC-Build. It is not recommended to edit this file directly.
$data merge entity $(block_display_block_display3) { transformation: [-0.4f,3.820332143697543e-17f,3.066140706885621e-17f,0.19999999999999987f,0f,0.25036938887362364f,-0.31195379323715267f,-0.16962339294490236f,-4.898587196589413e-17f,-0.31195379323715267f,-0.25036938887362364f,-0.2608883878497841f,0f,0f,0f,1f], start_interpolation: 0, interpolation_duration: 1 }
$data merge entity $(bone_body) { transformation: [-1f,-1.3332346982063389e-17f,1.2173679127761025e-16f,0f,0f,0.9940563382223196f,0.10886687485196457f,-0.6770833333333334f,-1.2246467991473532e-16f,0.10886687485196457f,-0.9940563382223196f,0f,0f,0f,0f,1f], start_interpolation: 0, interpolation_duration: 1 }
$data merge entity $(block_display_block_display) { transformation: [-0.29920698440733545f,0.0015853221486736232f,-0.02174091156215443f,0.1751000938997702f,0.009217859267629363f,0.2803395967996614f,-0.10641776889563805f,0.13598336944644385f,0.019753773117829276f,-0.10680448127250174f,-0.2796472621495178f,0.2926703575676729f,0f,0f,0f,1f], start_interpolation: 0, interpolation_duration: 1 }
$data merge entity $(block_display_block_display1) { transformation: [-0.14960349220366773f,0.0007926610743368116f,-0.010870455781077214f,0.10709238266110957f,0.004608929633814682f,0.1401697983998307f,-0.05320888444781902f,0.1715433870432379f,0.009876886558914638f,-0.05340224063625087f,-0.1398236310747589f,0.3849985702688543f,0f,0f,0f,1f], start_interpolation: 0, interpolation_duration: 1 }
$data merge entity $(block_display_block_display2) { transformation: [-0.14960349220366773f,0.0007926610743368116f,-0.010870455781077214f,0.08218092149614095f,0.004608929633814682f,0.1401697983998307f,-0.05320888444781902f,0.04960636018365261f,0.009876886558914638f,-0.05340224063625087f,-0.1398236310747589f,0.06456941572253178f,0f,0f,0f,1f], start_interpolation: 0, interpolation_duration: 1 }
$data merge entity $(bone_upper) { transformation: [-0.9973566146911182f,0.005284407162245411f,-0.07246970520718143f,-2.9340496229572e-17f,0.030726197558764545f,0.9344653226655382f,-0.3547258963187935f,-0.5520833333333334f,0.06584591039276426f,-0.3560149375750058f,-0.9321575404983927f,0.23958333333333331f,0f,0f,0f,1f], start_interpolation: 0, interpolation_duration: 1 }
$data merge entity $(bone_lower) { transformation: [-0.9762851840420858f,0.009551519160653657f,0.21627761766219483f,0f,0.05639384052018662f,0.9757559136937648f,0.21147134946141039f,-0.625f,-0.20901429178717568f,0.21865307080708896f,-0.9531546886289421f,0f,0f,0f,0f,1f], start_interpolation: 0, interpolation_duration: 1 }
$data merge entity $(bone_front_left) { transformation: [-1f,3.0835118750024784e-17f,1.185191684002653e-16f,-6.3783687455591315e-18f,0f,0.9677824535432009f,-0.25178785239542856f,-0.6770833333333334f,-1.2246467991473532e-16f,-0.25178785239542856f,-0.9677824535432009f,0.052083333333333336f,0f,0f,0f,1f], start_interpolation: 0, interpolation_duration: 1 }
$data merge entity $(bone_front_right) { transformation: [-1f,2.6506208041798655e-17f,1.195617780139768e-16f,-6.3783687455591315e-18f,0f,0.9762960071199334f,-0.21643961393810288f,-0.6770833333333334f,-1.2246467991473532e-16f,-0.21643961393810288f,-0.9762960071199334f,0.052083333333333336f,0f,0f,0f,1f], start_interpolation: 0, interpolation_duration: 1 }