# This file was generated by Animated Java via MC-Build. It is not recommended to edit this file directly.
$data merge entity $(block_display_block_display3) { transformation: [-0.4f,3.886310515122088e-17f,2.9820709419195943e-17f,0.19999999999999987f,0f,0.24350457160348832f,-0.31734133611649407f,-0.16794614799233654f,-4.898587196589413e-17f,-0.31734133611649407f,-0.24350457160348832f,-0.2594038499405885f,0f,0f,0f,1f], start_interpolation: 0, interpolation_duration: 1 }
$data merge entity $(bone_body) { transformation: [-1f,-1.5984848350717833e-17f,1.2141697760125282e-16f,0f,0f,0.9914448613738104f,0.13052619222005157f,-0.6875f,-1.2246467991473532e-16f,0.13052619222005157f,-0.9914448613738104f,0f,0f,0f,0f,1f], start_interpolation: 0, interpolation_duration: 1 }
$data merge entity $(block_display_block_display) { transformation: [-0.2988584094275271f,3.821785779476876e-13f,-0.026146722824257878f,0.17612065093098944f,0.011050082550542966f,0.2718923361110261f,-0.12630302149875502f,0.15235166006934553f,0.02369697850095564f,-0.12678547852214303f,-0.27085770368560025f,0.2880156696741078f,0f,0f,0f,1f], start_interpolation: 0, interpolation_duration: 1 }
$data merge entity $(block_display_block_display1) { transformation: [-0.14942920471376356f,1.910892889738438e-13f,-0.013073361412128939f,0.10957689945668823f,0.005525041275271483f,0.13594616805551304f,-0.06315151074937751f,0.19458387492534202f,0.01184848925047782f,-0.06339273926107152f,-0.13542885184280012f,0.37858294670109666f,0f,0f,0f,1f], start_interpolation: 0, interpolation_duration: 1 }
$data merge entity $(block_display_block_display2) { transformation: [-0.14942920471376356f,1.910892889738438e-13f,-0.013073361412128939f,0.07961711288722607f,0.005525041275271483f,0.13594616805551304f,-0.06315151074937751f,0.04986166279135196f,0.01184848925047782f,-0.06339273926107152f,-0.13542885184280012f,0.06822516122801298f,0f,0f,0f,1f], start_interpolation: 0, interpolation_duration: 1 }
$data merge entity $(bone_upper) { transformation: [-0.9961946980917571f,1.2739285931589587e-12f,-0.08715574274752626f,-3.52085954754864e-17f,0.03683360850180989f,0.9063077870367537f,-0.4210100716625168f,-0.5375f,0.0789899283365188f,-0.4226182617404768f,-0.9028590122853343f,0.2875f,0f,0f,0f,1f], start_interpolation: 0, interpolation_duration: 1 }
$data merge entity $(bone_lower) { transformation: [-0.9659258262891256f,9.748551417318356e-13f,0.2588190451023071f,0f,0.06698729810884166f,0.9659258262888543f,0.2500000000005427f,-0.625f,-0.24999999999949446f,0.25881904510331954f,-0.9330127018921333f,0f,0f,0f,0f,1f], start_interpolation: 0, interpolation_duration: 1 }
$data merge entity $(bone_front_left) { transformation: [-1f,3.6825839484795376e-17f,1.16796641102639e-16f,-7.654042494670958e-18f,0f,0.9537169507482269f,-0.30070579950427306f,-0.6875f,-1.2246467991473532e-16f,-0.30070579950427306f,-0.9537169507482269f,0.0625f,0f,0f,0f,1f], start_interpolation: 0, interpolation_duration: 1 }
$data merge entity $(bone_front_right) { transformation: [-1f,3.169619151431765e-17f,1.1829179713786698e-16f,-7.654042494670958e-18f,0f,0.9659258262890683f,-0.25881904510252074f,-0.6875f,-1.2246467991473532e-16f,-0.25881904510252074f,-0.9659258262890683f,0.0625f,0f,0f,0f,1f], start_interpolation: 0, interpolation_duration: 1 }