# This file was generated by Animated Java via MC-Build. It is not recommended to edit this file directly.
$data merge entity $(block_display_block_display3) { transformation: [-0.4f,3.752535501081093e-17f,3.1487511549367955e-17f,0.19999999999999987f,0f,0.25711504387461576f,-0.3064177772475912f,-0.17111512456272338f,-4.898587196589413e-17f,-0.3064177772475912f,-0.25711504387461576f,-0.2619733917925502f,0f,0f,0f,1f], start_interpolation: 0, interpolation_duration: 1 }
$data merge entity $(bone_body) { transformation: [-1f,-1.0673500138322972e-17f,1.2199866483456202e-16f,0f,0f,0.9961946980917455f,0.08715574274765817f,-0.6666666666666666f,-1.2246467991473532e-16f,0.08715574274765817f,-0.9961946980917455f,0f,0f,0f,0f,1f], start_interpolation: 0, interpolation_duration: 1 }
$data merge entity $(block_display_block_display) { transformation: [-0.2994923420325443f,0.002531272478548081f,-0.017260640877464557f,0.17263989290899218f,0.00738047996059945f,0.2873377003804441f,-0.08592190905484662f,0.11597525130578146f,0.01580713697709504f,-0.08620115196282174f,-0.2869137428232915f,0.2970684773876838f,0f,0f,0f,1f], start_interpolation: 0, interpolation_duration: 1 }
$data merge entity $(block_display_block_display1) { transformation: [-0.14974617101627216f,0.0012656362392740406f,-0.008630320438732278f,0.10316075767506375f,0.003690239980299725f,0.14366885019022205f,-0.04296095452742331f,0.14467096787557066f,0.00790356848854752f,-0.04310057598141087f,-0.14345687141164576f,0.390680806264236f,0f,0f,0f,1f], start_interpolation: 0, interpolation_duration: 1 }
$data merge entity $(block_display_block_display2) { transformation: [-0.14974617101627216f,0.0012656362392740406f,-0.008630320438732278f,0.08338294000296893f,0.003690239980299725f,0.14366885019022205f,-0.04296095452742331f,0.04621878041689231f,0.00790356848854752f,-0.04310057598141087f,-0.14345687141164576f,0.06192547594588116f,0f,0f,0f,1f], start_interpolation: 0, interpolation_duration: 1 }
$data merge entity $(bone_upper) { transformation: [-0.9983078067751479f,0.008437574928493605f,-0.057535469591548524f,-2.3472396983657595e-17f,0.024601599868664836f,0.9577923346014803f,-0.2864063635161554f,-0.5666666666666667f,0.0526904565903168f,-0.2873371732094058f,-0.956379142744305f,0.1916666666666666f,0f,0f,0f,1f], start_interpolation: 0, interpolation_duration: 1 }
$data merge entity $(bone_lower) { transformation: [-0.9847951372639007f,0.015345092345008504f,0.1730406477169404f,0f,0.04549012496343479f,0.9841124838787424f,0.1716195431902296f,-0.625f,-0.1676579438982424f,0.17688173228158738f,-0.9698472388128342f,0f,0f,0f,0f,1f], start_interpolation: 0, interpolation_duration: 1 }
$data merge entity $(bone_front_left) { transformation: [-1f,2.4764510268777855e-17f,1.1993463577201612e-16f,-5.102694996447304e-18f,0f,0.9793406217655515f,-0.20221757233203788f,-0.6666666666666666f,-1.2246467991473532e-16f,-0.20221757233203788f,-0.9793406217655515f,0.04166666666666666f,0f,0f,0f,1f], start_interpolation: 0, interpolation_duration: 1 }
$data merge entity $(bone_front_right) { transformation: [-1f,2.126576849575771e-17f,1.2060416625018976e-16f,-5.102694996447304e-18f,0f,0.984807753012208f,-0.1736481776669303f,-0.6666666666666666f,-1.2246467991473532e-16f,-0.1736481776669303f,-0.984807753012208f,0.04166666666666666f,0f,0f,0f,1f], start_interpolation: 0, interpolation_duration: 1 }