# This file was generated by Animated Java via MC-Build. It is not recommended to edit this file directly.
$data merge entity $(block_display_block_display3) { transformation: [-0.4f,3.6829528548027675e-17f,3.2298629679740076e-17f,0.19999999999999987f,0f,0.26373832604002756f,-0.30073592299159096f,-0.1724097696556703f,-4.898587196589413e-17f,-0.30073592299159096f,-0.26373832604002756f,-0.2626677266535545f,0f,0f,0f,1f], start_interpolation: 0, interpolation_duration: 1 }
$data merge entity $(bone_body) { transformation: [-1f,-8.009573286591539e-18f,1.2220247363447802e-16f,0f,0f,0.9978589232386035f,0.06540312923014305f,-0.65625f,-1.2246467991473532e-16f,0.06540312923014305f,-0.9978589232386035f,0f,0f,0f,0f,1f], start_interpolation: 0, interpolation_duration: 1 }
$data merge entity $(block_display_block_display) { transformation: [-0.29971438638748576f,0.00283651746645948f,-0.012776570785439161f,0.16880935392566904f,0.005538973417478142f,0.2928388391554347f,-0.06492098316860198f,0.09233493184969765f,0.011857755514992609f,-0.0650950723999897f,-0.2926124146091323f,0.3009148946560144f,0f,0f,0f,1f], start_interpolation: 0, interpolation_duration: 1 }
$data merge entity $(block_display_block_display1) { transformation: [-0.14985719319374288f,0.00141825873322974f,-0.0063882853927195804f,0.09787343569924735f,0.002769486708739071f,0.14641941957771734f,-0.03246049158430099f,0.11400748244425529f,0.005928877757496304f,-0.03254753619999485f,-0.14630620730456614f,0.3953207131001162f,0f,0f,0f,1f], start_interpolation: 0, interpolation_duration: 1 }
$data merge entity $(block_display_block_display2) { transformation: [-0.14985719319374288f,0.00141825873322974f,-0.0063882853927195804f,0.08323361500759831f,0.002769486708739071f,0.14641941957771734f,-0.03246049158430099f,0.03961885589689884f,0.005928877757496304f,-0.03254753619999485f,-0.14630620730456614f,0.060035654693818705f,0f,0f,0f,1f], start_interpolation: 0, interpolation_duration: 1 }
$data merge entity $(bone_upper) { transformation: [-0.9990479546249527f,0.009455058221531601f,-0.042588569284797206f,-1.7604297737743197e-17f,0.018463244724927143f,0.976129463851449f,-0.21640327722867328f,-0.58125f,0.03952585171664203f,-0.21698357466663235f,-0.9753747153637744f,0.14374999999999996f,0f,0f,0f,1f], start_interpolation: 0, interpolation_duration: 1 }
$data merge entity $(bone_lower) { transformation: [-0.9914352685053147f,0.01731044044459439f,0.12944673427865516f,0f,0.0343369573460868f,0.9908556447511245f,0.13048396309526472f,-0.625f,-0.12600429248246914f,0.13381120998050777f,-0.9829636200590258f,0f,0f,0f,0f,1f], start_interpolation: 0, interpolation_duration: 1 }
$data merge entity $(bone_front_left) { transformation: [-1f,1.8629741797293812e-17f,1.2103937601947863e-16f,-3.827021247335478e-18f,0f,0.9883615104677607f,-0.15212338618991667f,-0.65625f,-1.2246467991473532e-16f,-0.15212338618991667f,-0.9883615104677607f,0.031249999999999993f,0f,0f,0f,1f], start_interpolation: 0, interpolation_duration: 1 }
$data merge entity $(bone_front_right) { transformation: [-1f,1.5984848350717827e-17f,1.2141697760125282e-16f,-3.827021247335478e-18f,0f,0.9914448613738104f,-0.13052619222005155f,-0.65625f,-1.2246467991473532e-16f,-0.13052619222005155f,-0.9914448613738104f,0.031249999999999993f,0f,0f,0f,1f], start_interpolation: 0, interpolation_duration: 1 }