# This file was generated by Animated Java via MC-Build. It is not recommended to edit this file directly.
$data merge entity $(bone_tail) { transformation: [-1f,-2.1373033680837913e-18f,1.2244602795081332e-16f,-0.031249999999999997f,0f,0.9998476951563913f,0.01745240643728351f,-0.7562500000000001f,-1.2246467991473532e-16f,0.01745240643728351f,-0.9998476951563913f,-0.2562500000000001f,0f,0f,0f,1f], start_interpolation: 0, interpolation_duration: 1 }
$data merge entity $(bone_left_wing) { transformation: [-0.9996954135095478f,-0.01775428845170483f,0.017142504179604827f,-0.375f,-0.017449748351250488f,0.9996900977423212f,0.017754288451704826f,-0.88125f,-0.017452406437283637f,0.017449748351250485f,-0.9996954135095478f,-0.031250000000000076f,0f,0f,0f,1f], start_interpolation: 0, interpolation_duration: 1 }
$data merge entity $(bone_right_wing) { transformation: [-0.9996954135095478f,-0.017145208250796143f,0.017751677160509093f,-2.6377847966588138e-17f,-0.017449748351250485f,0.9997007292767746f,-0.017145208250796146f,-0.875f,-0.017452406437283637f,-0.017449748351250488f,-0.9996954135095478f,-0.011250000000000024f,0f,0f,0f,1f], start_interpolation: 0, interpolation_duration: 1 }
$data merge entity $(bone_left_foot) { transformation: [-0.9998476951563913f,-0.01745240643728351f,1.2246467991473532e-16f,-0.24999999999999997f,-0.01745240643728351f,0.9998476951563913f,0f,-0.91f,-1.2244602795081332e-16f,-2.1373033680837913e-18f,-1f,-0.018750000000000055f,0f,0f,0f,1f], start_interpolation: 0, interpolation_duration: 1 }
$data merge entity $(bone_right_foot) { transformation: [-0.9998476951563913f,-0.01745240643728351f,1.2246467991473532e-16f,-3.4031890461259094e-17f,-0.01745240643728351f,0.9998476951563913f,0f,-0.90625f,-1.2244602795081332e-16f,-2.1373033680837913e-18f,-1f,0.051249999999999976f,0f,0f,0f,1f], start_interpolation: 0, interpolation_duration: 1 }
$data merge entity $(bone_head) { transformation: [-0.9999756307053947f,-0.0069812602979615525f,1.2246467991473532e-16f,-0.055625000000000036f,-0.0069812602979615525f,0.9999756307053947f,0f,-0.3775f,-1.2246169553687175e-16f,-8.549578077913113e-19f,-1f,0.04374999999999997f,0f,0f,0f,1f], start_interpolation: 0, interpolation_duration: 1 }
$data merge entity $(bone_body) { transformation: [-0.9996954135095478f,-0.01745240643728351f,0.01744974835125061f,-2.5459362867227622e-17f,-0.017449748351250488f,0.9998476951563913f,0.000304586490452135f,-0.875f,-0.017452406437283633f,-2.1101983137716537e-18f,-0.9998476951563913f,-0.018750000000000024f,0f,0f,0f,1f], start_interpolation: 0, interpolation_duration: 1 }
$data merge entity $(bone_beak) { transformation: [-0.9999756307053947f,-0.0069812602979615525f,1.2246467991473532e-16f,-0.16500000000000004f,-0.0069812602979615525f,0.9999756307053947f,0f,-0.31625f,-1.2246169553687175e-16f,-8.549578077913113e-19f,-1f,-0.018750000000000044f,0f,0f,0f,1f], start_interpolation: 0, interpolation_duration: 1 }
$data merge entity $(bone_left_eyebrow) { transformation: [-0.9999756307053947f,-0.0069812602979615525f,1.2246467991473532e-16f,-0.26625f,-0.0069812602979615525f,0.9999756307053947f,0f,-0.16624999999999998f,-1.2246169553687175e-16f,-8.549578077913113e-19f,-1f,0.16874999999999996f,0f,0f,0f,1f], start_interpolation: 0, interpolation_duration: 1 }
$data merge entity $(bone_right_eyebrow) { transformation: [-0.9999756307053947f,-0.0069812602979615525f,1.2246467991473532e-16f,0.027499999999999955f,-0.0069812602979615525f,0.9999756307053947f,0f,-0.16374999999999998f,-1.2246169553687175e-16f,-8.549578077913113e-19f,-1f,0.16874999999999998f,0f,0f,0f,1f], start_interpolation: 0, interpolation_duration: 1 }