# This file was generated by Animated Java via MC-Build. It is not recommended to edit this file directly.
$data merge entity $(bone_tail) { transformation: [-1f,-2.1373033680837936e-18f,1.2244602795081332e-16f,-0.031249999999999997f,0f,0.9998476951563913f,0.01745240643728353f,-0.7562500000000001f,-1.2246467991473532e-16f,0.01745240643728353f,-0.9998476951563913f,-0.2562500000000001f,0f,0f,0f,1f], start_interpolation: 0, interpolation_duration: 1 }
$data merge entity $(bone_left_wing) { transformation: [-0.9996954135095478f,0.017145208250796164f,-0.017751677160508867f,-0.375f,0.017449748351250505f,0.9997007292767746f,-0.01714520825079616f,-0.86875f,0.01745240643728341f,-0.017449748351250502f,-0.9996954135095478f,-0.0062500000000000585f,0f,0f,0f,1f], start_interpolation: 0, interpolation_duration: 1 }
$data merge entity $(bone_right_wing) { transformation: [-0.9996954135095478f,0.017754288451704844f,-0.0171425041796046f,-2.454087776786711e-17f,0.017449748351250502f,0.9996900977423212f,0.017754288451704847f,-0.875f,0.01745240643728341f,0.017449748351250505f,-0.9996954135095478f,-0.02625000000000003f,0f,0f,0f,1f], start_interpolation: 0, interpolation_duration: 1 }
$data merge entity $(bone_left_foot) { transformation: [-0.9998476951563913f,0.01745240643728353f,1.2246467991473532e-16f,-0.24999999999999997f,0.01745240643728353f,0.9998476951563913f,0f,-0.90125f,-1.2244602795081332e-16f,2.1373033680837936e-18f,-1f,-0.011250000000000048f,0f,0f,0f,1f], start_interpolation: 0, interpolation_duration: 1 }
$data merge entity $(bone_right_foot) { transformation: [-0.9998476951563913f,0.01745240643728353f,1.2246467991473532e-16f,-3.311340536189858e-17f,0.01745240643728353f,0.9998476951563913f,0f,-0.90625f,-1.2244602795081332e-16f,2.1373033680837936e-18f,-1f,0.043749999999999976f,0f,0f,0f,1f], start_interpolation: 0, interpolation_duration: 1 }
$data merge entity $(bone_head) { transformation: [-0.9999756307053947f,0.006981260297961559f,1.2246467991473532e-16f,-0.03812500000000003f,0.006981260297961559f,0.9999756307053947f,0f,-0.375f,-1.2246169553687175e-16f,8.54957807791312e-19f,-1f,0.04374999999999997f,0f,0f,0f,1f], start_interpolation: 0, interpolation_duration: 1 }
$data merge entity $(bone_body) { transformation: [-0.9996954135095478f,0.01745240643728353f,-0.017449748351250384f,-2.5459362867227622e-17f,0.017449748351250505f,0.9998476951563913f,0.0003045864904521356f,-0.875f,0.017452406437283408f,2.1373033680837936e-18f,-0.9998476951563913f,-0.018750000000000024f,0f,0f,0f,1f], start_interpolation: 0, interpolation_duration: 1 }
$data merge entity $(bone_beak) { transformation: [-0.9999756307053947f,0.006981260297961559f,1.2246467991473532e-16f,-0.14750000000000002f,0.006981260297961559f,0.9999756307053947f,0f,-0.3125f,-1.2246169553687175e-16f,8.54957807791312e-19f,-1f,-0.01875000000000004f,0f,0f,0f,1f], start_interpolation: 0, interpolation_duration: 1 }
$data merge entity $(bone_left_eyebrow) { transformation: [-0.9999756307053947f,0.006981260297961559f,1.2246467991473532e-16f,-0.24625f,0.006981260297961559f,0.9999756307053947f,0f,-0.16124999999999998f,-1.2246169553687175e-16f,8.54957807791312e-19f,-1f,0.16874999999999996f,0f,0f,0f,1f], start_interpolation: 0, interpolation_duration: 1 }
$data merge entity $(bone_right_eyebrow) { transformation: [-0.9999756307053947f,0.006981260297961559f,1.2246467991473532e-16f,0.047499999999999966f,0.006981260297961559f,0.9999756307053947f,0f,-0.16249999999999998f,-1.2246169553687175e-16f,8.54957807791312e-19f,-1f,0.16874999999999998f,0f,0f,0f,1f], start_interpolation: 0, interpolation_duration: 1 }