# This file was generated by Animated Java via MC-Build. It is not recommended to edit this file directly.
$data merge entity $(bone_tail) { transformation: [-1f,-6.40930612932371e-18f,1.2229684632711994e-16f,-0.031249999999999997f,0f,0.9986295347545738f,0.052335956242943835f,-0.7562500000000001f,-1.2246467991473532e-16f,0.052335956242943835f,-0.9986295347545738f,-0.2562500000000001f,0f,0f,0f,1f], start_interpolation: 0, interpolation_duration: 1 }
$data merge entity $(bone_left_wing) { transformation: [-0.9972609476841366f,0.0495289330939677f,-0.05493165763665688f,-0.375f,0.05226423163382672f,0.9974042986062869f,-0.04952893309396769f,-0.85625f,0.0523359562429437f,-0.052264231633826715f,-0.9972609476841366f,0.018749999999999937f,0f,0f,0f,1f], start_interpolation: 0, interpolation_duration: 1 }
$data merge entity $(bone_right_wing) { transformation: [-0.9972609476841366f,0.05499953017368576f,-0.04945355300493021f,-2.2703907569146077e-17f,0.052264231633826735f,0.9971175967619865f,0.054999530173685765f,-0.875f,0.0523359562429437f,0.05226423163382674f,-0.9972609476841366f,-0.04125000000000002f,0f,0f,0f,1f], start_interpolation: 0, interpolation_duration: 1 }
$data merge entity $(bone_left_foot) { transformation: [-0.9986295347545738f,0.052335956242943835f,1.2246467991473532e-16f,-0.24999999999999997f,0.052335956242943835f,0.9986295347545738f,0f,-0.89125f,-1.2229684632711994e-16f,6.40930612932371e-18f,-1f,0.0037499999999999483f,0f,0f,0f,1f], start_interpolation: 0, interpolation_duration: 1 }
$data merge entity $(bone_right_foot) { transformation: [-0.9986295347545738f,0.052335956242943835f,1.2246467991473532e-16f,-3.311340536189858e-17f,0.052335956242943835f,0.9986295347545738f,0f,-0.90625f,-1.2229684632711994e-16f,6.40930612932371e-18f,-1f,0.043749999999999976f,0f,0f,0f,1f], start_interpolation: 0, interpolation_duration: 1 }
$data merge entity $(bone_head) { transformation: [-0.9997806834748455f,0.020942419883356964f,1.2246467991473532e-16f,-0.020625000000000032f,0.020942419883356964f,0.9997806834748455f,0f,-0.375f,-1.2243782138668225e-16f,2.5647067476552994e-18f,-1f,0.043749999999999976f,0f,0f,0f,1f], start_interpolation: 0, interpolation_duration: 1 }
$data merge entity $(bone_body) { transformation: [-0.9972609476841366f,0.052335956242943835f,-0.05226423163382661f,-2.5459362867227622e-17f,0.052264231633826735f,0.9986295347545738f,0.0027390523158633317f,-0.875f,0.05233595624294371f,6.192465694826609e-18f,-0.9986295347545738f,-0.018750000000000024f,0f,0f,0f,1f], start_interpolation: 0, interpolation_duration: 1 }
$data merge entity $(bone_beak) { transformation: [-0.9997806834748455f,0.020942419883356964f,1.2246467991473532e-16f,-0.13000000000000003f,0.020942419883356964f,0.9997806834748455f,0f,-0.3125f,-1.2243782138668225e-16f,2.5647067476552994e-18f,-1f,-0.01875000000000004f,0f,0f,0f,1f], start_interpolation: 0, interpolation_duration: 1 }
$data merge entity $(bone_left_eyebrow) { transformation: [-0.9997806834748455f,0.020942419883356964f,1.2246467991473532e-16f,-0.22625f,0.020942419883356964f,0.9997806834748455f,0f,-0.15874999999999997f,-1.2243782138668225e-16f,2.5647067476552994e-18f,-1f,0.16874999999999996f,0f,0f,0f,1f], start_interpolation: 0, interpolation_duration: 1 }
$data merge entity $(bone_right_eyebrow) { transformation: [-0.9997806834748455f,0.020942419883356964f,1.2246467991473532e-16f,0.06749999999999996f,0.020942419883356964f,0.9997806834748455f,0f,-0.16249999999999998f,-1.2243782138668225e-16f,2.5647067476552994e-18f,-1f,0.16874999999999998f,0f,0f,0f,1f], start_interpolation: 0, interpolation_duration: 1 }