# This file was generated by Animated Java via MC-Build. It is not recommended to edit this file directly.
$data merge entity $(bone_tail) { transformation: [-1f,-8.542704229054942e-18f,1.221663621095163e-16f,-0.031249999999999997f,0f,0.9975640502598242f,0.06975647374412529f,-0.7562500000000001f,-1.2246467991473532e-16f,0.06975647374412529f,-0.9975640502598242f,-0.2562500000000001f,0f,0f,0f,1f], start_interpolation: 0, interpolation_duration: 1 }
$data merge entity $(bone_left_wing) { transformation: [-0.9951340343707852f,0.06473243809852808f,-0.07428300676968587f,-0.375f,0.06958655048003272f,0.9954734669744393f,-0.06473243809852806f,-0.85f,0.06975647374412518f,-0.0695865504800327f,-0.9951340343707852f,0.03124999999999992f,0f,0f,0f,1f], start_interpolation: 0, interpolation_duration: 1 }
$data merge entity $(bone_right_wing) { transformation: [-0.9951340343707852f,0.07444066286153736f,-0.0645510755112562f,-2.1785422469785564e-17f,0.06958655048003272f,0.994794601767131f,0.07444066286153737f,-0.875f,0.06975647374412518f,0.06958655048003273f,-0.9951340343707852f,-0.048750000000000016f,0f,0f,0f,1f], start_interpolation: 0, interpolation_duration: 1 }
$data merge entity $(bone_left_foot) { transformation: [-0.9975640502598242f,0.06975647374412529f,1.2246467991473532e-16f,-0.24999999999999997f,0.06975647374412529f,0.9975640502598242f,0f,-0.88625f,-1.221663621095163e-16f,8.542704229054942e-18f,-1f,0.011249999999999937f,0f,0f,0f,1f], start_interpolation: 0, interpolation_duration: 1 }
$data merge entity $(bone_right_foot) { transformation: [-0.9975640502598242f,0.06975647374412529f,1.2246467991473532e-16f,-3.311340536189858e-17f,0.06975647374412529f,0.9975640502598242f,0f,-0.90625f,-1.221663621095163e-16f,8.542704229054942e-18f,-1f,0.043749999999999976f,0f,0f,0f,1f], start_interpolation: 0, interpolation_duration: 1 }
$data merge entity $(bone_head) { transformation: [-0.9996101150403544f,0.027921638723568874f,1.2246467991473532e-16f,-0.011875000000000044f,0.027921638723568874f,0.9996101150403544f,0f,-0.375f,-1.2241693277794874e-16f,3.419414548976741e-18f,-1f,0.043749999999999976f,0f,0f,0f,1f], start_interpolation: 0, interpolation_duration: 1 }
$data merge entity $(bone_body) { transformation: [-0.9951340343707852f,0.06975647374412529f,-0.0695865504800326f,-2.5459362867227622e-17f,0.06958655048003272f,0.9975640502598242f,0.004865965629214841f,-0.875f,0.06975647374412516f,8.542704229054942e-18f,-0.9975640502598242f,-0.018750000000000024f,0f,0f,0f,1f], start_interpolation: 0, interpolation_duration: 1 }
$data merge entity $(bone_beak) { transformation: [-0.9996101150403544f,0.027921638723568874f,1.2246467991473532e-16f,-0.12125000000000004f,0.027921638723568874f,0.9996101150403544f,0f,-0.3125f,-1.2241693277794874e-16f,3.419414548976741e-18f,-1f,-0.018750000000000037f,0f,0f,0f,1f], start_interpolation: 0, interpolation_duration: 1 }
$data merge entity $(bone_left_eyebrow) { transformation: [-0.9996101150403544f,0.027921638723568874f,1.2246467991473532e-16f,-0.21625000000000003f,0.027921638723568874f,0.9996101150403544f,0f,-0.15749999999999997f,-1.2241693277794874e-16f,3.419414548976741e-18f,-1f,0.16874999999999996f,0f,0f,0f,1f], start_interpolation: 0, interpolation_duration: 1 }
$data merge entity $(bone_right_eyebrow) { transformation: [-0.9996101150403544f,0.027921638723568874f,1.2246467991473532e-16f,0.07749999999999996f,0.027921638723568874f,0.9996101150403544f,0f,-0.16249999999999998f,-1.2241693277794874e-16f,3.419414548976741e-18f,-1f,0.16874999999999998f,0f,0f,0f,1f], start_interpolation: 0, interpolation_duration: 1 }