# This file was generated by Animated Java via MC-Build. It is not recommended to edit this file directly.
$data merge entity $(bone_tail) { transformation: [-1f,-1.0673500138322974e-17f,1.2199866483456202e-16f,-0.03124999999999997f,0f,0.9961946980917455f,0.08715574274765818f,-0.43125f,-1.2246467991473532e-16f,0.08715574274765818f,-0.9961946980917455f,-0.25625f,0f,0f,0f,1f], start_interpolation: 0, interpolation_duration: 1 }
$data merge entity $(bone_left_wing) { transformation: [-0.9924038765061041f,0.0792568708827959f,-0.09408982045644063f,-0.375f,0.0868240888334652f,0.9930659222912175f,-0.07925687088279589f,-0.51875f,0.08715574274765808f,-0.08682408883346518f,-0.9924038765061041f,0.04374999999999995f,0f,0f,0f,1f], start_interpolation: 0, interpolation_duration: 1 }
$data merge entity $(bone_right_wing) { transformation: [-0.9924038765061041f,0.0943913067841345f,-0.07889757346864866f,6.888638245203861e-18f,0.08682408883346521f,0.9917418307209905f,0.09439130678413452f,-0.55f,0.08715574274765807f,0.08682408883346522f,-0.9924038765061041f,-0.056249999999999994f,0f,0f,0f,1f], start_interpolation: 0, interpolation_duration: 1 }
$data merge entity $(bone_left_foot) { transformation: [-0.9961946980917455f,0.08715574274765818f,1.2246467991473532e-16f,-0.25f,0.08715574274765818f,0.9961946980917455f,0f,-0.55625f,-1.2199866483456202e-16f,1.0673500138322974e-17f,-1f,0.006249999999999972f,0f,0f,0f,1f], start_interpolation: 0, interpolation_duration: 1 }
$data merge entity $(bone_right_foot) { transformation: [-0.9961946980917455f,0.08715574274765818f,1.2246467991473532e-16f,-5.35782974626967e-18f,0.08715574274765818f,0.9961946980917455f,0f,-0.58125f,-1.2199866483456202e-16f,1.0673500138322974e-17f,-1f,0.04375f,0f,0f,0f,1f], start_interpolation: 0, interpolation_duration: 1 }
$data merge entity $(bone_head) { transformation: [-0.9993908270190958f,0.03489949670250097f,1.2246467991473532e-16f,-0.003125000000000008f,0.03489949670250097f,0.9993908270190958f,0f,-0.05f,-1.2239007774061617e-16f,4.273955692857142e-18f,-1f,0.04375f,0f,0f,0f,1f], start_interpolation: 0, interpolation_duration: 1 }
$data merge entity $(bone_body) { transformation: [-0.9924038765061041f,0.08715574274765818f,-0.08682408883346507f,2.296212748401287e-18f,0.0868240888334652f,0.9961946980917455f,0.007596123493895972f,-0.55f,0.08715574274765805f,1.0673500138322974e-17f,-0.9961946980917455f,-0.01875f,0f,0f,0f,1f], start_interpolation: 0, interpolation_duration: 1 }