# This file was generated by Animated Java via MC-Build. It is not recommended to edit this file directly.
$data merge entity $(bone_tail) { transformation: [-1f,-8.542704229054942e-18f,1.221663621095163e-16f,-0.03124999999999997f,0f,0.9975640502598242f,0.06975647374412529f,-0.43125f,-1.2246467991473532e-16f,0.06975647374412529f,-0.9975640502598242f,-0.25625f,0f,0f,0f,1f], start_interpolation: 0, interpolation_duration: 1 }
$data merge entity $(bone_left_wing) { transformation: [-0.9951340343707852f,0.06473243809852808f,-0.07428300676968587f,-0.375f,0.06958655048003272f,0.9954734669744393f,-0.06473243809852806f,-0.525f,0.06975647374412518f,-0.0695865504800327f,-0.9951340343707852f,0.031249999999999944f,0f,0f,0f,1f], start_interpolation: 0, interpolation_duration: 1 }
$data merge entity $(bone_right_wing) { transformation: [-0.9951340343707852f,0.07444066286153736f,-0.0645510755112562f,5.970153145843345e-18f,0.06958655048003272f,0.994794601767131f,0.07444066286153737f,-0.55f,0.06975647374412518f,0.06958655048003273f,-0.9951340343707852f,-0.04874999999999999f,0f,0f,0f,1f], start_interpolation: 0, interpolation_duration: 1 }
$data merge entity $(bone_left_foot) { transformation: [-0.9975640502598242f,0.06975647374412529f,1.2246467991473532e-16f,-0.25f,0.06975647374412529f,0.9975640502598242f,0f,-0.56125f,-1.221663621095163e-16f,8.542704229054942e-18f,-1f,0.001249999999999967f,0f,0f,0f,1f], start_interpolation: 0, interpolation_duration: 1 }
$data merge entity $(bone_right_foot) { transformation: [-0.9975640502598242f,0.06975647374412529f,1.2246467991473532e-16f,-5.35782974626967e-18f,0.06975647374412529f,0.9975640502598242f,0f,-0.58125f,-1.221663621095163e-16f,8.542704229054942e-18f,-1f,0.04375f,0f,0f,0f,1f], start_interpolation: 0, interpolation_duration: 1 }
$data merge entity $(bone_head) { transformation: [-0.9996101150403544f,0.027921638723568874f,1.2246467991473532e-16f,-0.011875000000000016f,0.027921638723568874f,0.9996101150403544f,0f,-0.05f,-1.2241693277794874e-16f,3.419414548976741e-18f,-1f,0.04375f,0f,0f,0f,1f], start_interpolation: 0, interpolation_duration: 1 }
$data merge entity $(bone_body) { transformation: [-0.9951340343707852f,0.06975647374412529f,-0.0695865504800326f,2.296212748401287e-18f,0.06958655048003272f,0.9975640502598242f,0.004865965629214841f,-0.55f,0.06975647374412516f,8.542704229054942e-18f,-0.9975640502598242f,-0.01875f,0f,0f,0f,1f], start_interpolation: 0, interpolation_duration: 1 }