# This file was generated by Animated Java via MC-Build. It is not recommended to edit this file directly.
$data merge entity $(bone_tail) { transformation: [-1f,-2.1373033680837936e-18f,1.2244602795081332e-16f,-0.03124999999999997f,0f,0.9998476951563913f,0.01745240643728353f,-0.43125f,-1.2246467991473532e-16f,0.01745240643728353f,-0.9998476951563913f,-0.25625f,0f,0f,0f,1f], start_interpolation: 0, interpolation_duration: 1 }
$data merge entity $(bone_left_wing) { transformation: [-0.9996954135095478f,0.017145208250796164f,-0.017751677160508867f,-0.375f,0.017449748351250505f,0.9997007292767746f,-0.01714520825079616f,-0.5437500000000001f,0.01745240643728341f,-0.017449748351250502f,-0.9996954135095478f,-0.006250000000000034f,0f,0f,0f,1f], start_interpolation: 0, interpolation_duration: 1 }
$data merge entity $(bone_right_wing) { transformation: [-0.9996954135095478f,0.017754288451704844f,-0.0171425041796046f,3.2146978477618028e-18f,0.017449748351250502f,0.9996900977423212f,0.017754288451704847f,-0.55f,0.01745240643728341f,0.017449748351250505f,-0.9996954135095478f,-0.026250000000000006f,0f,0f,0f,1f], start_interpolation: 0, interpolation_duration: 1 }
$data merge entity $(bone_left_foot) { transformation: [-0.9998476951563913f,0.01745240643728353f,1.2246467991473532e-16f,-0.25f,0.01745240643728353f,0.9998476951563913f,0f,-0.57625f,-1.2244602795081332e-16f,2.1373033680837936e-18f,-1f,-0.013750000000000026f,0f,0f,0f,1f], start_interpolation: 0, interpolation_duration: 1 }
$data merge entity $(bone_right_foot) { transformation: [-0.9998476951563913f,0.01745240643728353f,1.2246467991473532e-16f,-5.35782974626967e-18f,0.01745240643728353f,0.9998476951563913f,0f,-0.58125f,-1.2244602795081332e-16f,2.1373033680837936e-18f,-1f,0.04375f,0f,0f,0f,1f], start_interpolation: 0, interpolation_duration: 1 }
$data merge entity $(bone_head) { transformation: [-0.9999756307053947f,0.006981260297961559f,1.2246467991473532e-16f,-0.038125f,0.006981260297961559f,0.9999756307053947f,0f,-0.05f,-1.2246169553687175e-16f,8.54957807791312e-19f,-1f,0.04374999999999999f,0f,0f,0f,1f], start_interpolation: 0, interpolation_duration: 1 }
$data merge entity $(bone_body) { transformation: [-0.9996954135095478f,0.01745240643728353f,-0.017449748351250384f,2.296212748401287e-18f,0.017449748351250505f,0.9998476951563913f,0.0003045864904521356f,-0.55f,0.017452406437283408f,2.1373033680837936e-18f,-0.9998476951563913f,-0.01875f,0f,0f,0f,1f], start_interpolation: 0, interpolation_duration: 1 }