# This file was generated by Animated Java via MC-Build. It is not recommended to edit this file directly.
$data merge entity $(bone_tail) { transformation: [-1f,-6.4093061293237094e-18f,1.2229684632711994e-16f,-0.031249999999999997f,0f,0.9986295347545738f,0.05233595624294383f,-0.43125000000000013f,-1.2246467991473532e-16f,0.05233595624294383f,-0.9986295347545738f,-0.2562500000000001f,0f,0f,0f,1f], start_interpolation: 0, interpolation_duration: 1 }
$data merge entity $(bone_left_wing) { transformation: [-0.9972609476841366f,-0.05499953017368576f,0.049453553004930456f,-0.375f,-0.05226423163382672f,0.9971175967619865f,0.05499953017368576f,-0.5687500000000001f,-0.052335956242943946f,0.05226423163382672f,-0.9972609476841366f,-0.05625000000000007f,0f,0f,0f,1f], start_interpolation: 0, interpolation_duration: 1 }
$data merge entity $(bone_right_wing) { transformation: [-0.9972609476841366f,-0.049528933093967685f,0.054931657636657125f,-2.8214818165309167e-17f,-0.05226423163382672f,0.9974042986062869f,-0.049528933093967685f,-0.55f,-0.052335956242943946f,-0.05226423163382672f,-0.9972609476841366f,0.0037499999999999756f,0f,0f,0f,1f], start_interpolation: 0, interpolation_duration: 1 }
$data merge entity $(bone_left_foot) { transformation: [-0.9986295347545738f,-0.05233595624294383f,1.2246467991473532e-16f,-0.24999999999999997f,-0.05233595624294383f,0.9986295347545738f,0f,-0.5925f,-1.2229684632711994e-16f,-6.4093061293237094e-18f,-1f,-0.018750000000000055f,0f,0f,0f,1f], start_interpolation: 0, interpolation_duration: 1 }
$data merge entity $(bone_right_foot) { transformation: [-0.9986295347545738f,-0.05233595624294383f,1.2246467991473532e-16f,-3.5868860659980126e-17f,-0.05233595624294383f,0.9986295347545738f,0f,-0.58125f,-1.2229684632711994e-16f,-6.4093061293237094e-18f,-1f,0.06624999999999998f,0f,0f,0f,1f], start_interpolation: 0, interpolation_duration: 1 }
$data merge entity $(bone_head) { transformation: [-0.9997806834748455f,-0.020942419883356957f,1.2246467991473532e-16f,-0.07312500000000002f,-0.020942419883356957f,0.9997806834748455f,0f,-0.0575f,-1.2243782138668225e-16f,-2.5647067476552983e-18f,-1f,0.04374999999999997f,0f,0f,0f,1f], start_interpolation: 0, interpolation_duration: 1 }
$data merge entity $(bone_body) { transformation: [-0.9972609476841366f,-0.05233595624294383f,0.05226423163382685f,-2.5459362867227622e-17f,-0.05226423163382673f,0.9986295347545738f,0.002739052315863331f,-0.55f,-0.05233595624294395f,-6.842986998317911e-18f,-0.9986295347545738f,-0.018750000000000024f,0f,0f,0f,1f], start_interpolation: 0, interpolation_duration: 1 }
$data merge entity $(bone_beak) { transformation: [-0.9997806834748455f,-0.020942419883356957f,1.2246467991473532e-16f,-0.18250000000000002f,-0.020942419883356957f,0.9997806834748455f,0f,0.0012500000000000028f,-1.2243782138668225e-16f,-2.5647067476552983e-18f,-1f,-0.018750000000000044f,0f,0f,0f,1f], start_interpolation: 0, interpolation_duration: 1 }
$data merge entity $(bone_left_eyebrow) { transformation: [-0.9997806834748455f,-0.020942419883356957f,1.2246467991473532e-16f,-0.28625f,-0.020942419883356957f,0.9997806834748455f,0f,0.15125000000000002f,-1.2243782138668225e-16f,-2.5647067476552983e-18f,-1f,0.16874999999999996f,0f,0f,0f,1f], start_interpolation: 0, interpolation_duration: 1 }
$data merge entity $(bone_right_eyebrow) { transformation: [-0.9997806834748455f,-0.020942419883356957f,1.2246467991473532e-16f,0.007499999999999958f,-0.020942419883356957f,0.9997806834748455f,0f,0.15875000000000003f,-1.2243782138668225e-16f,-2.5647067476552983e-18f,-1f,0.16874999999999998f,0f,0f,0f,1f], start_interpolation: 0, interpolation_duration: 1 }