# This file was generated by Animated Java via MC-Build. It is not recommended to edit this file directly.
$data merge entity $(bone_tail) { transformation: [-1f,-1.0673500138322974e-17f,1.2199866483456202e-16f,-0.031249999999999997f,0f,0.9961946980917455f,0.08715574274765818f,-0.43125000000000013f,-1.2246467991473532e-16f,0.08715574274765818f,-0.9961946980917455f,-0.2562500000000001f,0f,0f,0f,1f], start_interpolation: 0, interpolation_duration: 1 }
$data merge entity $(bone_left_wing) { transformation: [-0.9924038765061041f,-0.09439130678413453f,0.07889757346864891f,-0.375f,-0.08682408883346521f,0.9917418307209905f,0.09439130678413452f,-0.58125f,-0.08715574274765832f,0.0868240888334652f,-0.9924038765061041f,-0.08125000000000006f,0f,0f,0f,1f], start_interpolation: 0, interpolation_duration: 1 }
$data merge entity $(bone_right_wing) { transformation: [-0.9924038765061041f,-0.07925687088279587f,0.09408982045644088f,-3.00517883640302e-17f,-0.0868240888334652f,0.9930659222912175f,-0.07925687088279589f,-0.55f,-0.08715574274765833f,-0.08682408883346521f,-0.9924038765061041f,0.018749999999999975f,0f,0f,0f,1f], start_interpolation: 0, interpolation_duration: 1 }
$data merge entity $(bone_left_foot) { transformation: [-0.9961946980917455f,-0.08715574274765818f,1.2246467991473532e-16f,-0.24999999999999997f,-0.08715574274765818f,0.9961946980917455f,0f,-0.6000000000000001f,-1.2199866483456202e-16f,-1.0673500138322974e-17f,-1f,-0.018750000000000055f,0f,0f,0f,1f], start_interpolation: 0, interpolation_duration: 1 }
$data merge entity $(bone_right_foot) { transformation: [-0.9961946980917455f,-0.08715574274765818f,1.2246467991473532e-16f,-3.770583085870115e-17f,-0.08715574274765818f,0.9961946980917455f,0f,-0.58125f,-1.2199866483456202e-16f,-1.0673500138322974e-17f,-1f,0.08124999999999998f,0f,0f,0f,1f], start_interpolation: 0, interpolation_duration: 1 }
$data merge entity $(bone_head) { transformation: [-0.9993908270190958f,-0.03489949670250097f,1.2246467991473532e-16f,-0.09062500000000002f,-0.03489949670250097f,0.9993908270190958f,0f,-0.0625f,-1.2239007774061617e-16f,-4.273955692857142e-18f,-1f,0.04374999999999996f,0f,0f,0f,1f], start_interpolation: 0, interpolation_duration: 1 }
$data merge entity $(bone_body) { transformation: [-0.9924038765061041f,-0.08715574274765818f,0.08682408883346532f,-2.5459362867227622e-17f,-0.0868240888334652f,0.9961946980917455f,0.007596123493895972f,-0.55f,-0.0871557427476583f,-1.0673500138322974e-17f,-0.9961946980917455f,-0.018750000000000024f,0f,0f,0f,1f], start_interpolation: 0, interpolation_duration: 1 }
$data merge entity $(bone_beak) { transformation: [-0.9993908270190958f,-0.03489949670250097f,1.2246467991473532e-16f,-0.2f,-0.03489949670250097f,0.9993908270190958f,0f,-0.006249999999999997f,-1.2239007774061617e-16f,-4.273955692857142e-18f,-1f,-0.018750000000000048f,0f,0f,0f,1f], start_interpolation: 0, interpolation_duration: 1 }
$data merge entity $(bone_left_eyebrow) { transformation: [-0.9993908270190958f,-0.03489949670250097f,1.2246467991473532e-16f,-0.30624999999999997f,-0.03489949670250097f,0.9993908270190958f,0f,0.14375000000000004f,-1.2239007774061617e-16f,-4.273955692857142e-18f,-1f,0.16874999999999996f,0f,0f,0f,1f], start_interpolation: 0, interpolation_duration: 1 }
$data merge entity $(bone_right_eyebrow) { transformation: [-0.9993908270190958f,-0.03489949670250097f,1.2246467991473532e-16f,-0.012500000000000046f,-0.03489949670250097f,0.9993908270190958f,0f,0.15625000000000003f,-1.2239007774061617e-16f,-4.273955692857142e-18f,-1f,0.16874999999999998f,0f,0f,0f,1f], start_interpolation: 0, interpolation_duration: 1 }