# This file was generated by Animated Java via MC-Build. It is not recommended to edit this file directly.
$data merge entity $(bone_tail) { transformation: [-1f,-8.542704229054943e-18f,1.221663621095163e-16f,-0.031249999999999997f,0f,0.9975640502598242f,0.0697564737441253f,-0.43125000000000013f,-1.2246467991473532e-16f,0.0697564737441253f,-0.9975640502598242f,-0.2562500000000001f,0f,0f,0f,1f], start_interpolation: 0, interpolation_duration: 1 }
$data merge entity $(bone_left_wing) { transformation: [-0.9951340343707852f,-0.0744406628615374f,0.06455107551125647f,-0.375f,-0.06958655048003273f,0.994794601767131f,0.07444066286153739f,-0.5750000000000001f,-0.06975647374412544f,0.06958655048003272f,-0.9951340343707852f,-0.06875000000000007f,0f,0f,0f,1f], start_interpolation: 0, interpolation_duration: 1 }
$data merge entity $(bone_right_wing) { transformation: [-0.9951340343707852f,-0.06473243809852806f,0.07428300676968613f,-2.9133303264669686e-17f,-0.06958655048003273f,0.9954734669744393f,-0.06473243809852808f,-0.55f,-0.06975647374412544f,-0.06958655048003275f,-0.9951340343707852f,0.011249999999999975f,0f,0f,0f,1f], start_interpolation: 0, interpolation_duration: 1 }
$data merge entity $(bone_left_foot) { transformation: [-0.9975640502598242f,-0.0697564737441253f,1.2246467991473532e-16f,-0.24999999999999997f,-0.0697564737441253f,0.9975640502598242f,0f,-0.5962500000000001f,-1.221663621095163e-16f,-8.542704229054943e-18f,-1f,-0.018750000000000055f,0f,0f,0f,1f], start_interpolation: 0, interpolation_duration: 1 }
$data merge entity $(bone_right_foot) { transformation: [-0.9975640502598242f,-0.0697564737441253f,1.2246467991473532e-16f,-3.6787345759340645e-17f,-0.0697564737441253f,0.9975640502598242f,0f,-0.58125f,-1.221663621095163e-16f,-8.542704229054943e-18f,-1f,0.07374999999999998f,0f,0f,0f,1f], start_interpolation: 0, interpolation_duration: 1 }
$data merge entity $(bone_head) { transformation: [-0.9996101150403544f,-0.02792163872356888f,1.2246467991473532e-16f,-0.08187500000000003f,-0.02792163872356888f,0.9996101150403544f,0f,-0.060000000000000005f,-1.2241693277794874e-16f,-3.419414548976742e-18f,-1f,0.04374999999999997f,0f,0f,0f,1f], start_interpolation: 0, interpolation_duration: 1 }
$data merge entity $(bone_body) { transformation: [-0.9951340343707852f,-0.0697564737441253f,0.06958655048003286f,-2.5459362867227622e-17f,-0.06958655048003273f,0.9975640502598242f,0.004865965629214842f,-0.55f,-0.06975647374412543f,-8.542704229054943e-18f,-0.9975640502598242f,-0.018750000000000024f,0f,0f,0f,1f], start_interpolation: 0, interpolation_duration: 1 }
$data merge entity $(bone_beak) { transformation: [-0.9996101150403544f,-0.02792163872356888f,1.2246467991473532e-16f,-0.19125000000000003f,-0.02792163872356888f,0.9996101150403544f,0f,-0.002499999999999997f,-1.2241693277794874e-16f,-3.419414548976742e-18f,-1f,-0.018750000000000048f,0f,0f,0f,1f], start_interpolation: 0, interpolation_duration: 1 }
$data merge entity $(bone_left_eyebrow) { transformation: [-0.9996101150403544f,-0.02792163872356888f,1.2246467991473532e-16f,-0.29625f,-0.02792163872356888f,0.9996101150403544f,0f,0.14750000000000002f,-1.2241693277794874e-16f,-3.419414548976742e-18f,-1f,0.16874999999999996f,0f,0f,0f,1f], start_interpolation: 0, interpolation_duration: 1 }
$data merge entity $(bone_right_eyebrow) { transformation: [-0.9996101150403544f,-0.02792163872356888f,1.2246467991473532e-16f,-0.002500000000000051f,-0.02792163872356888f,0.9996101150403544f,0f,0.15750000000000003f,-1.2241693277794874e-16f,-3.419414548976742e-18f,-1f,0.16874999999999998f,0f,0f,0f,1f], start_interpolation: 0, interpolation_duration: 1 }