# This file was generated by Animated Java via MC-Build. It is not recommended to edit this file directly.
$data merge entity $(bone_tail) { transformation: [-1f,-8.542704229054943e-18f,1.221663621095163e-16f,-0.03124999999999997f,0f,0.9975640502598242f,0.0697564737441253f,-0.43125f,-1.2246467991473532e-16f,0.0697564737441253f,-0.9975640502598242f,-0.25625f,0f,0f,0f,1f], start_interpolation: 0, interpolation_duration: 1 }
$data merge entity $(bone_left_wing) { transformation: [-0.9951340343707852f,-0.0744406628615374f,0.06455107551125647f,-0.375f,-0.06958655048003273f,0.994794601767131f,0.07444066286153739f,-0.5750000000000001f,-0.06975647374412544f,0.06958655048003272f,-0.9951340343707852f,-0.06875000000000005f,0f,0f,0f,1f], start_interpolation: 0, interpolation_duration: 1 }
$data merge entity $(bone_right_wing) { transformation: [-0.9951340343707852f,-0.06473243809852806f,0.07428300676968613f,-1.3777276490407724e-18f,-0.06958655048003273f,0.9954734669744393f,-0.06473243809852808f,-0.55f,-0.06975647374412544f,-0.06958655048003275f,-0.9951340343707852f,0.01125f,0f,0f,0f,1f], start_interpolation: 0, interpolation_duration: 1 }
$data merge entity $(bone_left_foot) { transformation: [-0.9975640502598242f,-0.0697564737441253f,1.2246467991473532e-16f,-0.25f,-0.0697564737441253f,0.9975640502598242f,0f,-0.5962500000000001f,-1.221663621095163e-16f,-8.542704229054943e-18f,-1f,-0.01875000000000003f,0f,0f,0f,1f], start_interpolation: 0, interpolation_duration: 1 }
$data merge entity $(bone_right_foot) { transformation: [-0.9975640502598242f,-0.0697564737441253f,1.2246467991473532e-16f,-7.807123344564376e-18f,-0.0697564737441253f,0.9975640502598242f,0f,-0.58125f,-1.221663621095163e-16f,-8.542704229054943e-18f,-1f,0.06375f,0f,0f,0f,1f], start_interpolation: 0, interpolation_duration: 1 }
$data merge entity $(bone_head) { transformation: [-0.9996101150403544f,-0.02792163872356888f,1.2246467991473532e-16f,-0.081875f,-0.02792163872356888f,0.9996101150403544f,0f,-0.060000000000000005f,-1.2241693277794874e-16f,-3.419414548976742e-18f,-1f,0.04374999999999999f,0f,0f,0f,1f], start_interpolation: 0, interpolation_duration: 1 }
$data merge entity $(bone_body) { transformation: [-0.9951340343707852f,-0.0697564737441253f,0.06958655048003286f,2.296212748401287e-18f,-0.06958655048003273f,0.9975640502598242f,0.004865965629214842f,-0.55f,-0.06975647374412543f,-8.542704229054943e-18f,-0.9975640502598242f,-0.01875f,0f,0f,0f,1f], start_interpolation: 0, interpolation_duration: 1 }