# This file was generated by Animated Java via MC-Build. It is not recommended to edit this file directly.
$data merge entity $(bone_tail) { transformation: [-1f,-6.40930612932371e-18f,1.2229684632711994e-16f,-0.03124999999999997f,0f,0.9986295347545738f,0.052335956242943835f,-0.43125f,-1.2246467991473532e-16f,0.052335956242943835f,-0.9986295347545738f,-0.25625f,0f,0f,0f,1f], start_interpolation: 0, interpolation_duration: 1 }
$data merge entity $(bone_left_wing) { transformation: [-0.9972609476841366f,-0.05499953017368577f,0.04945355300493046f,-0.375f,-0.052264231633826735f,0.9971175967619865f,0.054999530173685765f,-0.5687500000000001f,-0.05233595624294395f,0.05226423163382673f,-0.9972609476841366f,-0.05625000000000006f,0f,0f,0f,1f], start_interpolation: 0, interpolation_duration: 1 }
$data merge entity $(bone_right_wing) { transformation: [-0.9972609476841366f,-0.049528933093967685f,0.05493165763665713f,-4.592425496802579e-19f,-0.05226423163382672f,0.9974042986062869f,-0.04952893309396769f,-0.55f,-0.05233595624294395f,-0.05226423163382673f,-0.9972609476841366f,0.0037500000000000033f,0f,0f,0f,1f], start_interpolation: 0, interpolation_duration: 1 }
$data merge entity $(bone_left_foot) { transformation: [-0.9986295347545738f,-0.052335956242943835f,1.2246467991473532e-16f,-0.25f,-0.052335956242943835f,0.9986295347545738f,0f,-0.5925f,-1.2229684632711994e-16f,-6.40930612932371e-18f,-1f,-0.01875000000000003f,0f,0f,0f,1f], start_interpolation: 0, interpolation_duration: 1 }
$data merge entity $(bone_right_foot) { transformation: [-0.9986295347545738f,-0.052335956242943835f,1.2246467991473532e-16f,-7.1947999449907e-18f,-0.052335956242943835f,0.9986295347545738f,0f,-0.58125f,-1.2229684632711994e-16f,-6.40930612932371e-18f,-1f,0.05875f,0f,0f,0f,1f], start_interpolation: 0, interpolation_duration: 1 }
$data merge entity $(bone_head) { transformation: [-0.9997806834748455f,-0.020942419883356964f,1.2246467991473532e-16f,-0.073125f,-0.020942419883356964f,0.9997806834748455f,0f,-0.0575f,-1.2243782138668225e-16f,-2.5647067476552994e-18f,-1f,0.04374999999999999f,0f,0f,0f,1f], start_interpolation: 0, interpolation_duration: 1 }
$data merge entity $(bone_body) { transformation: [-0.9972609476841366f,-0.052335956242943835f,0.05226423163382686f,2.296212748401287e-18f,-0.052264231633826735f,0.9986295347545738f,0.0027390523158633317f,-0.55f,-0.05233595624294396f,-6.626146563820811e-18f,-0.9986295347545738f,-0.01875f,0f,0f,0f,1f], start_interpolation: 0, interpolation_duration: 1 }