# This file was generated by Animated Java via MC-Build. It is not recommended to edit this file directly.
$data merge entity $(bone_tail) { transformation: [-1f,-4.273955692857141e-18f,1.2239007774061617e-16f,-0.031249999999999997f,0f,0.9993908270190958f,0.03489949670250096f,-0.43125000000000013f,-1.2246467991473532e-16f,0.03489949670250096f,-0.9993908270190958f,-0.2562500000000001f,0f,0f,0f,1f], start_interpolation: 0, interpolation_duration: 1 }
$data merge entity $(bone_left_wing) { transformation: [-0.9987820251299121f,-0.036095469784768255f,0.033639015122450856f,-0.375f,-0.034878236872062644f,0.9987395184199498f,0.03609546978476825f,-0.5625f,-0.034899496702501094f,0.03487823687206264f,-0.9987820251299121f,-0.04375000000000007f,0f,0f,0f,1f], start_interpolation: 0, interpolation_duration: 1 }
$data merge entity $(bone_right_wing) { transformation: [-0.9987820251299121f,-0.03366100395935703f,0.0360749648626266f,-2.7296333065948654e-17f,-0.034878236872062644f,0.9988245318398745f,-0.03366100395935704f,-0.55f,-0.034899496702501094f,-0.03487823687206265f,-0.9987820251299121f,-0.0037500000000000276f,0f,0f,0f,1f], start_interpolation: 0, interpolation_duration: 1 }
$data merge entity $(bone_left_foot) { transformation: [-0.9993908270190958f,-0.03489949670250096f,1.2246467991473532e-16f,-0.24999999999999997f,-0.03489949670250096f,0.9993908270190958f,0f,-0.58875f,-1.2239007774061617e-16f,-4.273955692857141e-18f,-1f,-0.018750000000000055f,0f,0f,0f,1f], start_interpolation: 0, interpolation_duration: 1 }
$data merge entity $(bone_right_foot) { transformation: [-0.9993908270190958f,-0.03489949670250096f,1.2246467991473532e-16f,-3.4950375560619607e-17f,-0.03489949670250096f,0.9993908270190958f,0f,-0.58125f,-1.2239007774061617e-16f,-4.273955692857141e-18f,-1f,0.05874999999999997f,0f,0f,0f,1f], start_interpolation: 0, interpolation_duration: 1 }
$data merge entity $(bone_head) { transformation: [-0.9999025240093042f,-0.013962180339145267f,1.2246467991473532e-16f,-0.06437500000000002f,-0.013962180339145267f,0.9999025240093042f,0f,-0.055f,-1.224527425487354e-16f,-1.7098739461452358e-18f,-1f,0.04374999999999997f,0f,0f,0f,1f], start_interpolation: 0, interpolation_duration: 1 }
$data merge entity $(bone_body) { transformation: [-0.9987820251299121f,-0.03489949670250097f,0.03487823687206277f,-2.5459362867227622e-17f,-0.034878236872062644f,0.9993908270190958f,0.0012179748700878756f,-0.55f,-0.034899496702501094f,-4.273955692857142e-18f,-0.9993908270190958f,-0.018750000000000024f,0f,0f,0f,1f], start_interpolation: 0, interpolation_duration: 1 }
$data merge entity $(bone_beak) { transformation: [-0.9999025240093042f,-0.013962180339145267f,1.2246467991473532e-16f,-0.17375000000000002f,-0.013962180339145267f,0.9999025240093042f,0f,0.0050000000000000044f,-1.224527425487354e-16f,-1.7098739461452358e-18f,-1f,-0.018750000000000044f,0f,0f,0f,1f], start_interpolation: 0, interpolation_duration: 1 }
$data merge entity $(bone_left_eyebrow) { transformation: [-0.9999025240093042f,-0.013962180339145267f,1.2246467991473532e-16f,-0.27625f,-0.013962180339145267f,0.9999025240093042f,0f,0.15500000000000003f,-1.224527425487354e-16f,-1.7098739461452358e-18f,-1f,0.16874999999999996f,0f,0f,0f,1f], start_interpolation: 0, interpolation_duration: 1 }
$data merge entity $(bone_right_eyebrow) { transformation: [-0.9999025240093042f,-0.013962180339145267f,1.2246467991473532e-16f,0.01749999999999996f,-0.013962180339145267f,0.9999025240093042f,0f,0.16000000000000003f,-1.224527425487354e-16f,-1.7098739461452358e-18f,-1f,0.16874999999999998f,0f,0f,0f,1f], start_interpolation: 0, interpolation_duration: 1 }