# This file was generated by Animated Java via MC-Build. It is not recommended to edit this file directly.
$data merge entity $(bone_tail) { transformation: [-1f,-4.273955692857141e-18f,1.2239007774061617e-16f,-0.03124999999999997f,0f,0.9993908270190958f,0.03489949670250096f,-0.43125f,-1.2246467991473532e-16f,0.03489949670250096f,-0.9993908270190958f,-0.25625f,0f,0f,0f,1f], start_interpolation: 0, interpolation_duration: 1 }
$data merge entity $(bone_left_wing) { transformation: [-0.9987820251299121f,-0.036095469784768255f,0.033639015122450856f,-0.375f,-0.034878236872062644f,0.9987395184199498f,0.03609546978476825f,-0.5625f,-0.034899496702501094f,0.03487823687206264f,-0.9987820251299121f,-0.043750000000000046f,0f,0f,0f,1f], start_interpolation: 0, interpolation_duration: 1 }
$data merge entity $(bone_right_wing) { transformation: [-0.9987820251299121f,-0.03366100395935703f,0.0360749648626266f,4.592425496802579e-19f,-0.034878236872062644f,0.9988245318398745f,-0.03366100395935704f,-0.55f,-0.034899496702501094f,-0.03487823687206265f,-0.9987820251299121f,-0.0037500000000000033f,0f,0f,0f,1f], start_interpolation: 0, interpolation_duration: 1 }
$data merge entity $(bone_left_foot) { transformation: [-0.9993908270190958f,-0.03489949670250096f,1.2246467991473532e-16f,-0.25f,-0.03489949670250096f,0.9993908270190958f,0f,-0.58875f,-1.2239007774061617e-16f,-4.273955692857141e-18f,-1f,-0.01875000000000003f,0f,0f,0f,1f], start_interpolation: 0, interpolation_duration: 1 }
$data merge entity $(bone_right_foot) { transformation: [-0.9993908270190958f,-0.03489949670250096f,1.2246467991473532e-16f,-6.582476545417023e-18f,-0.03489949670250096f,0.9993908270190958f,0f,-0.58125f,-1.2239007774061617e-16f,-4.273955692857141e-18f,-1f,0.05374999999999999f,0f,0f,0f,1f], start_interpolation: 0, interpolation_duration: 1 }
$data merge entity $(bone_head) { transformation: [-0.9999025240093042f,-0.013962180339145267f,1.2246467991473532e-16f,-0.06437499999999999f,-0.013962180339145267f,0.9999025240093042f,0f,-0.055f,-1.224527425487354e-16f,-1.7098739461452358e-18f,-1f,0.04374999999999999f,0f,0f,0f,1f], start_interpolation: 0, interpolation_duration: 1 }
$data merge entity $(bone_body) { transformation: [-0.9987820251299121f,-0.03489949670250097f,0.03487823687206277f,2.296212748401287e-18f,-0.034878236872062644f,0.9993908270190958f,0.0012179748700878756f,-0.55f,-0.034899496702501094f,-4.273955692857142e-18f,-0.9993908270190958f,-0.01875f,0f,0f,0f,1f], start_interpolation: 0, interpolation_duration: 1 }