# This file was generated by Animated Java via MC-Build. It is not recommended to edit this file directly.
$data merge entity $(bone_tail) { transformation: [-1f,-2.1373033680837913e-18f,1.2244602795081332e-16f,-0.03124999999999997f,0f,0.9998476951563913f,0.01745240643728351f,-0.43125f,-1.2246467991473532e-16f,0.01745240643728351f,-0.9998476951563913f,-0.25625f,0f,0f,0f,1f], start_interpolation: 0, interpolation_duration: 1 }
$data merge entity $(bone_left_wing) { transformation: [-0.9996954135095478f,-0.01775428845170483f,0.017142504179604827f,-0.375f,-0.017449748351250488f,0.9996900977423212f,0.017754288451704826f,-0.55625f,-0.017452406437283637f,0.017449748351250485f,-0.9996954135095478f,-0.03125000000000004f,0f,0f,0f,1f], start_interpolation: 0, interpolation_duration: 1 }
$data merge entity $(bone_right_wing) { transformation: [-0.9996954135095478f,-0.017145208250796143f,0.017751677160509093f,1.3777276490407724e-18f,-0.017449748351250485f,0.9997007292767746f,-0.017145208250796146f,-0.55f,-0.017452406437283637f,-0.017449748351250488f,-0.9996954135095478f,-0.01125f,0f,0f,0f,1f], start_interpolation: 0, interpolation_duration: 1 }
$data merge entity $(bone_left_foot) { transformation: [-0.9998476951563913f,-0.01745240643728351f,1.2246467991473532e-16f,-0.25f,-0.01745240643728351f,0.9998476951563913f,0f,-0.5850000000000001f,-1.2244602795081332e-16f,-2.1373033680837913e-18f,-1f,-0.01875000000000003f,0f,0f,0f,1f], start_interpolation: 0, interpolation_duration: 1 }
$data merge entity $(bone_right_foot) { transformation: [-0.9998476951563913f,-0.01745240643728351f,1.2246467991473532e-16f,-5.970153145843346e-18f,-0.01745240643728351f,0.9998476951563913f,0f,-0.58125f,-1.2244602795081332e-16f,-2.1373033680837913e-18f,-1f,0.048749999999999995f,0f,0f,0f,1f], start_interpolation: 0, interpolation_duration: 1 }
$data merge entity $(bone_head) { transformation: [-0.9999756307053947f,-0.006981260297961551f,1.2246467991473532e-16f,-0.05562500000000001f,-0.006981260297961551f,0.9999756307053947f,0f,-0.052500000000000005f,-1.2246169553687175e-16f,-8.549578077913111e-19f,-1f,0.04374999999999999f,0f,0f,0f,1f], start_interpolation: 0, interpolation_duration: 1 }
$data merge entity $(bone_body) { transformation: [-0.9996954135095478f,-0.01745240643728351f,0.01744974835125061f,2.296212748401287e-18f,-0.017449748351250488f,0.9998476951563913f,0.000304586490452135f,-0.55f,-0.017452406437283633f,-2.1101983137716537e-18f,-0.9998476951563913f,-0.01875f,0f,0f,0f,1f], start_interpolation: 0, interpolation_duration: 1 }