# This file was generated by Animated Java via MC-Build. It is not recommended to edit this file directly.
$data merge entity $(block_display_block_display3) { transformation: [-0.4f,3.309437541167257e-17f,3.611617322433614e-17f,0.19999999999999987f,0f,0.2949109347240496f,-0.2702360830462642f,-0.1639782111047629f,-4.898587196589413e-17f,-0.2702360830462642f,-0.2949109347240496f,-0.24262143385083648f,0f,0f,0f,1f], start_interpolation: 0, interpolation_duration: 1 }
$data merge entity $(bone_body) { transformation: [-1f,-5.341834311772723e-18f,1.223481206754078e-16f,0f,0f,0.9990482215818578f,0.043619387365336f,-0.625f,-1.2246467991473532e-16f,0.043619387365336f,-0.9990482215818578f,0f,0f,0f,0f,1f], start_interpolation: 0, interpolation_duration: 1 }
$data merge entity $(block_display_block_display) { transformation: [-0.3f,2.402871985977462e-18f,3.6660742090343407e-17f,0.14999999999999977f,0f,0.29935767697158105f,-0.019620938769042917f,0.02181653535085859f,-3.6739403974420595e-17f,-0.019620938769042917f,-0.29935767697158105f,0.292842339472983f,0f,0f,0f,1f], start_interpolation: 0, interpolation_duration: 1 }
$data merge entity $(block_display_block_display1) { transformation: [-0.15f,1.201435992988731e-18f,1.8330371045171703e-17f,0.07499999999999973f,0f,0.14967883848579053f,-0.009810469384521459f,0.027948078716184432f,-1.8369701987210297e-17f,-0.009810469384521459f,-0.14967883848579053f,0.3863916135266018f,0f,0f,0f,1f], start_interpolation: 0, interpolation_duration: 1 }
$data merge entity $(block_display_block_display2) { transformation: [-0.15f,1.201435992988731e-18f,1.8330371045171703e-17f,0.07499999999999979f,0f,0.14967883848579053f,-0.009810469384521459f,0.005465753043322752f,-1.8369701987210297e-17f,-0.009810469384521459f,-0.14967883848579053f,0.04337760866333182f,0f,0f,0f,1f], start_interpolation: 0, interpolation_duration: 1 }
$data merge entity $(bone_upper) { transformation: [-1f,8.00957328659154e-18f,1.2220247363447802e-16f,-3.444319122601931e-18f,0f,0.9978589232386035f,-0.06540312923014306f,-0.621875f,-1.2246467991473532e-16f,-0.06540312923014306f,-0.9978589232386035f,0.028125f,0f,0f,0f,1f], start_interpolation: 0, interpolation_duration: 1 }
$data merge entity $(bone_lower) { transformation: [-1f,-5.341834311772723e-18f,1.223481206754078e-16f,2.678914873134835e-18f,0f,0.9990482215818578f,0.043619387365336f,-0.625f,-1.2246467991473532e-16f,0.043619387365336f,-0.9990482215818578f,-0.021875f,0f,0f,0f,1f], start_interpolation: 0, interpolation_duration: 1 }
$data merge entity $(bone_front_left) { transformation: [-1f,-4.6865204053262974e-17f,1.1314261122877003e-16f,5.740531871003218e-18f,0f,0.9238795325112867f,0.3826834323650897f,-0.578125f,-1.2246467991473532e-16f,0.3826834323650897f,-0.9238795325112867f,-0.046875f,0f,0f,0f,1f], start_interpolation: 0, interpolation_duration: 1 }
$data merge entity $(bone_back_left) { transformation: [-1f,-2.389167384016779e-17f,1.2011155542966555e-16f,3.827021247335479e-18f,0f,0.9807852804032304f,0.19509032201612828f,-0.671875f,-1.2246467991473532e-16f,0.19509032201612828f,-0.9807852804032304f,-0.03125f,0f,0f,0f,1f], start_interpolation: 0, interpolation_duration: 1 }
$data merge entity $(bone_front_right) { transformation: [-1f,4.6865204053262974e-17f,1.1314261122877003e-16f,-5.740531871003218e-18f,0f,0.9238795325112867f,-0.3826834323650897f,-0.625f,-1.2246467991473532e-16f,-0.3826834323650897f,-0.9238795325112867f,0.046875f,0f,0f,0f,1f], start_interpolation: 0, interpolation_duration: 1 }
$data merge entity $(bone_back_right) { transformation: [-1f,-2.389167384016779e-17f,1.2011155542966555e-16f,3.827021247335479e-18f,0f,0.9807852804032304f,0.19509032201612828f,-0.671875f,-1.2246467991473532e-16f,0.19509032201612828f,-0.9807852804032304f,-0.03125f,0f,0f,0f,1f], start_interpolation: 0, interpolation_duration: 1 }