# This file was generated by Animated Java via MC-Build. It is not recommended to edit this file directly.
$data merge entity $(block_display_block_display3) { transformation: [-0.4f,3.1487511549367955e-17f,3.7525355010810927e-17f,0.19999999999999987f,0f,0.3064177772475912f,-0.25711504387461576f,-0.15383400338745384f,-4.898587196589413e-17f,-0.25711504387461576f,-0.3064177772475912f,-0.22228102401263705f,0f,0f,0f,1f], start_interpolation: 0, interpolation_duration: 1 }
$data merge entity $(bone_body) { transformation: [-1f,-1.0673500138322974e-17f,1.2199866483456202e-16f,0f,0f,0.9961946980917455f,0.08715574274765818f,-0.625f,-1.2246467991473532e-16f,0.08715574274765818f,-0.9961946980917455f,0f,0f,0f,0f,1f], start_interpolation: 0, interpolation_duration: 1 }
$data merge entity $(block_display_block_display) { transformation: [-0.3f,4.79545450521535e-18f,3.6425093280375847e-17f,0.14999999999999977f,0f,0.2974334584121431f,-0.03915785766601547f,0.04087668472602224f,-3.6739403974420595e-17f,-0.03915785766601547f,-0.2974334584121431f,0.27830111865819723f,0f,0f,0f,1f], start_interpolation: 0, interpolation_duration: 1 }
$data merge entity $(block_display_block_display1) { transformation: [-0.15f,2.397727252607675e-18f,1.8212546640187923e-17f,0.07499999999999976f,0f,0.14871672920607154f,-0.019578928833007735f,0.05311351524665209f,-1.8369701987210297e-17f,-0.019578928833007735f,-0.14871672920607154f,0.37124907441199173f,0f,0f,0f,1f], start_interpolation: 0, interpolation_duration: 1 }
$data merge entity $(block_display_block_display2) { transformation: [-0.15f,2.397727252607675e-18f,1.8212546640187923e-17f,0.0749999999999998f,0f,0.14871672920607154f,-0.019578928833007735f,0.008245136671009345f,-1.8369701987210297e-17f,-0.019578928833007735f,-0.14871672920607154f,0.0304399033147444f,0f,0f,0f,1f], start_interpolation: 0, interpolation_duration: 1 }
$data merge entity $(bone_upper) { transformation: [-1f,1.5984848350717833e-17f,1.2141697760125282e-16f,-6.888638245203862e-18f,0f,0.9914448613738104f,-0.13052619222005157f,-0.61875f,-1.2246467991473532e-16f,-0.13052619222005157f,-0.9914448613738104f,0.05625f,0f,0f,0f,1f], start_interpolation: 0, interpolation_duration: 1 }
$data merge entity $(bone_lower) { transformation: [-1f,-1.0673500138322974e-17f,1.2199866483456202e-16f,5.35782974626967e-18f,0f,0.9961946980917455f,0.08715574274765818f,-0.625f,-1.2246467991473532e-16f,0.08715574274765818f,-0.9961946980917455f,-0.04375f,0f,0f,0f,1f], start_interpolation: 0, interpolation_duration: 1 }
$data merge entity $(bone_front_left) { transformation: [-1f,-8.659560562354934e-17f,8.659560562354932e-17f,1.1481063742006436e-17f,0f,0.7071067811865475f,0.7071067811865476f,-0.53125f,-1.2246467991473532e-16f,0.7071067811865476f,-0.7071067811865475f,-0.09375f,0f,0f,0f,1f], start_interpolation: 0, interpolation_duration: 1 }
$data merge entity $(bone_back_left) { transformation: [-1f,-4.6865204053262974e-17f,1.1314261122877003e-16f,7.654042494670958e-18f,0f,0.9238795325112867f,0.3826834323650897f,-0.71875f,-1.2246467991473532e-16f,0.3826834323650897f,-0.9238795325112867f,-0.0625f,0f,0f,0f,1f], start_interpolation: 0, interpolation_duration: 1 }
$data merge entity $(bone_front_right) { transformation: [-1f,8.659560562354934e-17f,8.659560562354932e-17f,-1.1481063742006436e-17f,0f,0.7071067811865475f,-0.7071067811865476f,-0.625f,-1.2246467991473532e-16f,-0.7071067811865476f,-0.7071067811865475f,0.09375f,0f,0f,0f,1f], start_interpolation: 0, interpolation_duration: 1 }
$data merge entity $(bone_back_right) { transformation: [-1f,-4.6865204053262974e-17f,1.1314261122877003e-16f,7.654042494670958e-18f,0f,0.9238795325112867f,0.3826834323650897f,-0.71875f,-1.2246467991473532e-16f,0.3826834323650897f,-0.9238795325112867f,-0.0625f,0f,0f,0f,1f], start_interpolation: 0, interpolation_duration: 1 }