# This file was generated by Animated Java via MC-Build. It is not recommended to edit this file directly.
$data merge entity $(block_display_block_display3) { transformation: [-0.4f,3.309437541167257e-17f,3.611617322433614e-17f,0.19999999999999987f,0f,0.2949109347240496f,-0.2702360830462642f,-0.16397821110476285f,-4.898587196589413e-17f,-0.2702360830462642f,-0.2949109347240496f,-0.24262143385083645f,0f,0f,0f,1f], start_interpolation: 0, interpolation_duration: 1 }
$data merge entity $(bone_body) { transformation: [-1f,-5.341834311772726e-18f,1.223481206754078e-16f,0f,0f,0.9990482215818578f,0.04361938736533603f,-0.625f,-1.2246467991473532e-16f,0.04361938736533603f,-0.9990482215818578f,0f,0f,0f,0f,1f], start_interpolation: 0, interpolation_duration: 1 }
$data merge entity $(block_display_block_display) { transformation: [-0.3f,2.4028719859774635e-18f,3.6660742090343407e-17f,0.14999999999999977f,0f,0.29935767697158105f,-0.01962093876904293f,0.02181653535085859f,-3.6739403974420595e-17f,-0.01962093876904293f,-0.29935767697158105f,0.29284233947298294f,0f,0f,0f,1f], start_interpolation: 0, interpolation_duration: 1 }
$data merge entity $(block_display_block_display1) { transformation: [-0.15f,1.2014359929887317e-18f,1.8330371045171703e-17f,0.07499999999999973f,0f,0.14967883848579053f,-0.009810469384521465f,0.027948078716184432f,-1.8369701987210297e-17f,-0.009810469384521465f,-0.14967883848579053f,0.3863916135266018f,0f,0f,0f,1f], start_interpolation: 0, interpolation_duration: 1 }
$data merge entity $(block_display_block_display2) { transformation: [-0.15f,1.2014359929887317e-18f,1.8330371045171703e-17f,0.07499999999999979f,0f,0.14967883848579053f,-0.009810469384521465f,0.005465753043322752f,-1.8369701987210297e-17f,-0.009810469384521465f,-0.14967883848579053f,0.04337760866333181f,0f,0f,0f,1f], start_interpolation: 0, interpolation_duration: 1 }
$data merge entity $(bone_upper) { transformation: [-1f,8.009573286591545e-18f,1.2220247363447802e-16f,-3.4443191226019333e-18f,0f,0.9978589232386035f,-0.0654031292301431f,-0.621875f,-1.2246467991473532e-16f,-0.0654031292301431f,-0.9978589232386035f,0.028125000000000018f,0f,0f,0f,1f], start_interpolation: 0, interpolation_duration: 1 }
$data merge entity $(bone_lower) { transformation: [-1f,-5.341834311772726e-18f,1.223481206754078e-16f,2.678914873134836e-18f,0f,0.9990482215818578f,0.04361938736533603f,-0.625f,-1.2246467991473532e-16f,0.04361938736533603f,-0.9990482215818578f,-0.02187500000000001f,0f,0f,0f,1f], start_interpolation: 0, interpolation_duration: 1 }
$data merge entity $(bone_front_left) { transformation: [-1f,-4.686520405326301e-17f,1.1314261122877003e-16f,5.740531871003222e-18f,0f,0.9238795325112866f,0.38268343236509f,-0.578125f,-1.2246467991473532e-16f,0.38268343236509f,-0.9238795325112866f,-0.04687500000000003f,0f,0f,0f,1f], start_interpolation: 0, interpolation_duration: 1 }
$data merge entity $(bone_back_left) { transformation: [-1f,-2.3891673840167808e-17f,1.2011155542966555e-16f,3.82702124733548e-18f,0f,0.9807852804032304f,0.19509032201612841f,-0.671875f,-1.2246467991473532e-16f,0.19509032201612841f,-0.9807852804032304f,-0.031250000000000014f,0f,0f,0f,1f], start_interpolation: 0, interpolation_duration: 1 }
$data merge entity $(bone_front_right) { transformation: [-1f,4.686520405326301e-17f,1.1314261122877003e-16f,-5.740531871003222e-18f,0f,0.9238795325112866f,-0.38268343236509f,-0.625f,-1.2246467991473532e-16f,-0.38268343236509f,-0.9238795325112866f,0.04687500000000003f,0f,0f,0f,1f], start_interpolation: 0, interpolation_duration: 1 }
$data merge entity $(bone_back_right) { transformation: [-1f,-2.3891673840167808e-17f,1.2011155542966555e-16f,3.82702124733548e-18f,0f,0.9807852804032304f,0.19509032201612841f,-0.671875f,-1.2246467991473532e-16f,0.19509032201612841f,-0.9807852804032304f,-0.031250000000000014f,0f,0f,0f,1f], start_interpolation: 0, interpolation_duration: 1 }