# This file was generated by Animated Java via MC-Build. It is not recommended to edit this file directly.
$data merge entity $(block_display_block_display3) { transformation: [-0.4f,3.229862967974008e-17f,3.682952854802768e-17f,0.19999999999999987f,0f,0.30073592299159096f,-0.26373832604002756f,-0.15879516311971548f,-4.898587196589413e-17f,-0.26373832604002756f,-0.30073592299159096f,-0.23250655919656904f,0f,0f,0f,1f], start_interpolation: 0, interpolation_duration: 1 }
$data merge entity $(bone_body) { transformation: [-1f,-8.00957328659154e-18f,1.2220247363447802e-16f,0f,0f,0.9978589232386035f,0.06540312923014306f,-0.625f,-1.2246467991473532e-16f,0.06540312923014306f,-0.9978589232386035f,0f,0f,0f,0f,1f], start_interpolation: 0, interpolation_duration: 1 }
$data merge entity $(block_display_block_display) { transformation: [-0.3f,3.6010913149852e-18f,3.656249370238318e-17f,0.14999999999999977f,0f,0.2985554180016591f,-0.02940514209886818f,0.03169570339605099f,-3.6739403974420595e-17f,-0.02940514209886818f,-0.2985554180016591f,0.285702109837385f,0f,0f,0f,1f], start_interpolation: 0, interpolation_duration: 1 }
$data merge entity $(block_display_block_display1) { transformation: [-0.15f,1.8005456574926e-18f,1.828124685119159e-17f,0.07499999999999975f,0f,0.14927770900082954f,-0.01470257104943409f,0.04088481030194724f,-1.8369701987210297e-17f,-0.01470257104943409f,-0.14927770900082954f,0.37900067796290315f,0f,0f,0f,1f], start_interpolation: 0, interpolation_duration: 1 }
$data merge entity $(block_display_block_display2) { transformation: [-0.15f,1.8005456574926e-18f,1.828124685119159e-17f,0.0749999999999998f,0f,0.14927770900082954f,-0.01470257104943409f,0.00719141831366088f,-1.8369701987210297e-17f,-0.01470257104943409f,-0.14927770900082954f,0.036905928169335495f,0f,0f,0f,1f], start_interpolation: 0, interpolation_duration: 1 }
$data merge entity $(bone_upper) { transformation: [-1f,1.2003637716617333e-17f,1.2187497900794394e-16f,-5.1664786839028965e-18f,0f,0.9951847266721969f,-0.0980171403295606f,-0.6203125f,-1.2246467991473532e-16f,-0.0980171403295606f,-0.9951847266721969f,0.0421875f,0f,0f,0f,1f], start_interpolation: 0, interpolation_duration: 1 }
$data merge entity $(bone_lower) { transformation: [-1f,-8.00957328659154e-18f,1.2220247363447802e-16f,4.018372309702253e-18f,0f,0.9978589232386035f,0.06540312923014306f,-0.625f,-1.2246467991473532e-16f,0.06540312923014306f,-0.9978589232386035f,-0.0328125f,0f,0f,0f,1f], start_interpolation: 0, interpolation_duration: 1 }
$data merge entity $(bone_front_left) { transformation: [-1f,6.80377307569005e-17f,1.0182565992946029e-16f,-1.1481063742006436e-17f,0f,0.8314696123025453f,-0.5555702330196022f,-0.6484375f,-1.2246467991473532e-16f,-0.5555702330196022f,-0.8314696123025453f,0.09375f,0f,0f,0f,1f], start_interpolation: 0, interpolation_duration: 1 }
$data merge entity $(bone_back_left) { transformation: [-1f,-3.5549620084119986e-17f,1.1719139191294432e-16f,5.740531871003218e-18f,0f,0.9569403357322088f,0.2902846772544624f,-0.6953125f,-1.2246467991473532e-16f,0.2902846772544624f,-0.9569403357322088f,-0.046875f,0f,0f,0f,1f], start_interpolation: 0, interpolation_duration: 1 }
$data merge entity $(bone_front_right) { transformation: [-1f,-6.80377307569005e-17f,1.0182565992946029e-16f,5.740531871003218e-18f,0f,0.8314696123025453f,0.5555702330196022f,-0.5546875f,-1.2246467991473532e-16f,0.5555702330196022f,-0.8314696123025453f,-0.046875f,0f,0f,0f,1f], start_interpolation: 0, interpolation_duration: 1 }
$data merge entity $(bone_back_right) { transformation: [-1f,-3.5549620084119986e-17f,1.1719139191294432e-16f,5.740531871003218e-18f,0f,0.9569403357322088f,0.2902846772544624f,-0.6953125f,-1.2246467991473532e-16f,0.2902846772544624f,-0.9569403357322088f,-0.046875f,0f,0f,0f,1f], start_interpolation: 0, interpolation_duration: 1 }