# This file was generated by Animated Java via MC-Build. It is not recommended to edit this file directly.
$data merge entity $(block_display_block_display3) { transformation: [-0.4f,3.3874370013294455e-17f,3.538562855823519e-17f,0.19999999999999987f,0f,0.28894558482390226f,-0.27660522231290785f,-0.16938068049246818f,-4.898587196589413e-17f,-0.27660522231290785f,-0.28894558482390226f,-0.25262083384292366f,0f,0f,0f,1f], start_interpolation: 0, interpolation_duration: 1 }
$data merge entity $(bone_body) { transformation: [-1f,-2.6715529131342794e-18f,1.22435536637248e-16f,0f,0f,0.9997620270799091f,0.021814885034561138f,-0.625f,-1.2246467991473532e-16f,0.021814885034561138f,-0.9997620270799091f,0f,0f,0f,0f,1f], start_interpolation: 0, interpolation_duration: 1 }
$data merge entity $(block_display_block_display) { transformation: [-0.3f,1.2020796014617602e-18f,3.671973323742183e-17f,0.14999999999999977f,0f,0.2998393762429097f,-0.00981572484653285f,0.011248086286897552f,-3.6739403974420595e-17f,-0.00981572484653285f,-0.2998393762429097f,0.29969910315102694f,0f,0f,0f,1f], start_interpolation: 0, interpolation_duration: 1 }
$data merge entity $(block_display_block_display1) { transformation: [-0.15f,6.010398007308801e-19f,1.8359866618710916e-17f,0.07499999999999973f,0f,0.14991968812145484f,-0.004907862423266425f,0.014315500301439021f,-1.8369701987210297e-17f,-0.004907862423266425f,-0.14991968812145484f,0.393398908226936f,0f,0f,0f,1f], start_interpolation: 0, interpolation_duration: 1 }
$data merge entity $(block_display_block_display2) { transformation: [-0.15f,6.010398007308801e-19f,1.8359866618710916e-17f,0.07499999999999979f,0f,0.14991968812145484f,-0.004907862423266425f,0.0030683155814534846f,-1.8369701987210297e-17f,-0.004907862423266425f,-0.14991968812145484f,0.04983295628193527f,0f,0f,0f,1f], start_interpolation: 0, interpolation_duration: 1 }
$data merge entity $(bone_upper) { transformation: [-1f,4.006932004872534e-18f,1.223991107914061e-16f,-1.722159561300967e-18f,0f,0.9994645874763657f,-0.03271908282177617f,-0.6234375f,-1.2246467991473532e-16f,-0.03271908282177617f,-0.9994645874763657f,0.014062500000000012f,0f,0f,0f,1f], start_interpolation: 0, interpolation_duration: 1 }
$data merge entity $(bone_lower) { transformation: [-1f,-2.6715529131342794e-18f,1.22435536637248e-16f,1.3394574365674188e-18f,0f,0.9997620270799091f,0.021814885034561138f,-0.625f,-1.2246467991473532e-16f,0.021814885034561138f,-0.9997620270799091f,-0.01093750000000001f,0f,0f,0f,1f], start_interpolation: 0, interpolation_duration: 1 }
$data merge entity $(bone_front_left) { transformation: [-1f,2.3891673840167808e-17f,1.2011155542966555e-16f,-3.827021247335482e-18f,0f,0.9807852804032304f,-0.19509032201612841f,-0.6328125f,-1.2246467991473532e-16f,-0.19509032201612841f,-0.9807852804032304f,0.03125000000000003f,0f,0f,0f,1f], start_interpolation: 0, interpolation_duration: 1 }
$data merge entity $(bone_back_left) { transformation: [-1f,-1.2003637716617343e-17f,1.2187497900794394e-16f,1.913510623667741e-18f,0f,0.9951847266721969f,0.09801714032956067f,-0.6484375f,-1.2246467991473532e-16f,0.09801714032956067f,-0.9951847266721969f,-0.015625000000000014f,0f,0f,0f,1f], start_interpolation: 0, interpolation_duration: 1 }
$data merge entity $(bone_front_right) { transformation: [-1f,-2.3891673840167808e-17f,1.2011155542966555e-16f,1.913510623667741e-18f,0f,0.9807852804032304f,0.19509032201612841f,-0.6015625f,-1.2246467991473532e-16f,0.19509032201612841f,-0.9807852804032304f,-0.015625000000000014f,0f,0f,0f,1f], start_interpolation: 0, interpolation_duration: 1 }
$data merge entity $(bone_back_right) { transformation: [-1f,-1.2003637716617343e-17f,1.2187497900794394e-16f,1.913510623667741e-18f,0f,0.9951847266721969f,0.09801714032956067f,-0.6484375f,-1.2246467991473532e-16f,0.09801714032956067f,-0.9951847266721969f,-0.015625000000000014f,0f,0f,0f,1f], start_interpolation: 0, interpolation_duration: 1 }