# This file was generated by Animated Java via MC-Build. It is not recommended to edit this file directly.
$data merge entity $(bone_body) { transformation: [-0.9997455457320586f,-0.00189951421290218f,-0.02247744724525304f,0f,-1.0842021724855044e-19f,0.9964482486013823f,-0.0842074097644491f,-0.071875f,0.02255756611224161f,-0.08418598282964226f,-0.996194698091743f,0f,0f,0f,0f,1f], start_interpolation: 0, interpolation_duration: 1 }
$data merge entity $(bone_wing_1) { transformation: [-0.7540929360016366f,0.6070995411192146f,0.25054738283460576f,0.024975830697555507f,0.5412162178062542f,0.7905355464552577f,-0.2865982473327081f,-0.06253329766936204f,-0.37206027664334806f,-0.08052140686504414f,-0.9247093887165575f,-0.001353182741833936f,0f,0f,0f,1f], start_interpolation: 0, interpolation_duration: 1 }
$data merge entity $(bone_wing_2) { transformation: [-0.7365442275663812f,-0.6101135130106878f,-0.29200017479515294f,-0.025011446589047425f,-0.5412162178062542f,0.7905355464552577f,-0.2865982473327081f,-0.06253329766936204f,0.40569398124958167f,-0.05305705450215036f,-0.9124677213717863f,-0.00022530443622185547f,0f,0f,0f,1f], start_interpolation: 0, interpolation_duration: 1 }