# This file was generated by Animated Java via MC-Build. It is not recommended to edit this file directly.
$data merge entity $(bone_body) { transformation: [-0.9997595951159435f,-0.0017413555037847147f,-0.02185679881899813f,0f,1.0842021724855044e-19f,0.9968412863110833f,-0.07941945546064223f,-0.073625f,0.021926056955246638f,-0.07940036263566037f,-0.9966016407972249f,0f,0f,0f,0f,1f], start_interpolation: 0, interpolation_duration: 1 }
$data merge entity $(bone_wing_1) { transformation: [-0.7807448825537414f,0.5757270414632146f,0.2428493403206166f,0.024977664670050605f,0.5191231199993697f,0.8139615932456835f,-0.2607253555047311f,-0.06427961294083359f,-0.34777667352521596f,-0.07749127982529654f,-0.9343695665542479f,-0.0012925298235904816f,0f,0f,0f,1f], start_interpolation: 0, interpolation_duration: 1 }
$data merge entity $(bone_wing_2) { transformation: [-0.7647471173174972f,-0.5785708171368987f,-0.2835800700192442f,-0.02501031508574657f,-0.5191231199993697f,0.8139615932456835f,-0.2607253555047311f,-0.06427961294083359f,0.38167136758826714f,-0.05217599331579305f,-0.9228242697744854f,-0.0001962269758281496f,0f,0f,0f,1f], start_interpolation: 0, interpolation_duration: 1 }