# This file was generated by Animated Java via MC-Build. It is not recommended to edit this file directly.
$data merge entity $(bone_body) { transformation: [-0.9997957183340681f,-0.0013423675852883244f,-0.02016729159135453f,0f,0f,0.9977921091762153f,-0.06641465851511792f,-0.078375f,0.020211917298088078f,-0.06640109121803416f,-0.997588278541899f,0f,0f,0f,0f,1f], start_interpolation: 0, interpolation_duration: 1 }
$data merge entity $(bone_wing_1) { transformation: [-0.8468869762913053f,0.48628331277554876f,0.21519988174766314f,0.024982308262239628f,0.450765586195529f,0.8711646267117418f,-0.19463447656567148f,-0.06902069897647299f,-0.2821220226958035f,-0.06782870249554851f,-0.9569777591082245f,-0.0011278081626212718f,0f,0f,0f,1f], start_interpolation: 0, interpolation_duration: 1 }
$data merge entity $(bone_wing_2) { transformation: [-0.8347929087841576f,-0.4886273344321504f,-0.2537008622165415f,-0.025007477654463782f,-0.450765586195529f,0.8711646267117418f,-0.19463447656567148f,-0.06902069897647299f,0.31611894240220123f,-0.04811986296658842f,-0.9474984395990268f,-0.00011721229771686787f,0f,0f,0f,1f], start_interpolation: 0, interpolation_duration: 1 }