# This file was generated by Animated Java via MC-Build. It is not recommended to edit this file directly.
$data merge entity $(bone_body) { transformation: [-0.9998435956014075f,-0.0008352916331000915f,-0.017665973585874854f,0f,0f,0.9988840527532137f,-0.04722974862642141f,-0.085375f,0.017685709905150965f,-0.047222361685991816f,-0.9987278228936792f,0f,0f,0f,0f,1f], start_interpolation: 0, interpolation_duration: 1 }
$data merge entity $(bone_wing_1) { transformation: [-0.9251455844650844f,0.3447879017862383f,0.15882994153055857f,0.024988259030974874f,0.33023615443809723f,0.9373252596423322f,-0.11119999972289399f,-0.07601046200543864f,-0.18721573076719417f,-0.05042479963547449f,-0.9810237559483602f,-0.0008848523884349472f,0f,0f,0f,1f], start_interpolation: 0, interpolation_duration: 1 }
$data merge entity $(bone_wing_2) { transformation: [-0.9179457918878853f,-0.34635553107156847f,-0.19342535834645636f,-0.0250039207490955f,-0.33023615443809723f,0.9373252596423322f,-0.11119999972289399f,-0.07601046200543864f,0.21981720919268458f,-0.038199525292419885f,-0.974792896368338f,-5.668931773988167e-7f,0f,0f,0f,1f], start_interpolation: 0, interpolation_duration: 1 }