# This file was generated by Animated Java via MC-Build. It is not recommended to edit this file directly.
$data merge entity $(bone_body) { transformation: [-0.9998931510063535f,-0.0003495318433637601f,-0.014613842686857174f,0f,0f,0.9997140906496397f,-0.023911021654540746f,-0.09387499999999999f,0.01461802211606393f,-0.023908466785939893f,-0.9996072722051195f,0f,0f,0f,0f,1f], start_interpolation: 0, interpolation_duration: 1 }
$data merge entity $(bone_wing_1) { transformation: [-0.9841628482971461f,0.16193049813045862f,0.07212490420701029f,0.024994051914127305f,0.1595184163014467f,0.9864605362232318f,-0.038072107045081696f,-0.08450268040015962f,-0.07731340693778281f,-0.025963902815165606f,-0.9966687076748609f,-0.0005895924290197847f,0f,0f,0f,1f], start_interpolation: 0, interpolation_duration: 1 }
$data merge entity $(bone_wing_2) { transformation: [-0.9814821468591357f,-0.16262029408883638f,-0.10122961694702873f,-0.025000605636190373f,-0.1595184163014467f,0.9864605362232318f,-0.038072107045081696f,-0.08450268040015962f,0.10605031945949117f,-0.021219105179865493f,-0.9941343366557186f,0.0001413086767834119f,0f,0f,0f,1f], start_interpolation: 0, interpolation_duration: 1 }