# This file was generated by Animated Java via MC-Build. It is not recommended to edit this file directly.
$data merge entity $(bone_body) { transformation: [-0.999936384409543f,0.000016689235434841414f,-0.01127948826144499f,0f,1.6940658945086007e-21f,0.9999989053799958f,0.0014796076541448014f,-0.103125f,0.011279500608211994f,0.0014795135280302382f,-0.9999352898591737f,0f,0f,0f,0f,1f], start_interpolation: 0, interpolation_duration: 1 }
$data merge entity $(bone_wing_1) { transformation: [-0.9985016023024393f,-0.04359993914127264f,-0.03306955558120555f,0.02499856607182078f,-0.04364123686793195f,0.9990471280036893f,0.0005277046685257304f,-0.09375001026206253f,0.03301503663632949f,0.0019701102653020518f,-0.9994529133588258f,-0.00026811707588001636f,0f,0f,0f,1f], start_interpolation: 0, interpolation_duration: 1 }
$data merge entity $(bone_wing_2) { transformation: [-0.9989922681798094f,0.043633285843234115f,0.01051591572248492f,-0.024998253148656377f,0.04364123686793195f,0.9990471280036893f,0.0005277046685257304f,-0.09375001026206253f,-0.010482869912234804f,0.0009861004526677678f,-0.9999445669857407f,0.00029585795453058333f,0f,0f,0f,1f], start_interpolation: 0, interpolation_duration: 1 }