# This file was generated by Animated Java via MC-Build. It is not recommended to edit this file directly.
$data merge entity $(bone_body) { transformation: [-0.9999684709269079f,0.0002133650359285985f,-0.007937986360736069f,0f,0f,0.999638955640003f,0.026869282963340627f,-0.112375f,0.00794085336105564f,0.026868435799754144f,-0.9996074379503049f,0f,0f,0f,0f,1f], start_interpolation: 0, interpolation_duration: 1 }
$data merge entity $(bone_wing_1) { transformation: [-0.9594464479104217f,-0.24746092686507526f,-0.1350022343042975f,0.02500121207038453f,-0.24897101962295817f,0.9684932621151717f,-0.005850865356325747f,-0.10300338479087498f,0.13219661485824494f,0.02799805194278958f,-0.9908280194400186f,0.00005337025159630394f,0f,0f,0f,1f], start_interpolation: 0, interpolation_duration: 1 }
$data merge entity $(bone_wing_2) { transformation: [-0.9614248896605204f,0.2478743613325936f,0.1192496647174114f,-0.02499721147596087f,0.24897101962295817f,0.9684932621151717f,-0.005850865356325747f,-0.10300338479087498f,-0.1169427763017485f,0.024064543034765788f,-0.9928470601454019f,0.0004504129196490859f,0f,0f,0f,1f], start_interpolation: 0, interpolation_duration: 1 }