# This file was generated by Animated Java via MC-Build. It is not recommended to edit this file directly.
$data merge entity $(bone_body) { transformation: [-0.9999881277016602f,0.00024454508913687305f,-0.004866688137466474f,0f,-2.710505431213761e-20f,0.9987399163195888f,0.050185451576536214f,-0.12087499999999998f,0.004872828308895959f,0.05018485575988278f,-0.9987280589813384f,0f,0f,0f,0f,1f], start_interpolation: 0, interpolation_duration: 1 }
$data merge entity $(bone_wing_1) { transformation: [-0.8793108882182082f,-0.4258688164617661f,-0.21318563044060954f,0.025001995802752166f,-0.4256722426734951f,0.9035384018803314f,-0.0492087202115022f,-0.11151181328450384f,0.21357786326822992f,0.04747744193815992f,-0.9757716888846416f,0.0003486623150265018f,0f,0f,0f,1f], start_interpolation: 0, interpolation_duration: 1 }
$data merge entity $(bone_wing_2) { transformation: [-0.8813505625061965f,0.426311285768171f,0.20366608356989555f,-0.02499741058233085f,0.4256722426734951f,0.9035384018803314f,-0.0492087202115022f,-0.11151181328450384f,-0.20499836045034117f,0.043324865311107436f,-0.9778029598331385f,0.0005923037304712997f,0f,0f,0f,1f], start_interpolation: 0, interpolation_duration: 1 }