# This file was generated by Animated Java via MC-Build. It is not recommended to edit this file directly.
$data merge entity $(bone_body) { transformation: [-0.9999972477071754f,0.00016274783482070362f,-0.0023405322506808296f,0f,-1.3552527156068805e-20f,0.997591205306754f,0.06936704617192227f,-0.12787499999999996f,0.002346183725588407f,0.06936685525349881f,-0.9975884596436377f,0f,0f,0f,0f,1f], start_interpolation: 0, interpolation_duration: 1 }
$data merge entity $(bone_wing_1) { transformation: [-0.7857875920626833f,-0.5616584543102786f,-0.2589935150966501f,0.02500145695363083f,-0.554296792857559f,0.8252839882019948f,-0.10798798194815114f,-0.11852258245024914f,0.2743955640825017f,0.058703658482232676f,-0.9598233977626546f,0.0005916596748618408f,0f,0f,0f,1f], start_interpolation: 0, interpolation_duration: 1 }
$data merge entity $(bone_wing_2) { transformation: [-0.7870665024742756f,0.5619277293028359f,0.25448683212195927f,-0.024998405431727943f,0.554296792857559f,0.8252839882019948f,-0.10798798194815114f,-0.11852258245024914f,-0.2707053492466222f,0.05606751160849548f,-0.9610281203124575f,0.0007089688611412612f,0f,0f,0f,1f], start_interpolation: 0, interpolation_duration: 1 }