# This file was generated by Animated Java via MC-Build. It is not recommended to edit this file directly.
$data merge entity $(bone_body) { transformation: [-0.9999998004993997f,0.00005202962885984615f,-0.0006295189262255012f,0f,-3.3881317890172014e-21f,0.9966019026527017f,0.08236897248973624f,-0.132625f,0.000631665386700428f,0.08236895605707678f,-0.9966017038300239f,0f,0f,0f,0f,1f], start_interpolation: 0, interpolation_duration: 1 }
$data merge entity $(bone_wing_1) { transformation: [-0.710745934875672f,-0.6462173452339643f,-0.27792689466202153f,0.025000482790255556f,-0.6299592908284855f,0.7605265332618835f,-0.15732350143425083f,-0.12328185716263092f,0.31303595313730137f,0.0632655903586496f,-0.947631762405626f,0.0007564173283675837f,0f,0f,0f,1f], start_interpolation: 0, interpolation_duration: 1 }
$data merge entity $(bone_wing_2) { transformation: [-0.711140835572649f,0.6462967549022749f,0.27672950074725194f,-0.024999507234714436f,0.6299592908284855f,0.7605265332618835f,-0.15732350143425083f,-0.12328185716263092f,-0.3121377963014191f,0.06244915377689171f,-0.9479821197220146f,0.0007880005977026051f,0f,0f,0f,1f], start_interpolation: 0, interpolation_duration: 1 }