# This file was generated by Animated Java via MC-Build. It is not recommended to edit this file directly.
$data merge entity $(bone_body) { transformation: [-0.9999972477071754f,0.00016274783482070346f,-0.002340532250680825f,0f,-1.3552527156068805e-20f,0.997591205306754f,0.06936704617192235f,-0.127875f,0.0023461837255884022f,0.0693668552534989f,-0.9975884596436377f,0f,0f,0f,0f,1f], start_interpolation: 0, interpolation_duration: 1 }
$data merge entity $(bone_wing_1) { transformation: [-0.7857875920626829f,-0.5616584543102792f,-0.25899351509665003f,0.02500145695363083f,-0.5542967928575595f,0.8252839882019943f,-0.1079879819481513f,-0.11852258245024917f,0.2743955640825018f,0.05870365848223272f,-0.9598233977626546f,0.0005916596748618417f,0f,0f,0f,1f], start_interpolation: 0, interpolation_duration: 1 }
$data merge entity $(bone_wing_2) { transformation: [-0.7870665024742751f,0.5619277293028364f,0.2544868321219592f,-0.024998405431727943f,0.5542967928575595f,0.8252839882019943f,-0.1079879819481513f,-0.11852258245024917f,-0.2707053492466223f,0.05606751160849552f,-0.9610281203124575f,0.0007089688611412618f,0f,0f,0f,1f], start_interpolation: 0, interpolation_duration: 1 }