# This file was generated by Animated Java via MC-Build. It is not recommended to edit this file directly.
$data merge entity $(bone_body) { transformation: [-0.9999881277016602f,0.00024454508913687327f,-0.0048666881374664775f,0f,0f,0.9987399163195887f,0.05018545157653623f,-0.120875f,0.004872828308895963f,0.050184855759882796f,-0.9987280589813384f,0f,0f,0f,0f,1f], start_interpolation: 0, interpolation_duration: 1 }
$data merge entity $(bone_wing_1) { transformation: [-0.8793108882182082f,-0.4258688164617662f,-0.21318563044060945f,0.025001995802752166f,-0.4256722426734952f,0.9035384018803313f,-0.04920872021150217f,-0.11151181328450385f,0.21357786326822983f,0.04747744193815994f,-0.9757716888846417f,0.00034866231502650186f,0f,0f,0f,1f], start_interpolation: 0, interpolation_duration: 1 }
$data merge entity $(bone_wing_2) { transformation: [-0.8813505625061965f,0.4263112857681711f,0.20366608356989546f,-0.02499741058233085f,0.4256722426734952f,0.9035384018803313f,-0.04920872021150217f,-0.11151181328450385f,-0.20499836045034106f,0.043324865311107456f,-0.9778029598331386f,0.0005923037304713f,0f,0f,0f,1f], start_interpolation: 0, interpolation_duration: 1 }