# This file was generated by Animated Java via MC-Build. It is not recommended to edit this file directly.
$data merge entity $(bone_body) { transformation: [-0.9998435956014075f,-0.0008352916331000913f,-0.017665973585874857f,0f,0f,0.9988840527532137f,-0.04722974862642139f,-0.085375f,0.01768570990515097f,-0.047222361685991796f,-0.9987278228936792f,0f,0f,0f,0f,1f], start_interpolation: 0, interpolation_duration: 1 }
$data merge entity $(bone_wing_1) { transformation: [-0.9251455844650845f,0.34478790178623814f,0.15882994153055865f,0.024988259030974874f,0.33023615443809706f,0.9373252596423323f,-0.11119999972289396f,-0.07601046200543864f,-0.18721573076719422f,-0.05042479963547448f,-0.9810237559483602f,-0.0008848523884349471f,0f,0f,0f,1f], start_interpolation: 0, interpolation_duration: 1 }
$data merge entity $(bone_wing_2) { transformation: [-0.9179457918878854f,-0.3463555310715683f,-0.19342535834645644f,-0.0250039207490955f,-0.33023615443809706f,0.9373252596423323f,-0.11119999972289396f,-0.07601046200543864f,0.21981720919268466f,-0.03819952529241987f,-0.974792896368338f,-5.668931773985999e-7f,0f,0f,0f,1f], start_interpolation: 0, interpolation_duration: 1 }