# This file was generated by Animated Java via MC-Build. It is not recommended to edit this file directly.
$data merge entity $(bone_body) { transformation: [-0.9997957183340681f,-0.001342367585288323f,-0.020167291591354528f,0f,0f,0.9977921091762153f,-0.06641465851511785f,-0.07837500000000001f,0.020211917298088074f,-0.06640109121803409f,-0.997588278541899f,0f,0f,0f,0f,1f], start_interpolation: 0, interpolation_duration: 1 }
$data merge entity $(bone_wing_1) { transformation: [-0.8468869762913056f,0.48628331277554804f,0.21519988174766308f,0.024982308262239628f,0.4507655861955284f,0.8711646267117421f,-0.19463447656567118f,-0.069020698976473f,-0.2821220226958033f,-0.06782870249554844f,-0.9569777591082245f,-0.0011278081626212712f,0f,0f,0f,1f], start_interpolation: 0, interpolation_duration: 1 }
$data merge entity $(bone_wing_2) { transformation: [-0.8347929087841579f,-0.4886273344321497f,-0.2537008622165414f,-0.025007477654463782f,-0.4507655861955284f,0.8711646267117421f,-0.19463447656567118f,-0.069020698976473f,0.31611894240220095f,-0.04811986296658838f,-0.9474984395990268f,-0.00011721229771686733f,0f,0f,0f,1f], start_interpolation: 0, interpolation_duration: 1 }