# This file was generated by Animated Java via MC-Build. It is not recommended to edit this file directly.
$data merge entity $(bone_body) { transformation: [-0.9997595951159435f,-0.0017413555037847155f,-0.02185679881899813f,0f,1.0842021724855044e-19f,0.9968412863110833f,-0.07941945546064227f,-0.07362499999999998f,0.021926056955246638f,-0.07940036263566042f,-0.9966016407972249f,0f,0f,0f,0f,1f], start_interpolation: 0, interpolation_duration: 1 }
$data merge entity $(bone_wing_1) { transformation: [-0.7807448825537414f,0.5757270414632145f,0.24284934032061656f,0.024977664670050605f,0.5191231199993696f,0.8139615932456836f,-0.2607253555047311f,-0.06427961294083358f,-0.3477766735252159f,-0.07749127982529656f,-0.9343695665542479f,-0.001292529823590482f,0f,0f,0f,1f], start_interpolation: 0, interpolation_duration: 1 }
$data merge entity $(bone_wing_2) { transformation: [-0.7647471173174972f,-0.5785708171368986f,-0.2835800700192441f,-0.02501031508574657f,-0.5191231199993696f,0.8139615932456836f,-0.2607253555047311f,-0.06427961294083358f,0.3816713675882671f,-0.052175993315793076f,-0.9228242697744854f,-0.00019622697582815003f,0f,0f,0f,1f], start_interpolation: 0, interpolation_duration: 1 }