# This file was generated by Animated Java via MC-Build. It is not recommended to edit this file directly.
$data merge entity $(block_display_block_display3) {transformation: [-0.4f,0f,0f,0.2f,0f,0.2766f,-0.2889f,-0.1744f,0f,-0.2889f,-0.2766f,-0.2629f,0f,0f,0f,1f],start_interpolation: 0,interpolation_duration: 1}
$data merge entity $(bone_body) {transformation: [-1f,0f,0f,0f,0f,0.9998f,0.0218f,-0.6354f,0f,0.0218f,-0.9998f,0f,0f,0f,0f,1f],start_interpolation: 0,interpolation_duration: 1}
$data merge entity $(block_display_block_display) {transformation: [-0.3f,0.0016f,-0.0041f,0.1574f,0.0018f,0.2992f,-0.0218f,0.0343f,0.004f,-0.0219f,-0.2992f,0.3058f,0f,0f,0f,1f],start_interpolation: 0,interpolation_duration: 1}
$data merge entity $(block_display_block_display1) {transformation: [-0.15f,0.0008f,-0.002f,0.0837f,0.0009f,0.1496f,-0.0109f,0.0416f,0.002f,-0.0109f,-0.1496f,0.4003f,0f,0f,0f,1f],start_interpolation: 0,interpolation_duration: 1}
$data merge entity $(block_display_block_display2) {transformation: [-0.15f,0.0008f,-0.002f,0.079f,0.0009f,0.1496f,-0.0109f,0.0165f,0.002f,-0.0109f,-0.1496f,0.0575f,0f,0f,0f,1f],start_interpolation: 0,interpolation_duration: 1}
$data merge entity $(bone_upper) {transformation: [-0.9999f,0.0052f,-0.0136f,0f,0.0062f,0.9973f,-0.0728f,-0.6104f,0.0132f,-0.0729f,-0.9973f,0.0479f,0f,0f,0f,1f],start_interpolation: 0,interpolation_duration: 1}
$data merge entity $(bone_lower) {transformation: [-0.999f,0.0096f,0.0426f,0f,0.0115f,0.9989f,0.0446f,-0.625f,-0.0421f,0.045f,-0.9981f,0f,0f,0f,0f,1f],start_interpolation: 0,interpolation_duration: 1}
$data merge entity $(bone_front_left) {transformation: [-1f,0f,0f,0f,0f,0.9987f,-0.0509f,-0.6354f,0f,-0.0509f,-0.9987f,0.0104f,0f,0f,0f,1f],start_interpolation: 0,interpolation_duration: 1}
$data merge entity $(bone_front_right) {transformation: [-1f,0f,0f,0f,0f,0.999f,-0.0436f,-0.6354f,0f,-0.0436f,-0.999f,0.0104f,0f,0f,0f,1f],start_interpolation: 0,interpolation_duration: 1}