# This file was generated by Animated Java via MC-Build. It is not recommended to edit this file directly.
$data merge entity $(block_display_block_display3) {transformation: [-0.4f,0f,0f,0.2f,0f,0.2702f,-0.2949f,-0.1735f,0f,-0.2949f,-0.2702f,-0.263f,0f,0f,0f,1f],start_interpolation: 0,interpolation_duration: 1}
$data merge entity $(bone_body) {transformation: [-1f,0f,0f,0f,0f,0.999f,0.0436f,-0.6458f,0f,0.0436f,-0.999f,0f,0f,0f,0f,1f],start_interpolation: 0,interpolation_duration: 1}
$data merge entity $(block_display_block_display) {transformation: [-0.2999f,0.0025f,-0.0084f,0.1637f,0.0037f,0.2968f,-0.0435f,0.0651f,0.0079f,-0.0436f,-0.2967f,0.3039f,0f,0f,0f,1f],start_interpolation: 0,interpolation_duration: 1}
$data merge entity $(block_display_block_display1) {transformation: [-0.1499f,0.0013f,-0.0042f,0.0913f,0.0018f,0.1484f,-0.0218f,0.0796f,0.004f,-0.0218f,-0.1484f,0.3986f,0f,0f,0f,1f],start_interpolation: 0,interpolation_duration: 1}
$data merge entity $(block_display_block_display2) {transformation: [-0.1499f,0.0013f,-0.0042f,0.0818f,0.0018f,0.1484f,-0.0218f,0.0297f,0.004f,-0.0218f,-0.1484f,0.0586f,0f,0f,0f,1f],start_interpolation: 0,interpolation_duration: 1}
$data merge entity $(bone_upper) {transformation: [-0.9996f,0.0084f,-0.0279f,0f,0.0123f,0.9893f,-0.1451f,-0.5958f,0.0264f,-0.1454f,-0.989f,0.0958f,0f,0f,0f,1f],start_interpolation: 0,interpolation_duration: 1}
$data merge entity $(bone_lower) {transformation: [-0.9962f,0.0154f,0.0858f,0f,0.023f,0.9958f,0.0881f,-0.625f,-0.0841f,0.0898f,-0.9924f,0f,0f,0f,0f,1f],start_interpolation: 0,interpolation_duration: 1}
$data merge entity $(bone_front_left) {transformation: [-1f,0f,0f,0f,0f,0.9948f,-0.1016f,-0.6458f,0f,-0.1016f,-0.9948f,0.0208f,0f,0f,0f,1f],start_interpolation: 0,interpolation_duration: 1}
$data merge entity $(bone_front_right) {transformation: [-1f,0f,0f,0f,0f,0.9962f,-0.0872f,-0.6458f,0f,-0.0872f,-0.9962f,0.0208f,0f,0f,0f,1f],start_interpolation: 0,interpolation_duration: 1}