# This file was generated by Animated Java via MC-Build. It is not recommended to edit this file directly.
$data merge entity $(block_display_block_display3) {transformation: [-0.4f,0f,0f,0.2f,0f,0.2504f,-0.312f,-0.1696f,0f,-0.312f,-0.2504f,-0.2609f,0f,0f,0f,1f],start_interpolation: 0,interpolation_duration: 1}
$data merge entity $(bone_body) {transformation: [-1f,0f,0f,0f,0f,0.9941f,0.1089f,-0.6771f,0f,0.1089f,-0.9941f,0f,0f,0f,0f,1f],start_interpolation: 0,interpolation_duration: 1}
$data merge entity $(block_display_block_display) {transformation: [-0.2992f,-0.0016f,0.0217f,0.1241f,-0.0092f,0.2803f,-0.1064f,0.1452f,-0.0198f,-0.1068f,-0.2796f,0.3124f,0f,0f,0f,1f],start_interpolation: 0,interpolation_duration: 1}
$data merge entity $(block_display_block_display1) {transformation: [-0.1496f,-0.0008f,0.0109f,0.0425f,-0.0046f,0.1402f,-0.0532f,0.1762f,-0.0099f,-0.0534f,-0.1398f,0.3949f,0f,0f,0f,1f],start_interpolation: 0,interpolation_duration: 1}
$data merge entity $(block_display_block_display2) {transformation: [-0.1496f,-0.0008f,0.0109f,0.0674f,-0.0046f,0.1402f,-0.0532f,0.0542f,-0.0099f,-0.0534f,-0.1398f,0.0744f,0f,0f,0f,1f],start_interpolation: 0,interpolation_duration: 1}
$data merge entity $(bone_upper) {transformation: [-0.9974f,-0.0053f,0.0725f,0f,-0.0307f,0.9345f,-0.3547f,-0.5521f,-0.0658f,-0.356f,-0.9322f,0.2396f,0f,0f,0f,1f],start_interpolation: 0,interpolation_duration: 1}
$data merge entity $(bone_lower) {transformation: [-0.9678f,-0.0112f,-0.2516f,0f,-0.0658f,0.9756f,0.2097f,-0.625f,0.2431f,0.2195f,-0.9448f,0f,0f,0f,0f,1f],start_interpolation: 0,interpolation_duration: 1}
$data merge entity $(bone_front_left) {transformation: [-1f,0f,0f,0f,0f,0.9678f,-0.2518f,-0.6771f,0f,-0.2518f,-0.9678f,0.0521f,0f,0f,0f,1f],start_interpolation: 0,interpolation_duration: 1}
$data merge entity $(bone_front_right) {transformation: [-1f,0f,0f,0f,0f,0.9763f,-0.2164f,-0.6771f,0f,-0.2164f,-0.9763f,0.0521f,0f,0f,0f,1f],start_interpolation: 0,interpolation_duration: 1}