# This file was generated by Animated Java via MC-Build. It is not recommended to edit this file directly.
$data merge entity $(block_display_block_display3) {transformation: [-0.4f,0f,0f,0.2f,0f,0.2435f,-0.3173f,-0.1679f,0f,-0.3173f,-0.2435f,-0.2594f,0f,0f,0f,1f],start_interpolation: 0,interpolation_duration: 2}
$data merge entity $(bone_body) {transformation: [-1f,0f,0f,0f,0f,0.9914f,0.1305f,-0.6875f,0f,0.1305f,-0.9914f,0f,0f,0f,0f,1f],start_interpolation: 0,interpolation_duration: 2}
$data merge entity $(block_display_block_display) {transformation: [-0.2989f,0f,0.0261f,0.1227f,-0.0111f,0.2719f,-0.1263f,0.1634f,-0.0237f,-0.1268f,-0.2709f,0.3117f,0f,0f,0f,1f],start_interpolation: 0,interpolation_duration: 2}
$data merge entity $(block_display_block_display1) {transformation: [-0.1494f,0f,0.0131f,0.0399f,-0.0055f,0.1359f,-0.0632f,0.2001f,-0.0118f,-0.0634f,-0.1354f,0.3904f,0f,0f,0f,1f],start_interpolation: 0,interpolation_duration: 2}
$data merge entity $(block_display_block_display2) {transformation: [-0.1494f,0f,0.0131f,0.0698f,-0.0055f,0.1359f,-0.0632f,0.0554f,-0.0118f,-0.0634f,-0.1354f,0.0801f,0f,0f,0f,1f],start_interpolation: 0,interpolation_duration: 2}
$data merge entity $(bone_upper) {transformation: [-0.9962f,0f,0.0872f,0f,-0.0368f,0.9063f,-0.421f,-0.5375f,-0.079f,-0.4226f,-0.9029f,0.2875f,0f,0f,0f,1f],start_interpolation: 0,interpolation_duration: 2}
$data merge entity $(bone_lower) {transformation: [-0.9537f,0f,-0.3007f,0f,-0.0778f,0.9659f,0.2468f,-0.625f,0.2905f,0.2588f,-0.9212f,0f,0f,0f,0f,1f],start_interpolation: 0,interpolation_duration: 2}
$data merge entity $(bone_front_left) {transformation: [-1f,0f,0f,0f,0f,0.9537f,-0.3007f,-0.6875f,0f,-0.3007f,-0.9537f,0.0625f,0f,0f,0f,1f],start_interpolation: 0,interpolation_duration: 2}
$data merge entity $(bone_front_right) {transformation: [-1f,0f,0f,0f,0f,0.9659f,-0.2588f,-0.6875f,0f,-0.2588f,-0.9659f,0.0625f,0f,0f,0f,1f],start_interpolation: 0,interpolation_duration: 2}