# This file was generated by Animated Java via MC-Build. It is not recommended to edit this file directly.
$data merge entity $(block_display_block_display3) {transformation: [-0.4f,0f,0f,0.2f,0f,0.2637f,-0.3007f,-0.1724f,0f,-0.3007f,-0.2637f,-0.2627f,0f,0f,0f,1f],start_interpolation: 0,interpolation_duration: 1}
$data merge entity $(bone_body) {transformation: [-1f,0f,0f,0f,0f,0.9979f,0.0654f,-0.6562f,0f,0.0654f,-0.9979f,0f,0f,0f,0f,1f],start_interpolation: 0,interpolation_duration: 1}
$data merge entity $(block_display_block_display) {transformation: [-0.2997f,-0.0028f,0.0128f,0.1309f,-0.0055f,0.2928f,-0.0649f,0.0979f,-0.0119f,-0.0651f,-0.2926f,0.3128f,0f,0f,0f,1f],start_interpolation: 0,interpolation_duration: 1}
$data merge entity $(block_display_block_display1) {transformation: [-0.1499f,-0.0014f,0.0064f,0.052f,-0.0028f,0.1464f,-0.0325f,0.1168f,-0.0059f,-0.0325f,-0.1463f,0.4012f,0f,0f,0f,1f],start_interpolation: 0,interpolation_duration: 1}
$data merge entity $(block_display_block_display2) {transformation: [-0.1499f,-0.0014f,0.0064f,0.0666f,-0.0028f,0.1464f,-0.0325f,0.0424f,-0.0059f,-0.0325f,-0.1463f,0.066f,0f,0f,0f,1f],start_interpolation: 0,interpolation_duration: 1}
$data merge entity $(bone_upper) {transformation: [-0.999f,-0.0095f,0.0426f,0f,-0.0185f,0.9761f,-0.2164f,-0.5812f,-0.0395f,-0.217f,-0.9754f,0.1437f,0f,0f,0f,1f],start_interpolation: 0,interpolation_duration: 1}
$data merge entity $(bone_lower) {transformation: [-0.9883f,-0.0203f,-0.1509f,0f,-0.0403f,0.9906f,0.1305f,-0.625f,0.1468f,0.135f,-0.9799f,0f,0f,0f,0f,1f],start_interpolation: 0,interpolation_duration: 1}
$data merge entity $(bone_front_left) {transformation: [-1f,0f,0f,0f,0f,0.9884f,-0.1521f,-0.6562f,0f,-0.1521f,-0.9884f,0.0312f,0f,0f,0f,1f],start_interpolation: 0,interpolation_duration: 1}
$data merge entity $(bone_front_right) {transformation: [-1f,0f,0f,0f,0f,0.9914f,-0.1305f,-0.6562f,0f,-0.1305f,-0.9914f,0.0312f,0f,0f,0f,1f],start_interpolation: 0,interpolation_duration: 1}