# This file was generated by Animated Java via MC-Build. It is not recommended to edit this file directly.
$data merge entity $(block_display_block_display3) {transformation: [-0.4f,0f,0f,0.2f,0f,0.2571f,-0.3064f,-0.1711f,0f,-0.3064f,-0.2571f,-0.262f,0f,0f,0f,1f],start_interpolation: 0,interpolation_duration: 2}
$data merge entity $(bone_body) {transformation: [-1f,0f,0f,0f,0f,0.9962f,0.0872f,-0.6667f,0f,0.0872f,-0.9962f,0f,0f,0f,0f,1f],start_interpolation: 0,interpolation_duration: 2}
$data merge entity $(block_display_block_display) {transformation: [-0.2995f,0.0025f,-0.0173f,0.1726f,0.0074f,0.2873f,-0.0859f,0.116f,0.0158f,-0.0862f,-0.2869f,0.2971f,0f,0f,0f,1f],start_interpolation: 0,interpolation_duration: 2}
$data merge entity $(block_display_block_display1) {transformation: [-0.1497f,0.0013f,-0.0086f,0.1032f,0.0037f,0.1437f,-0.043f,0.1447f,0.0079f,-0.0431f,-0.1435f,0.3907f,0f,0f,0f,1f],start_interpolation: 0,interpolation_duration: 2}
$data merge entity $(block_display_block_display2) {transformation: [-0.1497f,0.0013f,-0.0086f,0.0834f,0.0037f,0.1437f,-0.043f,0.0462f,0.0079f,-0.0431f,-0.1435f,0.0619f,0f,0f,0f,1f],start_interpolation: 0,interpolation_duration: 2}
$data merge entity $(bone_upper) {transformation: [-0.9983f,0.0084f,-0.0575f,0f,0.0246f,0.9578f,-0.2864f,-0.5667f,0.0527f,-0.2873f,-0.9564f,0.1917f,0f,0f,0f,1f],start_interpolation: 0,interpolation_duration: 2}
$data merge entity $(bone_lower) {transformation: [-0.9848f,0.0153f,0.173f,0f,0.0455f,0.9841f,0.1716f,-0.625f,-0.1677f,0.1769f,-0.9698f,0f,0f,0f,0f,1f],start_interpolation: 0,interpolation_duration: 2}
$data merge entity $(bone_front_left) {transformation: [-1f,0f,0f,0f,0f,0.9793f,-0.2022f,-0.6667f,0f,-0.2022f,-0.9793f,0.0417f,0f,0f,0f,1f],start_interpolation: 0,interpolation_duration: 2}
$data merge entity $(bone_front_right) {transformation: [-1f,0f,0f,0f,0f,0.9848f,-0.1736f,-0.6667f,0f,-0.1736f,-0.9848f,0.0417f,0f,0f,0f,1f],start_interpolation: 0,interpolation_duration: 2}