# This file was generated by Animated Java via MC-Build. It is not recommended to edit this file directly.
$data merge entity $(bone_tail) {transformation: [-1f,0f,0f,-0.0312f,0f,0.9996f,0.027f,-0.4312f,0f,0.027f,-0.9996f,-0.2562f,0f,0f,0f,1f],start_interpolation: 0,interpolation_duration: 2}
$data merge entity $(bone_left_wing) {transformation: [-0.9994f,0.0338f,0f,-0.3847f,0.0338f,0.9994f,0f,-0.55f,0f,0f,-1f,-0.0188f,0f,0f,0f,1f],start_interpolation: 0,interpolation_duration: 2}
$data merge entity $(bone_right_wing) {transformation: [-0.9994f,-0.0338f,0f,0.0145f,-0.0338f,0.9994f,0f,-0.55f,0f,0f,-1f,-0.0187f,0f,0f,0f,1f],start_interpolation: 0,interpolation_duration: 2}
$data merge entity $(bone_head) {transformation: [-1f,0f,0f,-0.0469f,0f,0.9994f,-0.0338f,-0.05f,0f,-0.0338f,-0.9994f,0.0437f,0f,0f,0f,1f],start_interpolation: 0,interpolation_duration: 2}