# This file was generated by Animated Java via MC-Build. It is not recommended to edit this file directly.
$data merge entity $(bone_tail) {transformation: [-1f,0f,0f,-0.0312f,0f,0.9995f,0.0305f,-0.4312f,0f,0.0305f,-0.9995f,-0.2562f,0f,0f,0f,1f],start_interpolation: 0,interpolation_duration: 2}
$data merge entity $(bone_left_wing) {transformation: [-0.9993f,0.0382f,0f,-0.3859f,0.0382f,0.9993f,0f,-0.55f,0f,0f,-1f,-0.0188f,0f,0f,0f,1f],start_interpolation: 0,interpolation_duration: 2}
$data merge entity $(bone_right_wing) {transformation: [-0.9993f,-0.0382f,0f,0.0164f,-0.0382f,0.9993f,0f,-0.55f,0f,0f,-1f,-0.0187f,0f,0f,0f,1f],start_interpolation: 0,interpolation_duration: 2}
$data merge entity $(bone_head) {transformation: [-1f,0f,0f,-0.0469f,0f,0.9993f,-0.0382f,-0.05f,0f,-0.0382f,-0.9993f,0.0437f,0f,0f,0f,1f],start_interpolation: 0,interpolation_duration: 2}