# This file was generated by Animated Java via MC-Build. It is not recommended to edit this file directly.
$data merge entity $(bone_head) {transformation: [-0.9962f,-0.0872f,0f,0f,-0.0872f,0.9962f,0f,-0.5f,0f,0f,-1f,0f,0f,0f,0f,1f],start_interpolation: 0,interpolation_duration: 2}
$data merge entity $(bone_leg0) {transformation: [-1f,0f,0f,-0.125f,0f,0.9781f,0.2079f,-1.25f,0f,0.2079f,-0.9781f,-0.25f,0f,0f,0f,1f],start_interpolation: 0,interpolation_duration: 2}
$data merge entity $(bone_leg1) {transformation: [-1f,0f,0f,0.125f,0f,0.9781f,-0.2079f,-1.25f,0f,-0.2079f,-0.9781f,-0.25f,0f,0f,0f,1f],start_interpolation: 0,interpolation_duration: 2}
$data merge entity $(bone_leg2) {transformation: [-1f,0f,0f,-0.125f,0f,0.9781f,-0.2079f,-1.25f,0f,-0.2079f,-0.9781f,0.25f,0f,0f,0f,1f],start_interpolation: 0,interpolation_duration: 2}
$data merge entity $(bone_leg3) {transformation: [-1f,0f,0f,0.125f,0f,0.9781f,0.2079f,-1.25f,0f,0.2079f,-0.9781f,0.25f,0f,0f,0f,1f],start_interpolation: 0,interpolation_duration: 2}