# This file was generated by Animated Java via MC-Build. It is not recommended to edit this file directly.
$data merge entity $(bone_shell) {transformation: [-1f,0f,0f,0f,0f,0.9994f,-0.0338f,-0.2937f,0f,-0.0338f,-0.9994f,0f,0f,0f,0f,1f],start_interpolation: 0,interpolation_duration: 2}
$data merge entity $(bone_body) {transformation: [-1.0155f,0f,0f,0f,0f,1f,0f,-0.2937f,0f,0f,-1.0155f,0f,0f,0f,0f,1f],start_interpolation: 0,interpolation_duration: 2}
$data merge entity $(bone_left_claw) {transformation: [-0.9977f,0.0046f,-0.0674f,0f,0f,0.9977f,0.0676f,-0.2937f,0.0676f,0.0674f,-0.9954f,0f,0f,0f,0f,1f],start_interpolation: 0,interpolation_duration: 2}
$data merge entity $(bone_right_claw) {transformation: [-0.9977f,-0.0046f,0.0674f,0f,0f,0.9977f,0.0676f,-0.2937f,-0.0676f,0.0674f,-0.9954f,0f,0f,0f,0f,1f],start_interpolation: 0,interpolation_duration: 2}