# This file was generated by Animated Java via MC-Build. It is not recommended to edit this file directly.
$data merge entity $(bone_shell) {transformation: [-1f,0f,0f,0f,0f,0.9992f,-0.0403f,-0.2937f,0f,-0.0403f,-0.9992f,0f,0f,0f,0f,1f],start_interpolation: 0,interpolation_duration: 1}
$data merge entity $(bone_body) {transformation: [-1.0185f,0f,0f,0f,0f,1f,0f,-0.2937f,0f,0f,-1.0185f,0f,0f,0f,0f,1f],start_interpolation: 0,interpolation_duration: 1}
$data merge entity $(bone_left_claw) {transformation: [-0.9967f,0.0065f,-0.0804f,0f,0f,0.9967f,0.0806f,-0.2937f,0.0806f,0.0804f,-0.9935f,0f,0f,0f,0f,1f],start_interpolation: 0,interpolation_duration: 1}
$data merge entity $(bone_right_claw) {transformation: [-0.9967f,-0.0065f,0.0804f,0f,0f,0.9967f,0.0806f,-0.2937f,-0.0806f,0.0804f,-0.9935f,0f,0f,0f,0f,1f],start_interpolation: 0,interpolation_duration: 1}