# This file was generated by Animated Java via MC-Build. It is not recommended to edit this file directly.
$data merge entity $(bone_shell) {transformation: [-1f,0f,0f,0f,0f,0.999f,-0.0436f,-0.2937f,0f,-0.0436f,-0.999f,0f,0f,0f,0f,1f],start_interpolation: 0,interpolation_duration: 1}
$data merge entity $(bone_body) {transformation: [-1.02f,0f,0f,0f,0f,1f,0f,-0.2937f,0f,0f,-1.02f,0f,0f,0f,0f,1f],start_interpolation: 0,interpolation_duration: 1}
$data merge entity $(bone_left_claw) {transformation: [-0.9962f,0.0076f,-0.0868f,0f,0f,0.9962f,0.0872f,-0.2937f,0.0872f,0.0868f,-0.9924f,0f,0f,0f,0f,1f],start_interpolation: 0,interpolation_duration: 1}
$data merge entity $(bone_right_claw) {transformation: [-0.9962f,-0.0076f,0.0868f,0f,0f,0.9962f,0.0872f,-0.2937f,-0.0872f,0.0868f,-0.9924f,0f,0f,0f,0f,1f],start_interpolation: 0,interpolation_duration: 1}