# This file was generated by Animated Java via MC-Build. It is not recommended to edit this file directly.
$data merge entity $(bone_shell) {transformation: [-1f,0f,0f,0f,0f,0.9991f,-0.0414f,-0.2937f,0f,-0.0414f,-0.9991f,0f,0f,0f,0f,1f],start_interpolation: 0,interpolation_duration: 2}
$data merge entity $(bone_body) {transformation: [-1.019f,0f,0f,0f,0f,1f,0f,-0.2937f,0f,0f,-1.019f,0f,0f,0f,0f,1f],start_interpolation: 0,interpolation_duration: 2}
$data merge entity $(bone_left_claw) {transformation: [-0.9966f,0.0069f,-0.0825f,0f,0f,0.9966f,0.0828f,-0.2937f,0.0828f,0.0825f,-0.9931f,0f,0f,0f,0f,1f],start_interpolation: 0,interpolation_duration: 2}
$data merge entity $(bone_right_claw) {transformation: [-0.9966f,-0.0069f,0.0825f,0f,0f,0.9966f,0.0828f,-0.2937f,-0.0828f,0.0825f,-0.9931f,0f,0f,0f,0f,1f],start_interpolation: 0,interpolation_duration: 2}