# This file was generated by Animated Java via MC-Build. It is not recommended to edit this file directly.
$data merge entity $(bone_shell) {transformation: [-1f,0f,0f,0f,0f,0.9993f,-0.0382f,-0.2937f,0f,-0.0382f,-0.9993f,0f,0f,0f,0f,1f],start_interpolation: 0,interpolation_duration: 2}
$data merge entity $(bone_body) {transformation: [-1.0175f,0f,0f,0f,0f,1f,0f,-0.2937f,0f,0f,-1.0175f,0f,0f,0f,0f,1f],start_interpolation: 0,interpolation_duration: 2}
$data merge entity $(bone_left_claw) {transformation: [-0.9971f,0.0058f,-0.0761f,0f,0f,0.9971f,0.0763f,-0.2937f,0.0763f,0.0761f,-0.9942f,0f,0f,0f,0f,1f],start_interpolation: 0,interpolation_duration: 2}
$data merge entity $(bone_right_claw) {transformation: [-0.9971f,-0.0058f,0.0761f,0f,0f,0.9971f,0.0763f,-0.2937f,-0.0763f,0.0761f,-0.9942f,0f,0f,0f,0f,1f],start_interpolation: 0,interpolation_duration: 2}