# This file was generated by Animated Java via MC-Build. It is not recommended to edit this file directly.
$data merge entity $(bone_shell) {transformation: [-1f,0f,0f,0f,0f,0.9994f,-0.036f,-0.2937f,0f,-0.036f,-0.9994f,0f,0f,0f,0f,1f],start_interpolation: 0,interpolation_duration: 1}
$data merge entity $(bone_body) {transformation: [-1.0165f,0f,0f,0f,0f,1f,0f,-0.2937f,0f,0f,-1.0165f,0f,0f,0f,0f,1f],start_interpolation: 0,interpolation_duration: 1}
$data merge entity $(bone_left_claw) {transformation: [-0.9974f,0.0052f,-0.0717f,0f,0f,0.9974f,0.0719f,-0.2937f,0.0719f,0.0717f,-0.9948f,0f,0f,0f,0f,1f],start_interpolation: 0,interpolation_duration: 1}
$data merge entity $(bone_right_claw) {transformation: [-0.9974f,-0.0052f,0.0717f,0f,0f,0.9974f,0.0719f,-0.2937f,-0.0719f,0.0717f,-0.9948f,0f,0f,0f,0f,1f],start_interpolation: 0,interpolation_duration: 1}