# This file was generated by Animated Java via MC-Build. It is not recommended to edit this file directly.
$data merge entity $(bone_shell) {transformation: [-1f,0f,0f,0f,0f,0.9994f,-0.0349f,-0.2937f,0f,-0.0349f,-0.9994f,0f,0f,0f,0f,1f],start_interpolation: 0,interpolation_duration: 1}
$data merge entity $(bone_body) {transformation: [-1.016f,0f,0f,0f,0f,1f,0f,-0.2937f,0f,0f,-1.016f,0f,0f,0f,0f,1f],start_interpolation: 0,interpolation_duration: 1}
$data merge entity $(bone_left_claw) {transformation: [-0.9976f,0.0049f,-0.0696f,0f,0f,0.9976f,0.0698f,-0.2937f,0.0698f,0.0696f,-0.9951f,0f,0f,0f,0f,1f],start_interpolation: 0,interpolation_duration: 1}
$data merge entity $(bone_right_claw) {transformation: [-0.9976f,-0.0049f,0.0696f,0f,0f,0.9976f,0.0698f,-0.2937f,-0.0698f,0.0696f,-0.9951f,0f,0f,0f,0f,1f],start_interpolation: 0,interpolation_duration: 1}