# This file was generated by Animated Java via MC-Build. It is not recommended to edit this file directly.
$data merge entity $(bone_left_foot) { transformation: [-0.9991518213376787f,-0.04117812426033482f,1.2246467991473532e-16f,0.14584944660212612f,-0.04117812426033482f,0.9991518213376787f,0f,-1.3075647791330385f,-1.2236080798634363e-16f,-5.042865807031101e-18f,-1f,1.7861405793870658e-17f,0f,0f,0f,1f], start_interpolation: 0, interpolation_duration: 1 }
$data merge entity $(bone_right_foot) { transformation: [-0.9991518213376787f,-0.04117812426033482f,1.2246467991473532e-16f,-0.16638549756589846f,-0.04117812426033482f,0.9991518213376787f,0f,-1.320432942964393f,-1.2236080798634363e-16f,-5.042865807031101e-18f,-1f,-2.0376346701861726e-17f,0f,0f,0f,1f], start_interpolation: 0, interpolation_duration: 1 }
$data merge entity $(bone_antenna) { transformation: [-0.9991518213376787f,-0.04117812426033482f,1.2246467991473532e-16f,-0.009928124260334818f,-0.04117812426033482f,0.9991518213376787f,0f,-0.5633481786623213f,-1.2236080798634363e-16f,-5.042865807031101e-18f,-1f,-1.2158445596956224e-18f,0f,0f,0f,1f], start_interpolation: 0, interpolation_duration: 1 }
$data merge entity $(bone_nose) { transformation: [-0.9999802608561372f,-0.006283143965558957f,1.2246467991473532e-16f,-0.030857087612053594f,-0.006283143965558957f,0.9999802608561372f,0f,-0.8144229503798764f,-1.2246226256680038e-16f,-7.694632146003779e-19f,-1f,0.1875f,0f,0f,0f,1f], start_interpolation: 0, interpolation_duration: 1 }
$data merge entity $(bone_head) { transformation: [-0.9991518213376787f,-0.04117812426033482f,1.2246467991473532e-16f,0.0029400395710198132f,-0.04117812426033482f,0.9991518213376787f,0f,-0.8755831228303459f,-1.2236080798634363e-16f,-5.042865807031101e-18f,-1f,3.600510050015967e-19f,0f,0f,0f,1f], start_interpolation: 0, interpolation_duration: 1 }
$data merge entity $(bone_left_arm) { transformation: [-0.9991518213376787f,-0.04098854834462859f,-0.00394674830710296f,-0.33794476624753633f,-0.04117812426033482f,0.994551924551168f,0.0957644581980622f,-0.952185091878441f,-1.2236080798634363e-16f,0.095845752520224f,-0.9953961983671789f,-4.138629762736458e-17f,0f,0f,0f,1f], start_interpolation: 0, interpolation_duration: 1 }
$data merge entity $(bone_right_arm) { transformation: [-0.9991518213376787f,0.041101318757979885f,-0.0025138643468784064f,0.28652512208851283f,-0.04117812426033482f,-0.9972882017837253f,0.06099675946625716f,-0.9264487642157317f,-1.2236080798634363e-16f,0.06104853953485651f,0.9981347984218671f,3.5089207364100185e-17f,0f,0f,0f,1f], start_interpolation: 0, interpolation_duration: 1 }
$data merge entity $(bone_body) { transformation: [-0.9991518213376787f,-0.04117812426033482f,1.2246467991473532e-16f,0.03125f,-0.04117812426033482f,0.9991518213376787f,0f,-1.5625f,-1.2236080798634363e-16f,-5.042865807031101e-18f,-1f,3.827021247335479e-18f,0f,0f,0f,1f], start_interpolation: 0, interpolation_duration: 1 }