# This file was generated by Animated Java via MC-Build. It is not recommended to edit this file directly.
$data merge entity $(bone_left_foot) { transformation: [-0.9994029483549729f,-0.03455064137447223f,1.2246467991473532e-16f,0.14753770820075357f,-0.03455064137447223f,0.9994029483549729f,0f,-1.3083304327394478f,-1.223915621761345e-16f,-4.231233236773553e-18f,-1f,1.8068158210158905e-17f,0f,0f,0f,1f], start_interpolation: 0, interpolation_duration: 1 }
$data merge entity $(bone_right_foot) { transformation: [-0.9994029483549729f,-0.03455064137447223f,1.2246467991473532e-16f,-0.16477571316017547f,-0.03455064137447223f,0.9994029483549729f,0f,-1.3191275081689704f,-1.223915621761345e-16f,-4.231233236773553e-18f,-1f,-2.0179204969883128e-17f,0f,0f,0f,1f], start_interpolation: 0, interpolation_duration: 1 }
$data merge entity $(bone_antenna) { transformation: [-0.9994029483549729f,-0.03455064137447223f,1.2246467991473532e-16f,-0.0033006413744722293f,-0.03455064137447223f,0.9994029483549729f,0f,-0.5630970516450271f,-1.223915621761345e-16f,-4.231233236773553e-18f,-1f,-4.042119894380739e-19f,0f,0f,0f,1f], start_interpolation: 0, interpolation_duration: 1 }
$data merge entity $(bone_nose) { transformation: [-0.9999649082784806f,-0.008377482414770578f,1.2246467991473532e-16f,-0.0258943231669471f,-0.008377482414770578f,0.9999649082784806f,0f,-0.8140274962767226f,-1.224603824182918e-16f,-1.025945702416203e-18f,-1f,0.1875f,0f,0f,0f,1f], start_interpolation: 0, interpolation_duration: 1 }
$data merge entity $(bone_head) { transformation: [-0.9994029483549729f,-0.03455064137447223f,1.2246467991473532e-16f,0.0074964340550503425f,-0.03455064137447223f,0.9994029483549729f,0f,-0.8754104730059561f,-1.223915621761345e-16f,-4.231233236773553e-18f,-1f,9.180483970536614e-19f,0f,0f,0f,1f], start_interpolation: 0, interpolation_duration: 1 }
$data merge entity $(bone_left_arm) { transformation: [-0.9994029483549729f,-0.01701354982947588f,-0.03007134751864861f,-0.3338889143560671f,-0.03455064137447223f,0.49212955780685746f,0.86983604863988f,-0.9497499402506168f,-1.223915621761345e-16f,0.8703556959398996f,-0.49242356010346733f,-4.0889599023694227e-17f,0f,0f,0f,1f], start_interpolation: 0, interpolation_duration: 1 }
$data merge entity $(bone_right_arm) { transformation: [-0.9994029483549729f,0.017794895820415938f,0.02961568000448302f,0.290737928365791f,-0.03455064137447223f,-0.5147305705801772f,-0.8566555275551647f,-0.9281557893915716f,-1.223915621761345e-16f,-0.8571673007021123f,0.5150380749100538f,3.560512733638984e-17f,0f,0f,0f,1f], start_interpolation: 0, interpolation_duration: 1 }
$data merge entity $(bone_body) { transformation: [-0.9994029483549729f,-0.03455064137447223f,1.2246467991473532e-16f,0.03125f,-0.03455064137447223f,0.9994029483549729f,0f,-1.5625f,-1.223915621761345e-16f,-4.231233236773553e-18f,-1f,3.827021247335479e-18f,0f,0f,0f,1f], start_interpolation: 0, interpolation_duration: 1 }