# This file was generated by Animated Java via MC-Build. It is not recommended to edit this file directly.
$data merge entity $(bone_left_foot) { transformation: [-0.9994029483549729f,-0.03455064137447228f,1.2246467991473532e-16f,0.14753770820075354f,-0.03455064137447228f,0.9994029483549729f,0f,-1.3083304327394476f,-1.223915621761345e-16f,-4.231233236773559e-18f,-1f,1.8068158210158902e-17f,0f,0f,0f,1f], start_interpolation: 0, interpolation_duration: 1 }
$data merge entity $(bone_right_foot) { transformation: [-0.9994029483549729f,-0.03455064137447228f,1.2246467991473532e-16f,-0.16477571316017547f,-0.03455064137447228f,0.9994029483549729f,0f,-1.3191275081689704f,-1.223915621761345e-16f,-4.231233236773559e-18f,-1f,-2.017920496988313e-17f,0f,0f,0f,1f], start_interpolation: 0, interpolation_duration: 1 }
$data merge entity $(bone_antenna) { transformation: [-0.9994029483549729f,-0.03455064137447228f,1.2246467991473532e-16f,-0.0033006413744722796f,-0.03455064137447228f,0.9994029483549729f,0f,-0.5630970516450271f,-1.223915621761345e-16f,-4.231233236773559e-18f,-1f,-4.0421198943808006e-19f,0f,0f,0f,1f], start_interpolation: 0, interpolation_duration: 1 }
$data merge entity $(bone_nose) { transformation: [-0.9999649082784806f,-0.008377482414770626f,1.2246467991473532e-16f,-0.025894323166947134f,-0.008377482414770626f,0.9999649082784806f,0f,-0.8140274962767226f,-1.224603824182918e-16f,-1.0259457024162092e-18f,-1f,0.1875f,0f,0f,0f,1f], start_interpolation: 0, interpolation_duration: 1 }
$data merge entity $(bone_head) { transformation: [-0.9994029483549729f,-0.03455064137447228f,1.2246467991473532e-16f,0.007496434055050308f,-0.03455064137447228f,0.9994029483549729f,0f,-0.8754104730059561f,-1.223915621761345e-16f,-4.231233236773559e-18f,-1f,9.180483970536571e-19f,0f,0f,0f,1f], start_interpolation: 0, interpolation_duration: 1 }
$data merge entity $(bone_left_arm) { transformation: [-0.9994029483549729f,-0.033857027043339934f,0.006888290003618016f,-0.33388891435606716f,-0.03455064137447228f,0.9793396389639331f,-0.19924890146398794f,-0.9497499402506168f,-1.223915621761345e-16f,-0.19936793441719738f,-0.9799247046208296f,-4.088959902369423e-17f,0f,0f,0f,1f], start_interpolation: 0, interpolation_duration: 1 }
$data merge entity $(bone_right_arm) { transformation: [-0.9994029483549729f,0.032034796847337885f,-0.012942898065626037f,0.29073792836579093f,-0.03455064137447228f,-0.9266302779211758f,0.37438293393307503f,-0.9281557893915716f,-1.223915621761345e-16f,0.374606593415912f,0.9271838545667874f,3.560512733638983e-17f,0f,0f,0f,1f], start_interpolation: 0, interpolation_duration: 1 }
$data merge entity $(bone_body) { transformation: [-0.9994029483549729f,-0.03455064137447228f,1.2246467991473532e-16f,0.03125f,-0.03455064137447228f,0.9994029483549729f,0f,-1.5625f,-1.223915621761345e-16f,-4.231233236773559e-18f,-1f,3.827021247335479e-18f,0f,0f,0f,1f], start_interpolation: 0, interpolation_duration: 1 }