# This file was generated by Animated Java via MC-Build. It is not recommended to edit this file directly.
$data merge entity $(bone_left_foot) { transformation: [-0.9994029483549729f,-0.03455064137447226f,1.2246467991473532e-16f,0.14753770820075354f,-0.03455064137447226f,0.9994029483549729f,0f,-1.3083304327394478f,-1.223915621761345e-16f,-4.231233236773556e-18f,-1f,1.8068158210158905e-17f,0f,0f,0f,1f], start_interpolation: 0, interpolation_duration: 1 }
$data merge entity $(bone_right_foot) { transformation: [-0.9994029483549729f,-0.03455064137447226f,1.2246467991473532e-16f,-0.16477571316017547f,-0.03455064137447226f,0.9994029483549729f,0f,-1.3191275081689704f,-1.223915621761345e-16f,-4.231233236773556e-18f,-1f,-2.0179204969883128e-17f,0f,0f,0f,1f], start_interpolation: 0, interpolation_duration: 1 }
$data merge entity $(bone_antenna) { transformation: [-0.9994029483549729f,-0.03455064137447226f,1.2246467991473532e-16f,-0.0033006413744722587f,-0.03455064137447226f,0.9994029483549729f,0f,-0.5630970516450271f,-1.223915621761345e-16f,-4.231233236773556e-18f,-1f,-4.0421198943807717e-19f,0f,0f,0f,1f], start_interpolation: 0, interpolation_duration: 1 }
$data merge entity $(bone_nose) { transformation: [-0.9999649082784806f,-0.00837748241477062f,1.2246467991473532e-16f,-0.02589432316694712f,-0.00837748241477062f,0.9999649082784806f,0f,-0.8140274962767226f,-1.224603824182918e-16f,-1.0259457024162076e-18f,-1f,0.1875f,0f,0f,0f,1f], start_interpolation: 0, interpolation_duration: 1 }
$data merge entity $(bone_head) { transformation: [-0.9994029483549729f,-0.03455064137447226f,1.2246467991473532e-16f,0.007496434055050322f,-0.03455064137447226f,0.9994029483549729f,0f,-0.8754104730059561f,-1.223915621761345e-16f,-4.231233236773556e-18f,-1f,9.18048397053659e-19f,0f,0f,0f,1f], start_interpolation: 0, interpolation_duration: 1 }
$data merge entity $(bone_left_arm) { transformation: [-0.9994029483549729f,-0.03359600440298423f,0.008065687047118714f,-0.3338889143560671f,-0.03455064137447226f,0.9717893653371281f,-0.2333059849173918f,-0.9497499402506168f,-1.223915621761345e-16f,-0.23344536385590592f,-0.9723699203976764f,-4.088959902369423e-17f,0f,0f,0f,1f], start_interpolation: 0, interpolation_duration: 1 }
$data merge entity $(bone_right_arm) { transformation: [-0.9994029483549729f,0.033731653217330015f,-0.007478127480404749f,0.290737928365791f,-0.03455064137447226f,-0.9757131079828493f,0.21631038831055238f,-0.9281557893915716f,-1.223915621761345e-16f,0.21643961393810315f,0.9762960071199336f,3.560512733638983e-17f,0f,0f,0f,1f], start_interpolation: 0, interpolation_duration: 1 }
$data merge entity $(bone_body) { transformation: [-0.9994029483549729f,-0.03455064137447226f,1.2246467991473532e-16f,0.03125f,-0.03455064137447226f,0.9994029483549729f,0f,-1.5625f,-1.223915621761345e-16f,-4.231233236773556e-18f,-1f,3.827021247335479e-18f,0f,0f,0f,1f], start_interpolation: 0, interpolation_duration: 1 }