# This file was generated by Animated Java via MC-Build. It is not recommended to edit this file directly.
$data merge entity $(bone_left_foot) { transformation: [-0.9991518213376787f,0.04117812426033481f,1.2246467991473532e-16f,0.16643850873229354f,0.04117812426033481f,0.9991518213376787f,0f,-1.3178593101981222f,-1.2236080798634363e-16f,5.0428658070311e-18f,-1f,2.0382838697386208e-17f,0f,0f,0f,1f], start_interpolation: 0, interpolation_duration: 1 }
$data merge entity $(bone_right_foot) { transformation: [-0.9991518213376787f,0.04117812426033481f,1.2246467991473532e-16f,-0.14579643543573104f,0.04117812426033481f,0.9991518213376787f,0f,-1.3049911463667676f,-1.2236080798634363e-16f,5.0428658070311e-18f,-1f,-1.7854913798346175e-17f,0f,0f,0f,1f], start_interpolation: 0, interpolation_duration: 1 }
$data merge entity $(bone_antenna) { transformation: [-0.9991518213376787f,0.04117812426033481f,1.2246467991473532e-16f,0.0724281242603348f,0.04117812426033481f,0.9991518213376787f,0f,-0.5633481786623213f,-1.2236080798634363e-16f,5.0428658070311e-18f,-1f,8.869887054366578e-18f,0f,0f,0f,1f], start_interpolation: 0, interpolation_duration: 1 }
$data merge entity $(bone_nose) { transformation: [-0.9999802608561372f,0.00628314396555895f,1.2246467991473532e-16f,0.030910098778448622f,0.00628314396555895f,0.9999802608561372f,0f,-0.8118493176136055f,-1.2246226256680038e-16f,7.694632146003771e-19f,-1f,0.1875f,0f,0f,0f,1f], start_interpolation: 0, interpolation_duration: 1 }
$data merge entity $(bone_head) { transformation: [-0.9991518213376787f,0.04117812426033481f,1.2246467991473532e-16f,0.05955996042898018f,0.04117812426033481f,0.9991518213376787f,0f,-0.8755831228303459f,-1.2236080798634363e-16f,5.0428658070311e-18f,-1f,7.29399148966936e-18f,0f,0f,0f,1f], start_interpolation: 0, interpolation_duration: 1 }
$data merge entity $(bone_left_arm) { transformation: [-0.9991518213376787f,-0.032226335930020215f,-0.02563398506134117f,-0.2864721109221178f,0.04117812426033481f,-0.7819443653128129f,-0.6219866330058408f,-0.9238751314494608f,-1.2236080798634363e-16f,-0.6225146366376195f,0.7826081568524137f,-3.508271536857571e-17f,0f,0f,0f,1f], start_interpolation: 0, interpolation_duration: 1 }
$data merge entity $(bone_right_arm) { transformation: [-0.9991518213376787f,0.033832241013589184f,0.023473759511377555f,0.3379977774139314f,0.04117812426033481f,0.8209102730117451f,0.5695706152411505f,-0.94961145911217f,-1.2236080798634363e-16f,0.5700541229846343f,-0.8216071426589593f,4.139278962288906e-17f,0f,0f,0f,1f], start_interpolation: 0, interpolation_duration: 1 }
$data merge entity $(bone_body) { transformation: [-0.9991518213376787f,0.04117812426033481f,1.2246467991473532e-16f,0.03125f,0.04117812426033481f,0.9991518213376787f,0f,-1.5625f,-1.2236080798634363e-16f,5.0428658070311e-18f,-1f,3.827021247335479e-18f,0f,0f,0f,1f], start_interpolation: 0, interpolation_duration: 1 }