# This file was generated by Animated Java via MC-Build. It is not recommended to edit this file directly.
$data merge entity $(bone_left_foot) { transformation: [-0.9994029483549729f,0.03455064137447226f,1.2246467991473532e-16f,0.16481302888798968f,0.03455064137447226f,0.9994029483549729f,0f,-1.3169680930830658f,-1.223915621761345e-16f,4.231233236773556e-18f,-1f,2.018377482854568e-17f,0f,0f,0f,1f], start_interpolation: 0, interpolation_duration: 1 }
$data merge entity $(bone_right_foot) { transformation: [-0.9994029483549729f,0.03455064137447226f,1.2246467991473532e-16f,-0.14750039247293933f,0.03455064137447226f,0.9994029483549729f,0f,-1.3061710176535433f,-1.223915621761345e-16f,4.231233236773556e-18f,-1f,-1.8063588351496352e-17f,0f,0f,0f,1f], start_interpolation: 0, interpolation_duration: 1 }
$data merge entity $(bone_antenna) { transformation: [-0.9994029483549729f,0.03455064137447226f,1.2246467991473532e-16f,0.06580064137447225f,0.03455064137447226f,0.9994029483549729f,0f,-0.5630970516450271f,-1.223915621761345e-16f,4.231233236773556e-18f,-1f,8.058254484109035e-18f,0f,0f,0f,1f], start_interpolation: 0, interpolation_duration: 1 }
$data merge entity $(bone_nose) { transformation: [-0.9999649082784806f,0.00837748241477062f,1.2246467991473532e-16f,0.02593163889476127f,0.00837748241477062f,0.9999649082784806f,0f,-0.811868081190818f,-1.224603824182918e-16f,1.0259457024162076e-18f,-1f,0.1875f,0f,0f,0f,1f], start_interpolation: 0, interpolation_duration: 1 }
$data merge entity $(bone_head) { transformation: [-0.9994029483549729f,0.03455064137447226f,1.2246467991473532e-16f,0.05500356594494968f,0.03455064137447226f,0.9994029483549729f,0f,-0.8754104730059561f,-1.223915621761345e-16f,4.231233236773556e-18f,-1f,6.7359940976172985e-18f,0f,0f,0f,1f], start_interpolation: 0, interpolation_duration: 1 }
$data merge entity $(bone_left_arm) { transformation: [-0.9994029483549729f,-0.03352433966574508f,0.008358556655496542f,-0.2907006126379768f,0.03455064137447226f,-0.9697164096164606f,0.2417774557339325f,-0.9259963743056671f,-1.223915621761345e-16f,0.24192189559966837f,0.9702957262759964f,-3.560055747772728e-17f,0f,0f,0f,1f], start_interpolation: 0, interpolation_duration: 1 }
$data merge entity $(bone_right_arm) { transformation: [-0.9994029483549729f,0.0331288642263271f,-0.009809443126955721f,0.3339262300838813f,0.03455064137447226f,0.9582769889737996f,-0.28374542389952473f,-0.9475905251647122f,-1.223915621761345e-16f,-0.28391493577897936f,-0.9588494716281686f,4.089416888235678e-17f,0f,0f,0f,1f], start_interpolation: 0, interpolation_duration: 1 }
$data merge entity $(bone_body) { transformation: [-0.9994029483549729f,0.03455064137447226f,1.2246467991473532e-16f,0.03125f,0.03455064137447226f,0.9994029483549729f,0f,-1.5625f,-1.223915621761345e-16f,4.231233236773556e-18f,-1f,3.827021247335479e-18f,0f,0f,0f,1f], start_interpolation: 0, interpolation_duration: 1 }