# This file was generated by Animated Java via MC-Build. It is not recommended to edit this file directly.
$data merge entity $(bone_left_foot) { transformation: [-0.9990482215818578f,-0.043619387365336f,1.2246467991473532e-16f,0.1452261808563982f,-0.043619387365336f,0.9990482215818578f,0f,-1.3072855211838685f,-1.223481206754078e-16f,-5.341834311772723e-18f,-1f,1.7785077753818274e-17f,0f,0f,0f,1f], start_interpolation: 0, interpolation_duration: 1 }
$data merge entity $(bone_right_foot) { transformation: [-0.9990482215818578f,-0.043619387365336f,1.2246467991473532e-16f,-0.16697638838793233f,-0.043619387365336f,0.9990482215818578f,0f,-1.320916579735536f,-1.223481206754078e-16f,-5.341834311772723e-18f,-1f,-2.0448709957246663e-17f,0f,0f,0f,1f], start_interpolation: 0, interpolation_duration: 1 }
$data merge entity $(bone_antenna) { transformation: [-0.9990482215818578f,-0.043619387365336f,1.2246467991473532e-16f,-0.012369387365335998f,-0.043619387365336f,0.9990482215818578f,0f,-0.5634517784181422f,-1.223481206754078e-16f,-5.341834311772723e-18f,-1f,-1.5148130644372445e-18f,0f,0f,0f,1f], start_interpolation: 0, interpolation_duration: 1 }
$data merge entity $(bone_nose) { transformation: [-1.0000000000000002f,0f,1.2246467991473532e-16f,-0.03268479744843508f,0f,1.0000000000000002f,0f,-0.8145769396687734f,-1.2246467991473535e-16f,0f,-1f,0.1875f,0f,0f,0f,1f], start_interpolation: 0, interpolation_duration: 1 }
$data merge entity $(bone_head) { transformation: [-0.9990482215818578f,-0.043619387365336f,1.2246467991473532e-16f,0.0012616711863315012f,-0.043619387365336f,0.9990482215818578f,0f,-0.8756543476624727f,-1.223481206754078e-16f,-5.341834311772723e-18f,-1f,1.5451015799173162e-19f,0f,0f,0f,1f], start_interpolation: 0, interpolation_duration: 1 }
$data merge entity $(bone_left_arm) { transformation: [-0.9990482215818578f,-0.04098881643040835f,-0.014918709118469996f,-0.3394349432720986f,-0.043619387365336f,0.9387982416297566f,0.3416946159346821f,-0.9530890259181731f,-1.223481206754078e-16f,0.3420201433256694f,-0.9396926207859081f,-4.1568791679693896e-17f,0f,0f,0f,1f], start_interpolation: 0, interpolation_duration: 1 }
$data merge entity $(bone_right_arm) { transformation: [-0.9990482215818578f,0.04152664374530826f,0.013348738269120574f,0.2849701952165625f,-0.043619387365336f,-0.9511165123557664f,-0.3057363716833116f,-0.9258269088148382f,-1.223481206754078e-16f,-0.30602764218850154f,0.9520226269456764f,3.489878374243597e-17f,0f,0f,0f,1f], start_interpolation: 0, interpolation_duration: 1 }
$data merge entity $(bone_body) { transformation: [-0.9990482215818578f,-0.043619387365336f,1.2246467991473532e-16f,0.03125f,-0.043619387365336f,0.9990482215818578f,0f,-1.5625f,-1.223481206754078e-16f,-5.341834311772723e-18f,-1f,3.827021247335479e-18f,0f,0f,0f,1f], start_interpolation: 0, interpolation_duration: 1 }