# This file was generated by Animated Java via MC-Build. It is not recommended to edit this file directly.
$data merge entity $(bone_shell) {transformation: [-1f,0f,0f,0f,0f,0.999f,-0.0436f,-0.2937f,0f,-0.0436f,-0.999f,0f,0f,0f,0f,1f],start_interpolation: 0,interpolation_duration: 2}
$data merge entity $(bone_body) {transformation: [-1f,0f,0f,0f,0f,0.999f,0.0436f,-0.2937f,0f,0.0436f,-0.999f,0f,0f,0f,0f,1f],start_interpolation: 0,interpolation_duration: 2}
$data merge entity $(bone_left_claw) {transformation: [-1f,0f,0f,0f,0f,0.9962f,0.0872f,-0.2937f,0f,0.0872f,-0.9962f,0f,0f,0f,0f,1f],start_interpolation: 0,interpolation_duration: 2}
$data merge entity $(bone_right_claw) {transformation: [-1f,0f,0f,0f,0f,0.9962f,-0.0872f,-0.2937f,0f,-0.0872f,-0.9962f,0f,0f,0f,0f,1f],start_interpolation: 0,interpolation_duration: 2}
$data merge entity $(bone_left_legs) {transformation: [-1f,0f,0f,0f,0f,0.9962f,-0.0872f,-0.3f,0f,-0.0872f,-0.9962f,0.0063f,0f,0f,0f,1f],start_interpolation: 0,interpolation_duration: 2}
$data merge entity $(bone_right_legs) {transformation: [-1f,0f,0f,0f,0f,0.9962f,0.0872f,-0.2875f,0f,0.0872f,-0.9962f,0.0063f,0f,0f,0f,1f],start_interpolation: 0,interpolation_duration: 2}