# This file was generated by Animated Java via MC-Build. It is not recommended to edit this file directly.
$data merge entity $(bone_head) {transformation: [-1f,0f,0f,0f,0f,0.85f,0f,-0.2937f,0f,0f,-1.5f,-0.0812f,0f,0f,0f,1f],start_interpolation: 0,interpolation_duration: 2}
$data merge entity $(bone_tail) {transformation: [-1f,0f,0f,0f,0f,0.85f,0f,-0.2937f,0f,0f,-1.2f,0.0375f,0f,0f,0f,1f],start_interpolation: 0,interpolation_duration: 2}
$data merge entity $(bone_shell) {transformation: [-1f,0f,0f,0f,0f,0.9994f,-0.0349f,-0.2937f,0f,-0.0349f,-0.9994f,0f,0f,0f,0f,1f],start_interpolation: 0,interpolation_duration: 2}
$data merge entity $(bone_left_eye) {transformation: [-0.9659f,-0.2578f,0.0226f,0.0344f,-0.2549f,0.9325f,-0.2559f,-0.3625f,0.0449f,-0.2529f,-0.9664f,0.0625f,0f,0f,0f,1f],start_interpolation: 0,interpolation_duration: 2}
$data merge entity $(bone_right_eye) {transformation: [-0.9659f,0.2578f,-0.0226f,-0.0344f,0.2549f,0.9325f,-0.2559f,-0.3625f,-0.0449f,-0.2529f,-0.9664f,0.0625f,0f,0f,0f,1f],start_interpolation: 0,interpolation_duration: 2}