# This file was generated by Animated Java via MC-Build. It is not recommended to edit this file directly.
$data merge entity $(bone_head) {transformation: [-1f,0f,0f,0f,0f,0.855f,0f,-0.2937f,0f,0f,-1.4833f,-0.0785f,0f,0f,0f,1f],start_interpolation: 0,interpolation_duration: 1}
$data merge entity $(bone_tail) {transformation: [-1f,0f,0f,0f,0f,0.855f,0f,-0.2937f,0f,0f,-1.1933f,0.0363f,0f,0f,0f,1f],start_interpolation: 0,interpolation_duration: 1}
$data merge entity $(bone_shell) {transformation: [-1f,0f,0f,0f,0f,0.9994f,-0.0337f,-0.2937f,0f,-0.0337f,-0.9994f,0f,0f,0f,0f,1f],start_interpolation: 0,interpolation_duration: 1}
$data merge entity $(bone_left_eye) {transformation: [-0.9659f,-0.2579f,0.0218f,0.0343f,-0.2549f,0.9332f,-0.2532f,-0.3612f,0.0449f,-0.2501f,-0.9672f,0.0604f,0f,0f,0f,1f],start_interpolation: 0,interpolation_duration: 1}
$data merge entity $(bone_right_eye) {transformation: [-0.9659f,0.2579f,-0.0218f,-0.0343f,0.2549f,0.9332f,-0.2532f,-0.3612f,-0.0449f,-0.2501f,-0.9672f,0.0604f,0f,0f,0f,1f],start_interpolation: 0,interpolation_duration: 1}