# This file was generated by Animated Java via MC-Build. It is not recommended to edit this file directly.
$data merge entity $(bone_nose) { transformation: [-0.9990482215818578f,0.043619387365336f,1.2246467991473532e-16f,-2.0816681711721685e-17f,0.043619387365336f,0.9990482215818578f,0f,-0.8125f,-1.223481206754078e-16f,5.341834311772723e-18f,-1f,0.1875f,0f,0f,0f,1f], start_interpolation: 0, interpolation_duration: 1 }
$data merge entity $(bone_left_arm) { transformation: [-1f,-1.2800966309040405e-17f,1.2179381383376328e-16f,-0.3125f,0f,0.9945219627288527f,0.10452782237256437f,-0.9375f,-1.2246467991473532e-16f,0.10452782237256437f,-0.9945219627288527f,-3.827021247335479e-17f,0f,0f,0f,1f], start_interpolation: 0, interpolation_duration: 1 }
$data merge entity $(bone_right_arm) { transformation: [-1f,1.1950458584155944e-17f,1.2188020498114922e-16f,0.3125f,0f,0.9952273999818312f,-0.09758289975914948f,-0.9375f,-1.2246467991473532e-16f,-0.09758289975914948f,-0.9952273999818312f,3.827021247335479e-17f,0f,0f,0f,1f], start_interpolation: 0, interpolation_duration: 1 }