# This file was generated by Animated Java via MC-Build. It is not recommended to edit this file directly.
$data merge entity $(bone_nose) { transformation: [-0.9990482215818578f,0.043619387365336f,1.2246467991473532e-16f,-2.0816681711721685e-17f,0.043619387365336f,0.9990482215818578f,0f,-0.8125f,-1.223481206754078e-16f,5.341834311772723e-18f,-1f,0.1875f,0f,0f,0f,1f], start_interpolation: 0, interpolation_duration: 1 }
$data merge entity $(bone_left_arm) { transformation: [-1f,-1.2607783044192682e-17f,1.218139632116497e-16f,-0.3125f,0f,0.9946864948853932f,0.10295036130393442f,-0.9375f,-1.2246467991473532e-16f,0.10295036130393442f,-0.9946864948853932f,-3.827021247335479e-17f,0f,0f,0f,1f], start_interpolation: 0, interpolation_duration: 1 }
$data merge entity $(bone_right_arm) { transformation: [-1f,1.149220673014242e-17f,1.2192426752328778e-16f,0.3125f,0f,0.9955871979429187f,-0.09384098940317928f,-0.9375f,-1.2246467991473532e-16f,-0.09384098940317928f,-0.9955871979429187f,3.827021247335479e-17f,0f,0f,0f,1f], start_interpolation: 0, interpolation_duration: 1 }