# This file was generated by Animated Java via MC-Build. It is not recommended to edit this file directly.
$data merge entity $(bone_nose) { transformation: [-0.999146696859105f,0.04130227784928901f,1.2246467991473532e-16f,-2.0816681711721685e-17f,0.04130227784928901f,0.999146696859105f,0f,-0.8125f,-1.2236018041871536e-16f,5.0580702365626415e-18f,-1f,0.1875f,0f,0f,0f,1f], start_interpolation: 0, interpolation_duration: 1 }
$data merge entity $(bone_left_arm) { transformation: [-1f,-1.361248516367024e-17f,1.2170578488423398e-16f,-0.3125f,0f,0.993803151806466f,0.11115437669985977f,-0.9375f,-1.2246467991473532e-16f,0.11115437669985977f,-0.993803151806466f,-3.827021247335479e-17f,0f,0f,0f,1f], start_interpolation: 0, interpolation_duration: 1 }
$data merge entity $(bone_right_arm) { transformation: [-1f,1.3141106908005885e-17f,1.2175758348394953e-16f,0.3125f,0f,0.9942261194715235f,-0.10730528114028662f,-0.9375f,-1.2246467991473532e-16f,-0.10730528114028662f,-0.9942261194715235f,3.827021247335479e-17f,0f,0f,0f,1f], start_interpolation: 0, interpolation_duration: 1 }