# This file was generated by Animated Java via MC-Build. It is not recommended to edit this file directly.
$data merge entity $(bone_nose) { transformation: [-0.9991432839663847f,0.041384756914450524f,1.2246467991473532e-16f,-2.0816681711721685e-17f,0.041384756914450524f,0.9991432839663847f,0f,-0.8125f,-1.2235976245990082e-16f,5.068171008877313e-18f,-1f,0.1875f,0f,0f,0f,1f], start_interpolation: 0, interpolation_duration: 1 }
$data merge entity $(bone_left_arm) { transformation: [-1f,-1.3863395339406054e-17f,1.2167745927772288e-16f,-0.3125f,0f,0.9935718556765875f,0.11320321376790671f,-0.9375f,-1.2246467991473532e-16f,0.11320321376790671f,-0.9935718556765875f,-3.827021247335479e-17f,0f,0f,0f,1f], start_interpolation: 0, interpolation_duration: 1 }
$data merge entity $(bone_right_arm) { transformation: [-1f,1.2637517699505095e-17f,1.2181088199751808e-16f,0.3125f,0f,0.9946613348626523f,-0.1031931631904303f,-0.9375f,-1.2246467991473532e-16f,-0.1031931631904303f,-0.9946613348626523f,3.827021247335479e-17f,0f,0f,0f,1f], start_interpolation: 0, interpolation_duration: 1 }