# This file was generated by Animated Java via MC-Build. It is not recommended to edit this file directly.
$data merge entity $(bone_nose) { transformation: [-0.9992890583276329f,0.037701165852961786f,1.2246467991473532e-16f,-2.0816681711721685e-17f,0.037701165852961786f,0.9992890583276329f,0f,-0.8125f,-1.2237761467039083e-16f,4.617061208595314e-18f,-1f,0.1875f,0f,0f,0f,1f], start_interpolation: 0, interpolation_duration: 1 }
$data merge entity $(bone_left_arm) { transformation: [-1f,-1.2105242910687469e-17f,1.2186492900212034e-16f,-0.3125f,0f,0.9951026621468936f,0.09884680970150422f,-0.9375f,-1.2246467991473532e-16f,0.09884680970150422f,-0.9951026621468936f,-3.827021247335479e-17f,0f,0f,0f,1f], start_interpolation: 0, interpolation_duration: 1 }
$data merge entity $(bone_right_arm) { transformation: [-1f,1.433049989788825e-17f,1.2162333081812553e-16f,0.3125f,0f,0.9931298632618354f,-0.11701741194167742f,-0.9375f,-1.2246467991473532e-16f,-0.11701741194167742f,-0.9931298632618354f,3.827021247335479e-17f,0f,0f,0f,1f], start_interpolation: 0, interpolation_duration: 1 }