# This file was generated by Animated Java via MC-Build. It is not recommended to edit this file directly.
$data merge entity $(bone_nose) { transformation: [-0.9992803205451876f,0.03793205730127617f,1.2246467991473532e-16f,-2.0816681711721685e-17f,0.03793205730127617f,0.9992803205451876f,0f,-0.8125f,-1.223765446006605e-16f,4.645337255908185e-18f,-1f,0.1875f,0f,0f,0f,1f], start_interpolation: 0, interpolation_duration: 1 }
$data merge entity $(bone_left_arm) { transformation: [-1f,-1.2328571272710843e-17f,1.218425383722461e-16f,-0.3125f,0f,0.9949198287790213f,0.10067042416878462f,-0.9375f,-1.2246467991473532e-16f,0.10067042416878462f,-0.9949198287790213f,-3.827021247335479e-17f,0f,0f,0f,1f], start_interpolation: 0, interpolation_duration: 1 }
$data merge entity $(bone_right_arm) { transformation: [-1f,1.3781712518540323e-17f,1.2168673808872882e-16f,0.3125f,0f,0.993647622918313f,-0.11253622291860549f,-0.9375f,-1.2246467991473532e-16f,-0.11253622291860549f,-0.993647622918313f,3.827021247335479e-17f,0f,0f,0f,1f], start_interpolation: 0, interpolation_duration: 1 }