# This file was generated by Animated Java via MC-Build. It is not recommended to edit this file directly.
$data merge entity $(bone_nose) { transformation: [-0.9994415421874432f,0.03341562134668831f,1.2246467991473532e-16f,-2.0816681711721685e-17f,0.03341562134668831f,0.9994415421874432f,0f,-0.8125f,-1.2239628855747468e-16f,4.09223337237418e-18f,-1f,0.1875f,0f,0f,0f,1f], start_interpolation: 0, interpolation_duration: 1 }
$data merge entity $(bone_left_arm) { transformation: [-1f,-1.0791788345874195e-17f,1.2198825816822056e-16f,-0.3125f,0f,0.9961097212123f,0.08812163926274791f,-0.9375f,-1.2246467991473532e-16f,0.08812163926274791f,-0.9961097212123f,-3.827021247335479e-17f,0f,0f,0f,1f], start_interpolation: 0, interpolation_duration: 1 }
$data merge entity $(bone_right_arm) { transformation: [-1f,1.4924690131530345e-17f,1.2155184676135683e-16f,0.3125f,0f,0.992546151641322f,-0.12186934340514746f,-0.9375f,-1.2246467991473532e-16f,-0.12186934340514746f,-0.992546151641322f,3.827021247335479e-17f,0f,0f,0f,1f], start_interpolation: 0, interpolation_duration: 1 }