# This file was generated by Animated Java via MC-Build. It is not recommended to edit this file directly.
$data merge entity $(bone_nose) { transformation: [-0.9994558799794155f,0.03298399573387277f,1.2246467991473532e-16f,-2.0816681711721685e-17f,0.03298399573387277f,0.9994558799794155f,0f,-0.8125f,-1.2239804443057925e-16f,4.0393744798577244e-18f,-1f,0.1875f,0f,0f,0f,1f], start_interpolation: 0, interpolation_duration: 1 }
$data merge entity $(bone_left_arm) { transformation: [-1f,-1.059614655899085e-17f,1.220054076863766e-16f,-0.3125f,0f,0.9962497576551992f,0.08652410283820854f,-0.9375f,-1.2246467991473532e-16f,0.08652410283820854f,-0.9962497576551992f,-3.827021247335479e-17f,0f,0f,0f,1f], start_interpolation: 0, interpolation_duration: 1 }
$data merge entity $(bone_right_arm) { transformation: [-1f,1.4195556929981427e-17f,1.2163915483949333e-16f,0.3125f,0f,0.9932590762020792f,-0.11591551898771897f,-0.9375f,-1.2246467991473532e-16f,-0.11591551898771897f,-0.9932590762020792f,3.827021247335479e-17f,0f,0f,0f,1f], start_interpolation: 0, interpolation_duration: 1 }