# This file was generated by Animated Java via MC-Build. It is not recommended to edit this file directly.
$data merge entity $(bone_nose) { transformation: [-0.9985817549138251f,-0.0532398230014481f,1.2246467991473532e-16f,-2.0816681711721685e-17f,-0.0532398230014481f,0.9985817549138251f,0f,-0.8125f,-1.2229099498421625e-16f,-6.5199978825895045e-18f,-1f,0.1875f,0f,0f,0f,1f], start_interpolation: 0, interpolation_duration: 1 }
$data merge entity $(bone_left_arm) { transformation: [-1f,9.085427249221307e-18f,1.2212719942059462e-16f,-0.3125f,0f,0.9972442626365767f,-0.07418814351653828f,-0.9375f,-1.2246467991473532e-16f,-0.07418814351653828f,-0.9972442626365767f,-3.827021247335479e-17f,0f,0f,0f,1f], start_interpolation: 0, interpolation_duration: 1 }
$data merge entity $(bone_right_arm) { transformation: [-1f,-4.864096193646479e-18f,1.2236804482722411e-16f,0.3125f,0f,0.9992109146279687f,0.03971835958770359f,-0.9375f,-1.2246467991473532e-16f,0.03971835958770359f,-0.9992109146279687f,3.827021247335479e-17f,0f,0f,0f,1f], start_interpolation: 0, interpolation_duration: 1 }