# This file was generated by Animated Java via MC-Build. It is not recommended to edit this file directly.
$data merge entity $(bone_nose) { transformation: [-0.9986650126956532f,-0.051654548856714874f,1.2246467991473532e-16f,-2.0816681711721685e-17f,-0.051654548856714874f,0.9986650126956532f,0f,-0.8125f,-1.2230119112181826e-16f,-6.325857791877645e-18f,-1f,0.1875f,0f,0f,0f,1f], start_interpolation: 0, interpolation_duration: 1 }
$data merge entity $(bone_left_arm) { transformation: [-1f,9.25329073502609e-18f,1.2211459551254165e-16f,-0.3125f,0f,0.9971413439169774f,-0.07555885289920809f,-0.9375f,-1.2246467991473532e-16f,-0.07555885289920809f,-0.9971413439169774f,-3.827021247335479e-17f,0f,0f,0f,1f], start_interpolation: 0, interpolation_duration: 1 }
$data merge entity $(bone_right_arm) { transformation: [-1f,-4.297565248133796e-18f,1.223892509967955e-16f,0.3125f,0f,0.9993840761434861f,0.03509228335162374f,-0.9375f,-1.2246467991473532e-16f,0.03509228335162374f,-0.9993840761434861f,3.827021247335479e-17f,0f,0f,0f,1f], start_interpolation: 0, interpolation_duration: 1 }