# This file was generated by Animated Java via MC-Build. It is not recommended to edit this file directly.
$data merge entity $(bone_nose) { transformation: [-0.9984370864953082f,-0.05588724640524484f,1.2246467991473532e-16f,-2.0816681711721685e-17f,-0.05588724640524484f,0.9984370864953082f,0f,-0.8125f,-1.2227327821264882e-16f,-6.844213742334251e-18f,-1f,0.1875f,0f,0f,0f,1f], start_interpolation: 0, interpolation_duration: 1 }
$data merge entity $(bone_left_arm) { transformation: [-1f,1.0596146558990858e-17f,1.220054076863766e-16f,-0.3125f,0f,0.9962497576551992f,-0.0865241028382086f,-0.9375f,-1.2246467991473532e-16f,-0.0865241028382086f,-0.9962497576551992f,-3.827021247335479e-17f,0f,0f,0f,1f], start_interpolation: 0, interpolation_duration: 1 }
$data merge entity $(bone_right_arm) { transformation: [-1f,-6.331238175054358e-18f,1.2230091271036906e-16f,0.3125f,0f,0.9986627392936455f,0.051698483019450285f,-0.9375f,-1.2246467991473532e-16f,0.051698483019450285f,-0.9986627392936455f,3.827021247335479e-17f,0f,0f,0f,1f], start_interpolation: 0, interpolation_duration: 1 }