# This file was generated by Animated Java via MC-Build. It is not recommended to edit this file directly.
$data merge entity $(bone_nose) { transformation: [-0.9983565405759713f,-0.057308096192238055f,1.2246467991473532e-16f,-2.0816681711721685e-17f,-0.057308096192238055f,0.9983565405759713f,0f,-0.8125f,-1.222634141824188e-16f,-7.018217656705296e-18f,-1f,0.1875f,0f,0f,0f,1f], start_interpolation: 0, interpolation_duration: 1 }
$data merge entity $(bone_left_arm) { transformation: [-1f,1.2105242910687469e-17f,1.2186492900212034e-16f,-0.3125f,0f,0.9951026621468936f,-0.09884680970150422f,-0.9375f,-1.2246467991473532e-16f,-0.09884680970150422f,-0.9951026621468936f,-3.827021247335479e-17f,0f,0f,0f,1f], start_interpolation: 0, interpolation_duration: 1 }
$data merge entity $(bone_right_arm) { transformation: [-1f,-7.797469573389601e-18f,1.2221619080494466e-16f,0.3125f,0f,0.9979709324356731f,0.06367117097614187f,-0.9375f,-1.2246467991473532e-16f,0.06367117097614187f,-0.9979709324356731f,3.827021247335479e-17f,0f,0f,0f,1f], start_interpolation: 0, interpolation_duration: 1 }