# This file was generated by Animated Java via MC-Build. It is not recommended to edit this file directly.
$data merge entity $(bone_nose) { transformation: [-0.9983916705573488f,-0.0566927875633775f,1.2246467991473532e-16f,-2.0816681711721685e-17f,-0.0566927875633775f,0.9983916705573488f,0f,-0.8125f,-1.222677163643436e-16f,-6.942864082423113e-18f,-1f,0.1875f,0f,0f,0f,1f], start_interpolation: 0, interpolation_duration: 1 }
$data merge entity $(bone_left_arm) { transformation: [-1f,1.232857127271084e-17f,1.218425383722461e-16f,-0.3125f,0f,0.9949198287790213f,-0.10067042416878459f,-0.9375f,-1.2246467991473532e-16f,-0.10067042416878459f,-0.9949198287790213f,-3.827021247335479e-17f,0f,0f,0f,1f], start_interpolation: 0, interpolation_duration: 1 }
$data merge entity $(bone_right_arm) { transformation: [-1f,-7.257321181674569e-18f,1.2224945446047844e-16f,0.3125f,0f,0.9982425507958154f,0.059260524640471025f,-0.9375f,-1.2246467991473532e-16f,0.059260524640471025f,-0.9982425507958154f,3.827021247335479e-17f,0f,0f,0f,1f], start_interpolation: 0, interpolation_duration: 1 }