# This file was generated by Animated Java via MC-Build. It is not recommended to edit this file directly.
$data merge entity $(bone_nose) { transformation: [-0.9983499609157946f,-0.05742260477748555f,1.2246467991473532e-16f,-2.0816681711721685e-17f,-0.05742260477748555f,0.9983499609157946f,0f,-0.8125f,-1.222626084064413e-16f,-7.03224091394512e-18f,-1f,0.1875f,0f,0f,0f,1f], start_interpolation: 0, interpolation_duration: 1 }
$data merge entity $(bone_left_arm) { transformation: [-1f,1.3863395339406054e-17f,1.2167745927772288e-16f,-0.3125f,0f,0.9935718556765875f,-0.11320321376790671f,-0.9375f,-1.2246467991473532e-16f,-0.11320321376790671f,-0.9935718556765875f,-3.827021247335479e-17f,0f,0f,0f,1f], start_interpolation: 0, interpolation_duration: 1 }
$data merge entity $(bone_right_arm) { transformation: [-1f,-8.735714172136484e-18f,1.2215271230931105e-16f,0.3125f,0f,0.9974525911826865f,0.07133251953313093f,-0.9375f,-1.2246467991473532e-16f,0.07133251953313093f,-0.9974525911826865f,3.827021247335479e-17f,0f,0f,0f,1f], start_interpolation: 0, interpolation_duration: 1 }