# This file was generated by Animated Java via MC-Build. It is not recommended to edit this file directly.
$data merge entity $(bone_nose) { transformation: [-0.9983684096418256f,-0.05710095121144655f,1.2246467991473532e-16f,-2.0816681711721685e-17f,-0.05710095121144655f,0.9983684096418256f,0f,-0.8125f,-1.2226486772376952e-16f,-6.99284971293672e-18f,-1f,0.1875f,0f,0f,0f,1f], start_interpolation: 0, interpolation_duration: 1 }
$data merge entity $(bone_left_arm) { transformation: [-1f,1.3612485163670245e-17f,1.2170578488423398e-16f,-0.3125f,0f,0.993803151806466f,-0.11115437669985981f,-0.9375f,-1.2246467991473532e-16f,-0.11115437669985981f,-0.993803151806466f,-3.827021247335479e-17f,0f,0f,0f,1f], start_interpolation: 0, interpolation_duration: 1 }
$data merge entity $(bone_right_arm) { transformation: [-1f,-9.262579509602185e-18f,1.2211389129598185e-16f,0.3125f,0f,0.9971355935523802f,0.07563470149965813f,-0.9375f,-1.2246467991473532e-16f,0.07563470149965813f,-0.9971355935523802f,3.827021247335479e-17f,0f,0f,0f,1f], start_interpolation: 0, interpolation_duration: 1 }