# This file was generated by Animated Java via MC-Build. It is not recommended to edit this file directly.
$data merge entity $(bone_nose) { transformation: [-0.9984756407813723f,-0.05519415518175824f,1.2246467991473532e-16f,-2.0816681711721685e-17f,-0.05519415518175824f,0.9984756407813723f,0f,-0.8125f,-1.22277999750951e-16f,-6.759334547498253e-18f,-1f,0.1875f,0f,0f,0f,1f], start_interpolation: 0, interpolation_duration: 1 }
$data merge entity $(bone_left_arm) { transformation: [-1f,1.2800966309040402e-17f,1.2179381383376328e-16f,-0.3125f,0f,0.9945219627288527f,-0.10452782237256435f,-0.9375f,-1.2246467991473532e-16f,-0.10452782237256435f,-0.9945219627288527f,-3.827021247335479e-17f,0f,0f,0f,1f], start_interpolation: 0, interpolation_duration: 1 }
$data merge entity $(bone_right_arm) { transformation: [-1f,-1.0726357265935081e-17f,1.2199402889659025e-16f,0.3125f,0f,0.9961568427854239f,0.08758735394893605f,-0.9375f,-1.2246467991473532e-16f,0.08758735394893605f,-0.9961568427854239f,3.827021247335479e-17f,0f,0f,0f,1f], start_interpolation: 0, interpolation_duration: 1 }