# This file was generated by Animated Java via MC-Build. It is not recommended to edit this file directly.
$data merge entity $(bone_nose) { transformation: [-0.9984207413769175f,-0.05617849400230061f,1.2246467991473532e-16f,-2.0816681711721685e-17f,-0.05617849400230061f,0.9984207413769175f,0f,-0.8125f,-1.2227127651295693e-16f,-6.879881286083622e-18f,-1f,0.1875f,0f,0f,0f,1f], start_interpolation: 0, interpolation_duration: 1 }
$data merge entity $(bone_left_arm) { transformation: [-1f,1.2607783044192679e-17f,1.218139632116497e-16f,-0.3125f,0f,0.9946864948853932f,-0.1029503613039344f,-0.9375f,-1.2246467991473532e-16f,-0.1029503613039344f,-0.9946864948853932f,-3.827021247335479e-17f,0f,0f,0f,1f], start_interpolation: 0, interpolation_duration: 1 }
$data merge entity $(bone_right_arm) { transformation: [-1f,-1.0212828628832997e-17f,1.220380922417942e-16f,0.3125f,0f,0.9965166473040379f,0.08339407440531887f,-0.9375f,-1.2246467991473532e-16f,0.08339407440531887f,-0.9965166473040379f,3.827021247335479e-17f,0f,0f,0f,1f], start_interpolation: 0, interpolation_duration: 1 }