# This file was generated by Animated Java via MC-Build. It is not recommended to edit this file directly.
$data merge entity $(bone_nose) { transformation: [-0.9986549772015666f,-0.05184820643511642f,1.2246467991473532e-16f,-2.0816681711721685e-17f,-0.05184820643511642f,0.9986549772015666f,0f,-0.8125f,-1.2229996212824715e-16f,-6.3495740052296525e-18f,-1f,0.1875f,0f,0f,0f,1f], start_interpolation: 0, interpolation_duration: 1 }
$data merge entity $(bone_left_arm) { transformation: [-1f,1.1524873755683762e-17f,1.2192118401464992e-16f,-0.3125f,0f,0.9955620191841125f,-0.09410773590971559f,-0.9375f,-1.2246467991473532e-16f,-0.09410773590971559f,-0.9955620191841125f,-3.827021247335479e-17f,0f,0f,0f,1f], start_interpolation: 0, interpolation_duration: 1 }
$data merge entity $(bone_right_arm) { transformation: [-1f,-1.2188592316230502e-17f,1.2185662084584202e-16f,0.3125f,0f,0.9950348209025113f,0.09952740924743914f,-0.9375f,-1.2246467991473532e-16f,0.09952740924743914f,-0.9950348209025113f,3.827021247335479e-17f,0f,0f,0f,1f], start_interpolation: 0, interpolation_duration: 1 }