# This file was generated by Animated Java via MC-Build. It is not recommended to edit this file directly.
$data merge entity $(bone_nose) { transformation: [-0.9988796171067647f,-0.047323466997285714f,1.2246467991473532e-16f,-2.0816681711721685e-17f,-0.047323466997285714f,0.9988796171067647f,0f,-0.8125f,-1.223274725823333e-16f,-5.795453238278135e-18f,-1f,0.1875f,0f,0f,0f,1f], start_interpolation: 0, interpolation_duration: 1 }
$data merge entity $(bone_left_arm) { transformation: [-1f,1.024751738560086e-17f,1.220351843283337e-16f,-0.3125f,0f,0.9964929023886672f,-0.08367732960013925f,-0.9375f,-1.2246467991473532e-16f,-0.08367732960013925f,-0.9964929023886672f,-3.827021247335479e-17f,0f,0f,0f,1f], start_interpolation: 0, interpolation_duration: 1 }
$data merge entity $(bone_right_arm) { transformation: [-1f,-1.263767862012518e-17f,1.218108653023736e-16f,0.3125f,0f,0.9946611985364522f,0.10319447720701205f,-0.9375f,-1.2246467991473532e-16f,0.10319447720701205f,-0.9946611985364522f,3.827021247335479e-17f,0f,0f,0f,1f], start_interpolation: 0, interpolation_duration: 1 }