# This file was generated by Animated Java via MC-Build. It is not recommended to edit this file directly.
$data merge entity $(bone_nose) { transformation: [-0.9988013960388243f,-0.04894661654185615f,1.2246467991473532e-16f,-2.0816681711721685e-17f,-0.04894661654185615f,0.9988013960388243f,0f,-0.8125f,-1.2231789326428542e-16f,-5.9942317277077025e-18f,-1f,0.1875f,0f,0f,0f,1f], start_interpolation: 0, interpolation_duration: 1 }
$data merge entity $(bone_left_arm) { transformation: [-1f,1.0092669127425556e-17f,1.2204808829515886e-16f,-0.3125f,0f,0.9965982712740806f,-0.0824128976162961f,-0.9375f,-1.2246467991473532e-16f,-0.0824128976162961f,-0.9965982712740806f,-3.827021247335479e-17f,0f,0f,0f,1f], start_interpolation: 0, interpolation_duration: 1 }
$data merge entity $(bone_right_arm) { transformation: [-1f,-1.316235741495816e-17f,1.2175528807365811e-16f,0.3125f,0f,0.994207376024082f,0.10747880469799379f,-0.9375f,-1.2246467991473532e-16f,0.10747880469799379f,-0.994207376024082f,3.827021247335479e-17f,0f,0f,0f,1f], start_interpolation: 0, interpolation_duration: 1 }