# This file was generated by Animated Java via MC-Build. It is not recommended to edit this file directly.
$data merge entity $(bone_nose) { transformation: [-0.9990513580436179f,-0.04354749121594556f,1.2246467991473532e-16f,-2.0816681711721685e-17f,-0.04354749121594556f,0.9990513580436179f,0f,-0.8125f,-1.2234850478119329e-16f,-5.3330295728505214e-18f,-1f,0.1875f,0f,0f,0f,1f], start_interpolation: 0, interpolation_duration: 1 }
$data merge entity $(bone_left_arm) { transformation: [-1f,8.833435021949983e-18f,1.221456845424003e-16f,-0.3125f,0f,0.9973952051109174f,-0.07213047082718188f,-0.9375f,-1.2246467991473532e-16f,-0.07213047082718188f,-0.9973952051109174f,-3.827021247335479e-17f,0f,0f,0f,1f], start_interpolation: 0, interpolation_duration: 1 }
$data merge entity $(bone_right_arm) { transformation: [-1f,-1.1522284557659558e-17f,1.2192142873666998e-16f,0.3125f,0f,0.9955640174910548f,0.09408659350338254f,-0.9375f,-1.2246467991473532e-16f,0.09408659350338254f,-0.9955640174910548f,3.827021247335479e-17f,0f,0f,0f,1f], start_interpolation: 0, interpolation_duration: 1 }