# This file was generated by Animated Java via MC-Build. It is not recommended to edit this file directly.
$data merge entity $(bone_nose) { transformation: [-0.9991226312914946f,-0.041880396860108374f,1.2246467991473532e-16f,-2.0816681711721685e-17f,-0.041880396860108374f,0.9991226312914946f,0f,-0.8125f,-1.22357233236681e-16f,-5.128869396175258e-18f,-1f,0.1875f,0f,0f,0f,1f], start_interpolation: 0, interpolation_duration: 1 }
$data merge entity $(bone_left_arm) { transformation: [-1f,8.969037273588192e-18f,1.2213580227354943e-16f,-0.3125f,0f,0.9973145102619395f,-0.0732377472413498f,-0.9375f,-1.2246467991473532e-16f,-0.0732377472413498f,-0.9973145102619395f,-3.827021247335479e-17f,0f,0f,0f,1f], start_interpolation: 0, interpolation_duration: 1 }
$data merge entity $(bone_right_arm) { transformation: [-1f,-1.1062588984476172e-17f,1.2196399858802236e-16f,0.3125f,0f,0.9959116267068877f,0.09033289428575143f,-0.9375f,-1.2246467991473532e-16f,0.09033289428575143f,-0.9959116267068877f,3.827021247335479e-17f,0f,0f,0f,1f], start_interpolation: 0, interpolation_duration: 1 }