# This file was generated by Animated Java via MC-Build. It is not recommended to edit this file directly.
$data merge entity $(bone_nose) { transformation: [-0.9993021607252605f,-0.037352263249040556f,1.2246467991473532e-16f,-2.0816681711721685e-17f,-0.037352263249040556f,0.9993021607252605f,0f,-0.8125f,-1.223792192513224e-16f,-4.5743329628846834e-18f,-1f,0.1875f,0f,0f,0f,1f], start_interpolation: 0, interpolation_duration: 1 }
$data merge entity $(bone_left_arm) { transformation: [-1f,7.573261362254568e-18f,1.222302889588238e-16f,-0.3125f,0f,0.9980860525983922f,-0.061840371995642886f,-0.9375f,-1.2246467991473532e-16f,-0.061840371995642886f,-0.9980860525983922f,-3.827021247335479e-17f,0f,0f,0f,1f], start_interpolation: 0, interpolation_duration: 1 }
$data merge entity $(bone_right_arm) { transformation: [-1f,-9.880123956919268e-18f,1.2206547823694662e-16f,0.3125f,0f,0.9967402709249177f,0.08067733458984415f,-0.9375f,-1.2246467991473532e-16f,0.08067733458984415f,-0.9967402709249177f,3.827021247335479e-17f,0f,0f,0f,1f], start_interpolation: 0, interpolation_duration: 1 }