# This file was generated by Animated Java via MC-Build. It is not recommended to edit this file directly.
$data merge entity $(bone_nose) { transformation: [-0.9993597012038863f,-0.03577970946890252f,1.2246467991473532e-16f,-2.0816681711721685e-17f,-0.03577970946890252f,0.9993597012038863f,0f,-0.8125f,-1.2238626592761945e-16f,-4.381750667551372e-18f,-1f,0.1875f,0f,0f,0f,1f], start_interpolation: 0, interpolation_duration: 1 }
$data merge entity $(bone_left_arm) { transformation: [-1f,7.689573617671692e-18f,1.2222302681654135e-16f,-0.3125f,0f,0.9980267527064764f,-0.06279013363710641f,-0.9375f,-1.2246467991473532e-16f,-0.06279013363710641f,-0.9980267527064764f,-3.827021247335479e-17f,0f,0f,0f,1f], start_interpolation: 0, interpolation_duration: 1 }
$data merge entity $(bone_right_arm) { transformation: [-1f,-9.485652074730974e-18f,1.2209676585125311e-16f,0.3125f,0f,0.9969957536839327f,0.0774562272267829f,-0.9375f,-1.2246467991473532e-16f,0.0774562272267829f,-0.9969957536839327f,3.827021247335479e-17f,0f,0f,0f,1f], start_interpolation: 0, interpolation_duration: 1 }