# This file was generated by Animated Java via MC-Build. It is not recommended to edit this file directly.
$data merge entity $(bone_nose) { transformation: [-0.9994996838147123f,0.031628816833548665f,1.2246467991473532e-16f,-2.0816681711721685e-17f,0.031628816833548665f,0.9994996838147123f,0f,-0.8125f,-1.224034088532479e-16f,3.87341292960233e-18f,-1f,0.1875f,0f,0f,0f,1f], start_interpolation: 0, interpolation_duration: 1 }
$data merge entity $(bone_left_arm) { transformation: [-1f,-6.3122821846996655e-18f,1.2230189254561558e-16f,-0.3125f,0f,0.9986707402556143f,0.05154369561162061f,-0.9375f,-1.2246467991473532e-16f,0.05154369561162061f,-0.9986707402556143f,-3.827021247335479e-17f,0f,0f,0f,1f], start_interpolation: 0, interpolation_duration: 1 }
$data merge entity $(bone_right_arm) { transformation: [-1f,5.752452978537956e-18f,1.2232950221164267e-16f,0.3125f,0f,0.9988961902877893f,-0.04697234323025249f,-0.9375f,-1.2246467991473532e-16f,-0.04697234323025249f,-0.9988961902877893f,3.827021247335479e-17f,0f,0f,0f,1f], start_interpolation: 0, interpolation_duration: 1 }