# This file was generated by Animated Java via MC-Build. It is not recommended to edit this file directly.
$data merge entity $(bone_nose) { transformation: [-0.9993090701927474f,0.0371669507830106f,1.2246467991473532e-16f,-2.0816681711721685e-17f,0.0371669507830106f,0.9993090701927474f,0f,-0.8125f,-1.2238006541704657e-16f,4.551638731048114e-18f,-1f,0.1875f,0f,0f,0f,1f], start_interpolation: 0, interpolation_duration: 1 }
$data merge entity $(bone_left_arm) { transformation: [-1f,-7.573261362254567e-18f,1.222302889588238e-16f,-0.3125f,0f,0.9980860525983922f,0.06184037199564288f,-0.9375f,-1.2246467991473532e-16f,0.06184037199564288f,-0.9980860525983922f,-3.827021247335479e-17f,0f,0f,0f,1f], start_interpolation: 0, interpolation_duration: 1 }
$data merge entity $(bone_right_arm) { transformation: [-1f,6.901825726362941e-18f,1.222700397818758e-16f,0.3125f,0f,0.9984106427012668f,-0.05635768395563734f,-0.9375f,-1.2246467991473532e-16f,-0.05635768395563734f,-0.9984106427012668f,3.827021247335479e-17f,0f,0f,0f,1f], start_interpolation: 0, interpolation_duration: 1 }