# This file was generated by Animated Java via MC-Build. It is not recommended to edit this file directly.
$data merge entity $(bone_nose) { transformation: [-0.9991373865891984f,0.0415268915247301f,1.2246467991473532e-16f,-2.0816681711721685e-17f,0.0415268915247301f,0.9991373865891984f,0f,-0.8125f,-1.2235904023949135e-16f,5.085577478430007e-18f,-1f,0.1875f,0f,0f,0f,1f], start_interpolation: 0, interpolation_duration: 1 }
$data merge entity $(bone_left_arm) { transformation: [-1f,-8.969037273588192e-18f,1.2213580227354943e-16f,-0.3125f,0f,0.9973145102619395f,0.0732377472413498f,-0.9375f,-1.2246467991473532e-16f,0.0732377472413498f,-0.9973145102619395f,-3.827021247335479e-17f,0f,0f,0f,1f], start_interpolation: 0, interpolation_duration: 1 }
$data merge entity $(bone_right_arm) { transformation: [-1f,8.372119536940436e-18f,1.2217817088611925e-16f,0.3125f,0f,0.9976604762384097f,-0.06836354402566872f,-0.9375f,-1.2246467991473532e-16f,-0.06836354402566872f,-0.9976604762384097f,3.827021247335479e-17f,0f,0f,0f,1f], start_interpolation: 0, interpolation_duration: 1 }