# This file was generated by Animated Java via MC-Build. It is not recommended to edit this file directly.
$data merge entity $(bone_nose) { transformation: [-0.999017526045259f,0.044316843913011945f,1.2246467991473532e-16f,-2.0816681711721685e-17f,0.044316843913011945f,0.999017526045259f,0f,-0.8125f,-1.223443615563434e-16f,5.427248104638294e-18f,-1f,0.1875f,0f,0f,0f,1f], start_interpolation: 0, interpolation_duration: 1 }
$data merge entity $(bone_left_arm) { transformation: [-1f,-1.0247517385600868e-17f,1.220351843283337e-16f,-0.3125f,0f,0.9964929023886672f,0.08367732960013931f,-0.9375f,-1.2246467991473532e-16f,0.08367732960013931f,-0.9964929023886672f,-3.827021247335479e-17f,0f,0f,0f,1f], start_interpolation: 0, interpolation_duration: 1 }
$data merge entity $(bone_right_arm) { transformation: [-1f,9.565851001106088e-18f,1.2209050872710465e-16f,0.3125f,0f,0.996944660387867f,-0.07811110115803353f,-0.9375f,-1.2246467991473532e-16f,-0.07811110115803353f,-0.996944660387867f,3.827021247335479e-17f,0f,0f,0f,1f], start_interpolation: 0, interpolation_duration: 1 }