# This file was generated by Animated Java via MC-Build. It is not recommended to edit this file directly.
$data merge entity $(bone_nose) { transformation: [-0.9989804426856664f,0.045145045481756414f,1.2246467991473532e-16f,-2.0816681711721685e-17f,0.045145045481756414f,0.9989804426856664f,0f,-0.8125f,-1.2233982015458074e-16f,5.528673544659468e-18f,-1f,0.1875f,0f,0f,0f,1f], start_interpolation: 0, interpolation_duration: 1 }
$data merge entity $(bone_left_arm) { transformation: [-1f,-1.1524873755683769e-17f,1.2192118401464992e-16f,-0.3125f,0f,0.9955620191841125f,0.09410773590971563f,-0.9375f,-1.2246467991473532e-16f,0.09410773590971563f,-0.9955620191841125f,-3.827021247335479e-17f,0f,0f,0f,1f], start_interpolation: 0, interpolation_duration: 1 }
$data merge entity $(bone_right_arm) { transformation: [-1f,1.0758668665713262e-17f,1.219911835960287e-16f,0.3125f,0f,0.9961336091431725f,-0.08785119655074317f,-0.9375f,-1.2246467991473532e-16f,-0.08785119655074317f,-0.9961336091431725f,3.827021247335479e-17f,0f,0f,0f,1f], start_interpolation: 0, interpolation_duration: 1 }