# This file was generated by Animated Java via MC-Build. It is not recommended to edit this file directly.
$data merge entity $(bone_head) {transformation: [-0.9992f,0.0393f,0f,0f,0.0393f,0.9992f,0f,-1.125f,0f,0f,-1f,0f,0f,0f,0f,1f],start_interpolation: 0,interpolation_duration: 1}
$data merge entity $(bone_clothing) {transformation: [-0.9992f,0.0393f,0f,0f,0.0393f,0.9992f,0f,-1.125f,0f,0f,-1f,0f,0f,0f,0f,1f],start_interpolation: 0,interpolation_duration: 1}
$data merge entity $(bone_left_leg) {transformation: [-1f,0f,0f,0f,0f,0.9877f,-0.1564f,-1.125f,0f,-0.1564f,-0.9877f,0.0563f,0f,0f,0f,1f],start_interpolation: 0,interpolation_duration: 1}
$data merge entity $(bone_nose) {transformation: [-0.9992f,-0.0393f,0f,0.0563f,-0.0393f,0.9992f,0f,-1.125f,0f,0f,-1f,0f,0f,0f,0f,1f],start_interpolation: 0,interpolation_duration: 1}
$data merge entity $(bone_right_leg) {transformation: [-1f,0f,0f,0f,0f,0.9877f,0.1564f,-1.125f,0f,0.1564f,-0.9877f,-0.0562f,0f,0f,0f,1f],start_interpolation: 0,interpolation_duration: 1}
$data merge entity $(bone_left_arm) {transformation: [-0.9992f,0.0392f,0.0012f,0f,0.0391f,0.9923f,0.1175f,-1.125f,0.0034f,0.1175f,-0.9931f,-0.0562f,0f,0f,0f,1f],start_interpolation: 0,interpolation_duration: 1}
$data merge entity $(bone_right_arm) {transformation: [-0.9992f,0.0392f,-0.0012f,0f,0.0391f,0.9923f,-0.1175f,-1.125f,-0.0034f,-0.1175f,-0.9931f,0.0563f,0f,0f,0f,1f],start_interpolation: 0,interpolation_duration: 1}