# This file was generated by Animated Java via MC-Build. It is not recommended to edit this file directly.
$data merge entity $(bone_head) {transformation: [-0.9999f,0.0131f,0f,0f,0.0131f,0.9999f,0f,-1.125f,0f,0f,-1f,0f,0f,0f,0f,1f],start_interpolation: 0,interpolation_duration: 1}
$data merge entity $(bone_clothing) {transformation: [-0.9999f,0.0131f,0f,0f,0.0131f,0.9999f,0f,-1.125f,0f,0f,-1f,0f,0f,0f,0f,1f],start_interpolation: 0,interpolation_duration: 1}
$data merge entity $(bone_left_leg) {transformation: [-1f,0f,0f,0f,0f,0.9986f,-0.0523f,-1.125f,0f,-0.0523f,-0.9986f,0.0188f,0f,0f,0f,1f],start_interpolation: 0,interpolation_duration: 1}
$data merge entity $(bone_nose) {transformation: [-0.9999f,-0.0131f,0f,0.0188f,-0.0131f,0.9999f,0f,-1.125f,0f,0f,-1f,0f,0f,0f,0f,1f],start_interpolation: 0,interpolation_duration: 1}
$data merge entity $(bone_right_leg) {transformation: [-1f,0f,0f,0f,0f,0.9986f,0.0523f,-1.125f,0f,0.0523f,-0.9986f,-0.0188f,0f,0f,0f,1f],start_interpolation: 0,interpolation_duration: 1}
$data merge entity $(bone_left_arm) {transformation: [-0.9999f,0.0131f,-0.0006f,0f,0.013f,0.9991f,0.0392f,-1.125f,0.0011f,0.0392f,-0.9992f,-0.0188f,0f,0f,0f,1f],start_interpolation: 0,interpolation_duration: 1}
$data merge entity $(bone_right_arm) {transformation: [-0.9999f,0.0131f,0.0006f,0f,0.013f,0.9991f,-0.0392f,-1.125f,-0.0011f,-0.0392f,-0.9992f,0.0188f,0f,0f,0f,1f],start_interpolation: 0,interpolation_duration: 1}