# This file was generated by Animated Java via MC-Build. It is not recommended to edit this file directly.
$data merge entity $(bone_head) {transformation: [-1f,0.0087f,0f,0f,0.0087f,1f,0f,-1.125f,0f,0f,-1f,0f,0f,0f,0f,1f],start_interpolation: 0,interpolation_duration: 2}
$data merge entity $(bone_clothing) {transformation: [-1f,0.0087f,0f,0f,0.0087f,1f,0f,-1.125f,0f,0f,-1f,0f,0f,0f,0f,1f],start_interpolation: 0,interpolation_duration: 2}
$data merge entity $(bone_left_leg) {transformation: [-1f,0f,0f,0f,0f,0.9994f,-0.0349f,-1.125f,0f,-0.0349f,-0.9994f,0.0125f,0f,0f,0f,1f],start_interpolation: 0,interpolation_duration: 2}
$data merge entity $(bone_nose) {transformation: [-1f,-0.0087f,0f,0.0125f,-0.0087f,1f,0f,-1.125f,0f,0f,-1f,0f,0f,0f,0f,1f],start_interpolation: 0,interpolation_duration: 2}
$data merge entity $(bone_right_leg) {transformation: [-1f,0f,0f,0f,0f,0.9994f,0.0349f,-1.125f,0f,0.0349f,-0.9994f,-0.0125f,0f,0f,0f,1f],start_interpolation: 0,interpolation_duration: 2}
$data merge entity $(bone_left_arm) {transformation: [-1f,0.0087f,-0.0005f,0f,0.0087f,0.9996f,0.0262f,-1.125f,0.0008f,0.0262f,-0.9997f,-0.0125f,0f,0f,0f,1f],start_interpolation: 0,interpolation_duration: 2}
$data merge entity $(bone_right_arm) {transformation: [-1f,0.0087f,0.0005f,0f,0.0087f,0.9996f,-0.0262f,-1.125f,-0.0008f,-0.0262f,-0.9997f,0.0125f,0f,0f,0f,1f],start_interpolation: 0,interpolation_duration: 2}