# This file was generated by Animated Java via MC-Build. It is not recommended to edit this file directly.
$data merge entity $(bone_head) {transformation: [-0.9994f,-0.0349f,0f,0f,-0.0349f,0.9994f,0f,-1.125f,0f,0f,-1f,0f,0f,0f,0f,1f],start_interpolation: 0,interpolation_duration: 2}
$data merge entity $(bone_clothing) {transformation: [-0.9994f,-0.0349f,0f,0f,-0.0349f,0.9994f,0f,-1.125f,0f,0f,-1f,0f,0f,0f,0f,1f],start_interpolation: 0,interpolation_duration: 2}
$data merge entity $(bone_left_leg) {transformation: [-1f,0f,0f,0f,0f,0.9903f,0.1392f,-1.125f,0f,0.1392f,-0.9903f,-0.05f,0f,0f,0f,1f],start_interpolation: 0,interpolation_duration: 2}
$data merge entity $(bone_nose) {transformation: [-0.9994f,0.0349f,0f,-0.05f,0.0349f,0.9994f,0f,-1.125f,0f,0f,-1f,0f,0f,0f,0f,1f],start_interpolation: 0,interpolation_duration: 2}
$data merge entity $(bone_right_leg) {transformation: [-1f,0f,0f,0f,0f,0.9903f,-0.1392f,-1.125f,0f,-0.1392f,-0.9903f,0.05f,0f,0f,0f,1f],start_interpolation: 0,interpolation_duration: 2}
$data merge entity $(bone_left_arm) {transformation: [-0.9994f,-0.0349f,0.0009f,0f,-0.0349f,0.997f,-0.0697f,-1.125f,0.0015f,-0.0697f,-0.9976f,0.025f,0f,0f,0f,1f],start_interpolation: 0,interpolation_duration: 2}
$data merge entity $(bone_right_arm) {transformation: [-0.9994f,-0.0349f,-0.0009f,0f,-0.0349f,0.997f,0.0697f,-1.125f,-0.0015f,0.0697f,-0.9976f,-0.05f,0f,0f,0f,1f],start_interpolation: 0,interpolation_duration: 2}