# This file was generated by Animated Java via MC-Build. It is not recommended to edit this file directly.
$data merge entity $(bone_head) {transformation: [-0.9998f,-0.0218f,0f,0f,-0.0218f,0.9998f,0f,-1.125f,0f,0f,-1f,0f,0f,0f,0f,1f],start_interpolation: 0,interpolation_duration: 2}
$data merge entity $(bone_clothing) {transformation: [-0.9998f,-0.0218f,0f,0f,-0.0218f,0.9998f,0f,-1.125f,0f,0f,-1f,0f,0f,0f,0f,1f],start_interpolation: 0,interpolation_duration: 2}
$data merge entity $(bone_left_leg) {transformation: [-1f,0f,0f,0f,0f,0.9962f,0.0872f,-1.125f,0f,0.0872f,-0.9962f,-0.0312f,0f,0f,0f,1f],start_interpolation: 0,interpolation_duration: 2}
$data merge entity $(bone_nose) {transformation: [-0.9998f,0.0218f,0f,-0.0312f,0.0218f,0.9998f,0f,-1.125f,0f,0f,-1f,0f,0f,0f,0f,1f],start_interpolation: 0,interpolation_duration: 2}
$data merge entity $(bone_right_leg) {transformation: [-1f,0f,0f,0f,0f,0.9962f,-0.0872f,-1.125f,0f,-0.0872f,-0.9962f,0.0313f,0f,0f,0f,1f],start_interpolation: 0,interpolation_duration: 2}
$data merge entity $(bone_left_arm) {transformation: [-0.9998f,-0.0218f,0f,0f,-0.0218f,0.9988f,-0.0436f,-1.125f,0.001f,-0.0436f,-0.999f,0.0156f,0f,0f,0f,1f],start_interpolation: 0,interpolation_duration: 2}
$data merge entity $(bone_right_arm) {transformation: [-0.9998f,-0.0218f,0f,0f,-0.0218f,0.9988f,0.0436f,-1.125f,-0.001f,0.0436f,-0.999f,-0.0312f,0f,0f,0f,1f],start_interpolation: 0,interpolation_duration: 2}