# This file was generated by Animated Java via MC-Build. It is not recommended to edit this file directly.
$data merge entity $(bone_head) {transformation: [-0.9998f,-0.0175f,0f,0f,-0.0175f,0.9998f,0f,-1.125f,0f,0f,-1f,0f,0f,0f,0f,1f],start_interpolation: 0,interpolation_duration: 1}
$data merge entity $(bone_clothing) {transformation: [-0.9998f,-0.0175f,0f,0f,-0.0175f,0.9998f,0f,-1.125f,0f,0f,-1f,0f,0f,0f,0f,1f],start_interpolation: 0,interpolation_duration: 1}
$data merge entity $(bone_left_leg) {transformation: [-1f,0f,0f,0f,0f,0.9976f,0.0698f,-1.125f,0f,0.0698f,-0.9976f,-0.025f,0f,0f,0f,1f],start_interpolation: 0,interpolation_duration: 1}
$data merge entity $(bone_nose) {transformation: [-0.9998f,0.0175f,0f,-0.025f,0.0175f,0.9998f,0f,-1.125f,0f,0f,-1f,0f,0f,0f,0f,1f],start_interpolation: 0,interpolation_duration: 1}
$data merge entity $(bone_right_leg) {transformation: [-1f,0f,0f,0f,0f,0.9976f,-0.0698f,-1.125f,0f,-0.0698f,-0.9976f,0.025f,0f,0f,0f,1f],start_interpolation: 0,interpolation_duration: 1}
$data merge entity $(bone_left_arm) {transformation: [-0.9998f,-0.0175f,-0.0002f,0f,-0.0174f,0.9992f,-0.0349f,-1.125f,0.0008f,-0.0349f,-0.9994f,0.0125f,0f,0f,0f,1f],start_interpolation: 0,interpolation_duration: 1}
$data merge entity $(bone_right_arm) {transformation: [-0.9998f,-0.0175f,0.0002f,0f,-0.0174f,0.9992f,0.0349f,-1.125f,-0.0008f,0.0349f,-0.9994f,-0.025f,0f,0f,0f,1f],start_interpolation: 0,interpolation_duration: 1}