# This file was generated by Animated Java via MC-Build. It is not recommended to edit this file directly.
$data merge entity $(bone_head) {transformation: [-0.9997f,0.0262f,0f,0f,0.0262f,0.9997f,0f,-1.125f,0f,0f,-1f,0f,0f,0f,0f,1f],start_interpolation: 0,interpolation_duration: 2}
$data merge entity $(bone_clothing) {transformation: [-0.9997f,0.0262f,0f,0f,0.0262f,0.9997f,0f,-1.125f,0f,0f,-1f,0f,0f,0f,0f,1f],start_interpolation: 0,interpolation_duration: 2}
$data merge entity $(bone_left_leg) {transformation: [-1f,0f,0f,0f,0f,0.9945f,-0.1045f,-1.125f,0f,-0.1045f,-0.9945f,0.0375f,0f,0f,0f,1f],start_interpolation: 0,interpolation_duration: 2}
$data merge entity $(bone_nose) {transformation: [-0.9997f,-0.0262f,0f,0.0375f,-0.0262f,0.9997f,0f,-1.125f,0f,0f,-1f,0f,0f,0f,0f,1f],start_interpolation: 0,interpolation_duration: 2}
$data merge entity $(bone_right_leg) {transformation: [-1f,0f,0f,0f,0f,0.9945f,0.1045f,-1.125f,0f,0.1045f,-0.9945f,-0.0375f,0f,0f,0f,1f],start_interpolation: 0,interpolation_duration: 2}
$data merge entity $(bone_left_arm) {transformation: [-0.9997f,0.0262f,-0.0002f,0f,0.0261f,0.9966f,0.0784f,-1.125f,0.0023f,0.0784f,-0.9969f,-0.0375f,0f,0f,0f,1f],start_interpolation: 0,interpolation_duration: 2}
$data merge entity $(bone_right_arm) {transformation: [-0.9997f,0.0262f,0.0002f,0f,0.0261f,0.9966f,-0.0784f,-1.125f,-0.0023f,-0.0784f,-0.9969f,0.0375f,0f,0f,0f,1f],start_interpolation: 0,interpolation_duration: 2}