# This file was generated by Animated Java via MC-Build. It is not recommended to edit this file directly.
$data merge entity $(bone_head) {transformation: [-0.9995f,0.0305f,0f,0f,0.0305f,0.9995f,0f,-1.125f,0f,0f,-1f,0f,0f,0f,0f,1f],start_interpolation: 0,interpolation_duration: 1}
$data merge entity $(bone_clothing) {transformation: [-0.9995f,0.0305f,0f,0f,0.0305f,0.9995f,0f,-1.125f,0f,0f,-1f,0f,0f,0f,0f,1f],start_interpolation: 0,interpolation_duration: 1}
$data merge entity $(bone_left_leg) {transformation: [-1f,0f,0f,0f,0f,0.9925f,-0.1219f,-1.125f,0f,-0.1219f,-0.9925f,0.0438f,0f,0f,0f,1f],start_interpolation: 0,interpolation_duration: 1}
$data merge entity $(bone_nose) {transformation: [-0.9995f,-0.0305f,0f,0.0438f,-0.0305f,0.9995f,0f,-1.125f,0f,0f,-1f,0f,0f,0f,0f,1f],start_interpolation: 0,interpolation_duration: 1}
$data merge entity $(bone_right_leg) {transformation: [-1f,0f,0f,0f,0f,0.9925f,0.1219f,-1.125f,0f,0.1219f,-0.9925f,-0.0437f,0f,0f,0f,1f],start_interpolation: 0,interpolation_duration: 1}
$data merge entity $(bone_left_arm) {transformation: [-0.9995f,0.0305f,0.0001f,0f,0.0304f,0.9953f,0.0915f,-1.125f,0.0027f,0.0914f,-0.9958f,-0.0437f,0f,0f,0f,1f],start_interpolation: 0,interpolation_duration: 1}
$data merge entity $(bone_right_arm) {transformation: [-0.9995f,0.0305f,-0.0001f,0f,0.0304f,0.9953f,-0.0915f,-1.125f,-0.0027f,-0.0914f,-0.9958f,0.0438f,0f,0f,0f,1f],start_interpolation: 0,interpolation_duration: 1}