# This file was generated by Animated Java via MC-Build. It is not recommended to edit this file directly.
$data merge entity $(bone_head) { transformation: [-0.9983081582712682f,-0.0581448289104758f,1.2246467991473532e-16f,0f,-0.0581448289104758f,0.9983081582712682f,0f,-0.5f,-1.2225748905895979e-16f,-7.120687861218467e-18f,-1f,0f,0f,0f,0f,1f], start_interpolation: 0, interpolation_duration: 1 }
$data merge entity $(bone_leg0) { transformation: [-1f,-2.5461838666528298e-17f,1.1978853283323184e-16f,-0.12499999999999997f,0f,0.9781476007338057f,0.20791169081775923f,-1.25f,-1.2246467991473532e-16f,0.20791169081775923f,-0.9781476007338057f,-0.25f,0f,0f,0f,1f], start_interpolation: 0, interpolation_duration: 1 }
$data merge entity $(bone_leg1) { transformation: [-1f,2.5461838666528298e-17f,1.1978853283323184e-16f,0.12500000000000003f,0f,0.9781476007338057f,-0.20791169081775923f,-1.25f,-1.2246467991473532e-16f,-0.20791169081775923f,-0.9781476007338057f,-0.24999999999999997f,0f,0f,0f,1f], start_interpolation: 0, interpolation_duration: 1 }
$data merge entity $(bone_leg2) { transformation: [-1f,2.5461838666528298e-17f,1.1978853283323184e-16f,-0.12500000000000003f,0f,0.9781476007338057f,-0.20791169081775923f,-1.25f,-1.2246467991473532e-16f,-0.20791169081775923f,-0.9781476007338057f,0.24999999999999997f,0f,0f,0f,1f], start_interpolation: 0, interpolation_duration: 1 }
$data merge entity $(bone_leg3) { transformation: [-1f,-2.5461838666528298e-17f,1.1978853283323184e-16f,0.12499999999999997f,0f,0.9781476007338057f,0.20791169081775923f,-1.25f,-1.2246467991473532e-16f,0.20791169081775923f,-0.9781476007338057f,0.25f,0f,0f,0f,1f], start_interpolation: 0, interpolation_duration: 1 }