# This file was generated by Animated Java via MC-Build. It is not recommended to edit this file directly.
$data merge entity $(bone_head) { transformation: [-0.9961946980917455f,-0.08715574274765818f,1.2246467991473532e-16f,0f,-0.08715574274765818f,0.9961946980917455f,0f,-0.5f,-1.2199866483456202e-16f,-1.0673500138322974e-17f,-1f,0f,0f,0f,0f,1f], start_interpolation: 0, interpolation_duration: 1 }
$data merge entity $(bone_leg0) { transformation: [-1f,-2.5461838666528298e-17f,1.1978853283323184e-16f,-0.12499999999999997f,0f,0.9781476007338057f,0.20791169081775923f,-1.25f,-1.2246467991473532e-16f,0.20791169081775923f,-0.9781476007338057f,-0.25f,0f,0f,0f,1f], start_interpolation: 0, interpolation_duration: 1 }
$data merge entity $(bone_leg1) { transformation: [-1f,2.5461838666528298e-17f,1.1978853283323184e-16f,0.12500000000000003f,0f,0.9781476007338057f,-0.20791169081775923f,-1.25f,-1.2246467991473532e-16f,-0.20791169081775923f,-0.9781476007338057f,-0.24999999999999997f,0f,0f,0f,1f], start_interpolation: 0, interpolation_duration: 1 }
$data merge entity $(bone_leg2) { transformation: [-1f,2.5461838666528298e-17f,1.1978853283323184e-16f,-0.12500000000000003f,0f,0.9781476007338057f,-0.20791169081775923f,-1.25f,-1.2246467991473532e-16f,-0.20791169081775923f,-0.9781476007338057f,0.24999999999999997f,0f,0f,0f,1f], start_interpolation: 0, interpolation_duration: 1 }
$data merge entity $(bone_leg3) { transformation: [-1f,-2.5461838666528298e-17f,1.1978853283323184e-16f,0.12499999999999997f,0f,0.9781476007338057f,0.20791169081775923f,-1.25f,-1.2246467991473532e-16f,0.20791169081775923f,-0.9781476007338057f,0.25f,0f,0f,0f,1f], start_interpolation: 0, interpolation_duration: 1 }