# This file was generated by Animated Java via MC-Build. It is not recommended to edit this file directly.
$data merge entity $(bone_head) { transformation: [-0.9973569167005722f,0.07265797072261061f,1.2246467991473532e-16f,0f,0.07265797072261061f,0.9973569167005722f,0f,-0.5f,-1.2214099556448292e-16f,8.898035127798719e-18f,-1f,0f,0f,0f,0f,1f], start_interpolation: 0, interpolation_duration: 1 }
$data merge entity $(bone_leg0) { transformation: [-1f,3.169619151431765e-17f,1.1829179713786698e-16f,-0.12499999999999997f,0f,0.9659258262890683f,-0.25881904510252074f,-1.25f,-1.2246467991473532e-16f,-0.25881904510252074f,-0.9659258262890683f,-0.25f,0f,0f,0f,1f], start_interpolation: 0, interpolation_duration: 1 }
$data merge entity $(bone_leg1) { transformation: [-1f,-3.169619151431765e-17f,1.1829179713786698e-16f,0.12500000000000003f,0f,0.9659258262890683f,0.25881904510252074f,-1.25f,-1.2246467991473532e-16f,0.25881904510252074f,-0.9659258262890683f,-0.24999999999999997f,0f,0f,0f,1f], start_interpolation: 0, interpolation_duration: 1 }
$data merge entity $(bone_leg2) { transformation: [-1f,-3.169619151431765e-17f,1.1829179713786698e-16f,-0.12500000000000003f,0f,0.9659258262890683f,0.25881904510252074f,-1.25f,-1.2246467991473532e-16f,0.25881904510252074f,-0.9659258262890683f,0.24999999999999997f,0f,0f,0f,1f], start_interpolation: 0, interpolation_duration: 1 }
$data merge entity $(bone_leg3) { transformation: [-1f,3.169619151431765e-17f,1.1829179713786698e-16f,0.12499999999999997f,0f,0.9659258262890683f,-0.25881904510252074f,-1.25f,-1.2246467991473532e-16f,-0.25881904510252074f,-0.9659258262890683f,0.25f,0f,0f,0f,1f], start_interpolation: 0, interpolation_duration: 1 }