# This file was generated by Animated Java via MC-Build. It is not recommended to edit this file directly.
$data merge entity $(bone_head) { transformation: [-0.9978589232386035f,0.06540312923014306f,1.2246467991473532e-16f,0f,0.06540312923014306f,0.9978589232386035f,0f,-0.5f,-1.2220247363447802e-16f,8.00957328659154e-18f,-1f,0f,0f,0f,0f,1f], start_interpolation: 0, interpolation_duration: 1 }
$data merge entity $(bone_leg0) { transformation: [-1f,1.915769668878473e-17f,1.2095693648649962e-16f,-0.12499999999999997f,0f,0.9876883405951378f,-0.1564344650402309f,-1.25f,-1.2246467991473532e-16f,-0.1564344650402309f,-0.9876883405951378f,-0.25f,0f,0f,0f,1f], start_interpolation: 0, interpolation_duration: 1 }
$data merge entity $(bone_leg1) { transformation: [-1f,-1.915769668878473e-17f,1.2095693648649962e-16f,0.12500000000000003f,0f,0.9876883405951378f,0.1564344650402309f,-1.25f,-1.2246467991473532e-16f,0.1564344650402309f,-0.9876883405951378f,-0.24999999999999997f,0f,0f,0f,1f], start_interpolation: 0, interpolation_duration: 1 }
$data merge entity $(bone_leg2) { transformation: [-1f,-1.915769668878473e-17f,1.2095693648649962e-16f,-0.12500000000000003f,0f,0.9876883405951378f,0.1564344650402309f,-1.25f,-1.2246467991473532e-16f,0.1564344650402309f,-0.9876883405951378f,0.24999999999999997f,0f,0f,0f,1f], start_interpolation: 0, interpolation_duration: 1 }
$data merge entity $(bone_leg3) { transformation: [-1f,1.915769668878473e-17f,1.2095693648649962e-16f,0.12499999999999997f,0f,0.9876883405951378f,-0.1564344650402309f,-1.25f,-1.2246467991473532e-16f,-0.1564344650402309f,-0.9876883405951378f,0.25f,0f,0f,0f,1f], start_interpolation: 0, interpolation_duration: 1 }