# This file was generated by Animated Java via MC-Build. It is not recommended to edit this file directly.
$data merge entity $(bone_head) { transformation: [-0.9990482215818578f,0.04361938736533599f,1.2246467991473532e-16f,0f,0.04361938736533599f,0.9990482215818578f,0f,-0.5f,-1.223481206754078e-16f,5.3418343117727225e-18f,-1f,0f,0f,0f,0f,1f], start_interpolation: 0, interpolation_duration: 1 }
$data merge entity $(bone_leg0) { transformation: [-1f,1.2801044796052346e-17f,1.217938055844715e-16f,-0.12499999999999997f,0f,0.9945218953682733f,-0.10452846326765343f,-1.25f,-1.2246467991473532e-16f,-0.10452846326765343f,-0.9945218953682733f,-0.25f,0f,0f,0f,1f], start_interpolation: 0, interpolation_duration: 1 }
$data merge entity $(bone_leg1) { transformation: [-1f,-1.2801044796052346e-17f,1.217938055844715e-16f,0.12500000000000003f,0f,0.9945218953682733f,0.10452846326765343f,-1.25f,-1.2246467991473532e-16f,0.10452846326765343f,-0.9945218953682733f,-0.24999999999999997f,0f,0f,0f,1f], start_interpolation: 0, interpolation_duration: 1 }
$data merge entity $(bone_leg2) { transformation: [-1f,-1.2801044796052346e-17f,1.217938055844715e-16f,-0.12500000000000003f,0f,0.9945218953682733f,0.10452846326765343f,-1.25f,-1.2246467991473532e-16f,0.10452846326765343f,-0.9945218953682733f,0.24999999999999997f,0f,0f,0f,1f], start_interpolation: 0, interpolation_duration: 1 }
$data merge entity $(bone_leg3) { transformation: [-1f,1.2801044796052346e-17f,1.217938055844715e-16f,0.12499999999999997f,0f,0.9945218953682733f,-0.10452846326765343f,-1.25f,-1.2246467991473532e-16f,-0.10452846326765343f,-0.9945218953682733f,0.25f,0f,0f,0f,1f], start_interpolation: 0, interpolation_duration: 1 }