# This file was generated by Animated Java via MC-Build. It is not recommended to edit this file directly.
$data merge entity $(bone_nose) {transformation: [-0.999f,0.0451f,0f,0f,0.0451f,0.999f,0f,-0.8125f,0f,0f,-1f,0.1875f,0f,0f,0f,1f],start_interpolation: 0,interpolation_duration: 1}
$data merge entity $(bone_left_arm) {transformation: [-1f,0f,0f,-0.3125f,0f,0.9957f,0.0927f,-0.9375f,0f,0.0927f,-0.9957f,0f,0f,0f,0f,1f],start_interpolation: 0,interpolation_duration: 1}
$data merge entity $(bone_right_arm) {transformation: [-1f,0f,0f,0.3125f,0f,0.9964f,-0.0845f,-0.9375f,0f,-0.0845f,-0.9964f,0f,0f,0f,0f,1f],start_interpolation: 0,interpolation_duration: 1}