# This file was generated by Animated Java via MC-Build. It is not recommended to edit this file directly.
$data merge entity $(bone_left_foot) {transformation: [-0.999f,0.0436f,0f,0.167f,0.0436f,0.999f,0f,-1.3182f,0f,0f,-1f,0f,0f,0f,0f,1f],start_interpolation: 0,interpolation_duration: 2}
$data merge entity $(bone_right_foot) {transformation: [-0.999f,0.0436f,0f,-0.1452f,0.0436f,0.999f,0f,-1.3046f,0f,0f,-1f,0f,0f,0f,0f,1f],start_interpolation: 0,interpolation_duration: 2}
$data merge entity $(bone_antenna) {transformation: [-0.999f,0.0436f,0f,0.0749f,0.0436f,0.999f,0f,-0.5635f,0f,0f,-1f,0f,0f,0f,0f,1f],start_interpolation: 0,interpolation_duration: 2}
$data merge entity $(bone_nose) {transformation: [-1f,0f,0f,0.0327f,0f,1f,0f,-0.8119f,0f,0f,-1f,0.1875f,0f,0f,0f,1f],start_interpolation: 0,interpolation_duration: 2}
$data merge entity $(bone_head) {transformation: [-0.999f,0.0436f,0f,0.0612f,0.0436f,0.999f,0f,-0.8757f,0f,0f,-1f,0f,0f,0f,0f,1f],start_interpolation: 0,interpolation_duration: 2}
$data merge entity $(bone_left_arm) {transformation: [-0.999f,-0.0395f,-0.0184f,-0.2849f,0.0436f,-0.9054f,-0.4222f,-0.9231f,0f,-0.4226f,0.9063f,0f,0f,0f,0f,1f],start_interpolation: 0,interpolation_duration: 2}
$data merge entity $(bone_right_arm) {transformation: [-0.999f,0.0426f,0.0094f,0.3395f,0.0436f,0.9754f,0.2162f,-0.9504f,0f,0.2164f,-0.9763f,0f,0f,0f,0f,1f],start_interpolation: 0,interpolation_duration: 2}
$data merge entity $(bone_body) {transformation: [-0.999f,0.0436f,0f,0.0313f,0.0436f,0.999f,0f,-1.5625f,0f,0f,-1f,0f,0f,0f,0f,1f],start_interpolation: 0,interpolation_duration: 2}