# This file was generated by Animated Java via MC-Build. It is not recommended to edit this file directly.
$data merge entity $(bone_left_foot) {transformation: [-0.9992f,0.0412f,0f,0.1664f,0.0412f,0.9992f,0f,-1.3179f,0f,0f,-1f,0f,0f,0f,0f,1f],start_interpolation: 0,interpolation_duration: 2}
$data merge entity $(bone_right_foot) {transformation: [-0.9992f,0.0412f,0f,-0.1458f,0.0412f,0.9992f,0f,-1.305f,0f,0f,-1f,0f,0f,0f,0f,1f],start_interpolation: 0,interpolation_duration: 2}
$data merge entity $(bone_antenna) {transformation: [-0.9992f,0.0412f,0f,0.0724f,0.0412f,0.9992f,0f,-0.5633f,0f,0f,-1f,0f,0f,0f,0f,1f],start_interpolation: 0,interpolation_duration: 2}
$data merge entity $(bone_nose) {transformation: [-1f,0.0063f,0f,0.0309f,0.0063f,1f,0f,-0.8118f,0f,0f,-1f,0.1875f,0f,0f,0f,1f],start_interpolation: 0,interpolation_duration: 2}
$data merge entity $(bone_head) {transformation: [-0.9992f,0.0412f,0f,0.0596f,0.0412f,0.9992f,0f,-0.8756f,0f,0f,-1f,0f,0f,0f,0f,1f],start_interpolation: 0,interpolation_duration: 2}
$data merge entity $(bone_left_arm) {transformation: [-0.9992f,-0.0408f,-0.0054f,-0.2865f,0.0412f,-0.9906f,-0.1304f,-0.9239f,0f,-0.1305f,0.9914f,0f,0f,0f,0f,1f],start_interpolation: 0,interpolation_duration: 2}
$data merge entity $(bone_right_arm) {transformation: [-0.9992f,0.0411f,-0.0029f,0.338f,0.0412f,0.9967f,-0.0697f,-0.9496f,0f,-0.0698f,-0.9976f,0f,0f,0f,0f,1f],start_interpolation: 0,interpolation_duration: 2}
$data merge entity $(bone_body) {transformation: [-0.9992f,0.0412f,0f,0.0313f,0.0412f,0.9992f,0f,-1.5625f,0f,0f,-1f,0f,0f,0f,0f,1f],start_interpolation: 0,interpolation_duration: 2}