# This file was generated by Animated Java via MC-Build. It is not recommended to edit this file directly.
$data merge entity $(bone_left_foot) {transformation: [-0.9994f,0.0346f,0f,0.1648f,0.0346f,0.9994f,0f,-1.317f,0f,0f,-1f,0f,0f,0f,0f,1f],start_interpolation: 0,interpolation_duration: 1}
$data merge entity $(bone_right_foot) {transformation: [-0.9994f,0.0346f,0f,-0.1475f,0.0346f,0.9994f,0f,-1.3062f,0f,0f,-1f,0f,0f,0f,0f,1f],start_interpolation: 0,interpolation_duration: 1}
$data merge entity $(bone_antenna) {transformation: [-0.9994f,0.0346f,0f,0.0658f,0.0346f,0.9994f,0f,-0.5631f,0f,0f,-1f,0f,0f,0f,0f,1f],start_interpolation: 0,interpolation_duration: 1}
$data merge entity $(bone_nose) {transformation: [-1f,0.0084f,0f,0.0259f,0.0084f,1f,0f,-0.8119f,0f,0f,-1f,0.1875f,0f,0f,0f,1f],start_interpolation: 0,interpolation_duration: 1}
$data merge entity $(bone_head) {transformation: [-0.9994f,0.0346f,0f,0.055f,0.0346f,0.9994f,0f,-0.8754f,0f,0f,-1f,0f,0f,0f,0f,1f],start_interpolation: 0,interpolation_duration: 1}
$data merge entity $(bone_left_arm) {transformation: [-0.9994f,-0.034f,0.006f,-0.2907f,0.0346f,-0.9842f,0.1735f,-0.926f,0f,0.1736f,0.9848f,0f,0f,0f,0f,1f],start_interpolation: 0,interpolation_duration: 1}
$data merge entity $(bone_right_arm) {transformation: [-0.9994f,0.0324f,-0.0121f,0.3339f,0.0346f,0.9361f,-0.35f,-0.9476f,0f,-0.3502f,-0.9367f,0f,0f,0f,0f,1f],start_interpolation: 0,interpolation_duration: 1}
$data merge entity $(bone_body) {transformation: [-0.9994f,0.0346f,0f,0.0313f,0.0346f,0.9994f,0f,-1.5625f,0f,0f,-1f,0f,0f,0f,0f,1f],start_interpolation: 0,interpolation_duration: 1}