# This file was generated by Animated Java via MC-Build. It is not recommended to edit this file directly.
$data merge entity $(bone_left_foot) {transformation: [-0.999f,-0.0436f,0f,0.1452f,-0.0436f,0.999f,0f,-1.3073f,0f,0f,-1f,0f,0f,0f,0f,1f],start_interpolation: 0,interpolation_duration: 1}
$data merge entity $(bone_right_foot) {transformation: [-0.999f,-0.0436f,0f,-0.167f,-0.0436f,0.999f,0f,-1.3209f,0f,0f,-1f,0f,0f,0f,0f,1f],start_interpolation: 0,interpolation_duration: 1}
$data merge entity $(bone_antenna) {transformation: [-0.999f,-0.0436f,0f,-0.0124f,-0.0436f,0.999f,0f,-0.5635f,0f,0f,-1f,0f,0f,0f,0f,1f],start_interpolation: 0,interpolation_duration: 1}
$data merge entity $(bone_nose) {transformation: [-1f,0f,0f,-0.0327f,0f,1f,0f,-0.8146f,0f,0f,-1f,0.1875f,0f,0f,0f,1f],start_interpolation: 0,interpolation_duration: 1}
$data merge entity $(bone_head) {transformation: [-0.999f,-0.0436f,0f,0.0013f,-0.0436f,0.999f,0f,-0.8757f,0f,0f,-1f,0f,0f,0f,0f,1f],start_interpolation: 0,interpolation_duration: 1}
$data merge entity $(bone_left_arm) {transformation: [-0.999f,-0.0403f,-0.0167f,-0.3394f,-0.0436f,0.923f,0.3823f,-0.9531f,0f,0.3827f,-0.9239f,0f,0f,0f,0f,1f],start_interpolation: 0,interpolation_duration: 1}
$data merge entity $(bone_right_arm) {transformation: [-0.999f,0.0395f,0.0184f,0.285f,-0.0436f,-0.9054f,-0.4222f,-0.9258f,0f,-0.4226f,0.9063f,0f,0f,0f,0f,1f],start_interpolation: 0,interpolation_duration: 1}
$data merge entity $(bone_body) {transformation: [-0.999f,-0.0436f,0f,0.0313f,-0.0436f,0.999f,0f,-1.5625f,0f,0f,-1f,0f,0f,0f,0f,1f],start_interpolation: 0,interpolation_duration: 1}