# This file was generated by Animated Java via MC-Build. It is not recommended to edit this file directly.
$data merge entity $(bone_left_foot) {transformation: [-0.9992f,-0.0412f,0f,0.1458f,-0.0412f,0.9992f,0f,-1.3076f,0f,0f,-1f,0f,0f,0f,0f,1f],start_interpolation: 0,interpolation_duration: 2}
$data merge entity $(bone_right_foot) {transformation: [-0.9992f,-0.0412f,0f,-0.1664f,-0.0412f,0.9992f,0f,-1.3204f,0f,0f,-1f,0f,0f,0f,0f,1f],start_interpolation: 0,interpolation_duration: 2}
$data merge entity $(bone_antenna) {transformation: [-0.9992f,-0.0412f,0f,-0.0099f,-0.0412f,0.9992f,0f,-0.5633f,0f,0f,-1f,0f,0f,0f,0f,1f],start_interpolation: 0,interpolation_duration: 2}
$data merge entity $(bone_nose) {transformation: [-1f,-0.0063f,0f,-0.0309f,-0.0063f,1f,0f,-0.8144f,0f,0f,-1f,0.1875f,0f,0f,0f,1f],start_interpolation: 0,interpolation_duration: 2}
$data merge entity $(bone_head) {transformation: [-0.9992f,-0.0412f,0f,0.0029f,-0.0412f,0.9992f,0f,-0.8756f,0f,0f,-1f,0f,0f,0f,0f,1f],start_interpolation: 0,interpolation_duration: 2}
$data merge entity $(bone_left_arm) {transformation: [-0.9992f,-0.032f,-0.0259f,-0.3379f,-0.0412f,0.7765f,0.6288f,-0.9522f,0f,0.6293f,-0.7771f,0f,0f,0f,0f,1f],start_interpolation: 0,interpolation_duration: 2}
$data merge entity $(bone_right_arm) {transformation: [-0.9992f,0.0327f,0.025f,0.2865f,-0.0412f,-0.7946f,-0.6058f,-0.9264f,0f,-0.6063f,0.7953f,0f,0f,0f,0f,1f],start_interpolation: 0,interpolation_duration: 2}
$data merge entity $(bone_body) {transformation: [-0.9992f,-0.0412f,0f,0.0313f,-0.0412f,0.9992f,0f,-1.5625f,0f,0f,-1f,0f,0f,0f,0f,1f],start_interpolation: 0,interpolation_duration: 2}