# This file was generated by Animated Java via MC-Build. It is not recommended to edit this file directly.
$data merge entity $(bone_left_foot) {transformation: [-0.9994f,0.0346f,0f,0.1648f,0.0346f,0.9994f,0f,-1.317f,0f,0f,-1f,0f,0f,0f,0f,1f],start_interpolation: 0,interpolation_duration: 1}
$data merge entity $(bone_right_foot) {transformation: [-0.9994f,0.0346f,0f,-0.1475f,0.0346f,0.9994f,0f,-1.3062f,0f,0f,-1f,0f,0f,0f,0f,1f],start_interpolation: 0,interpolation_duration: 1}
$data merge entity $(bone_antenna) {transformation: [-0.9994f,0.0346f,0f,0.0658f,0.0346f,0.9994f,0f,-0.5631f,0f,0f,-1f,0f,0f,0f,0f,1f],start_interpolation: 0,interpolation_duration: 1}
$data merge entity $(bone_nose) {transformation: [-1f,0.0084f,0f,0.0259f,0.0084f,1f,0f,-0.8119f,0f,0f,-1f,0.1875f,0f,0f,0f,1f],start_interpolation: 0,interpolation_duration: 1}
$data merge entity $(bone_head) {transformation: [-0.9994f,0.0346f,0f,0.055f,0.0346f,0.9994f,0f,-0.8754f,0f,0f,-1f,0f,0f,0f,0f,1f],start_interpolation: 0,interpolation_duration: 1}
$data merge entity $(bone_left_arm) {transformation: [-0.9994f,-0.0162f,-0.0305f,-0.2907f,0.0346f,-0.4692f,-0.8824f,-0.926f,0f,-0.8829f,0.4695f,0f,0f,0f,0f,1f],start_interpolation: 0,interpolation_duration: 1}
$data merge entity $(bone_right_arm) {transformation: [-0.9994f,0.0229f,0.0259f,0.3339f,0.0346f,0.6622f,0.7485f,-0.9476f,0f,0.749f,-0.6626f,0f,0f,0f,0f,1f],start_interpolation: 0,interpolation_duration: 1}
$data merge entity $(bone_body) {transformation: [-0.9994f,0.0346f,0f,0.0313f,0.0346f,0.9994f,0f,-1.5625f,0f,0f,-1f,0f,0f,0f,0f,1f],start_interpolation: 0,interpolation_duration: 1}