# This file was generated by Animated Java via MC-Build. It is not recommended to edit this file directly.
$data merge entity $(item_display_item_display) {transformation: [0f,0f,0f,-0.0365f,0f,0f,0f,-0.3571f,0f,0f,0f,0.5845f,0f,0f,0f,1f],start_interpolation: 0,interpolation_duration: 2}
$data merge entity $(bone_emissive_head) {transformation: [0.9981f,0.0077f,-0.0618f,0.0011f,0f,0.9922f,0.1243f,-0.052f,0.0623f,-0.1241f,0.9903f,-0.0182f,0f,0f,0f,1f],start_interpolation: 0,interpolation_duration: 2}
$data merge entity $(bone_head) {transformation: [0.9981f,0.0077f,-0.0618f,0.0013f,0f,0.9922f,0.1243f,-0.0314f,0.0623f,-0.1241f,0.9903f,-0.0208f,0f,0f,0f,1f],start_interpolation: 0,interpolation_duration: 2}
$data merge entity $(bone_emissive_body) {transformation: [0.9981f,0.0019f,-0.0623f,-0.0018f,0f,0.9995f,0.0312f,-0.562f,0.0623f,-0.0311f,0.9976f,0.0292f,0f,0f,0f,1f],start_interpolation: 0,interpolation_duration: 2}
$data merge entity $(bone_body) {transformation: [0.9981f,0.0019f,-0.0623f,-0.0017f,0f,0.9995f,0.0312f,-0.5152f,0.0623f,-0.0311f,0.9976f,0.0277f,0f,0f,0f,1f],start_interpolation: 0,interpolation_duration: 2}
$data merge entity $(bone_emissive_left_arm) {transformation: [0.9928f,0.1023f,-0.0623f,-0.4303f,-0.1005f,0.9945f,0.0312f,-0.3392f,0.0651f,-0.0247f,0.9976f,-0.0045f,0f,0f,0f,1f],start_interpolation: 0,interpolation_duration: 2}
$data merge entity $(bone_left_arm) {transformation: [0.9928f,0.1023f,-0.0623f,-0.4431f,-0.1005f,0.9945f,0.0312f,-0.4635f,0.0651f,-0.0247f,0.9976f,-0.0015f,0f,0f,0f,1f],start_interpolation: 0,interpolation_duration: 2}
$data merge entity $(bone_emissive_right_arm) {transformation: [0.9932f,-0.0984f,-0.0623f,0.4275f,0.1005f,0.9945f,0.0312f,-0.3392f,0.0589f,-0.0372f,0.9976f,0.049f,0f,0f,0f,1f],start_interpolation: 0,interpolation_duration: 2}
$data merge entity $(bone_right_arm) {transformation: [0.9932f,-0.0984f,-0.0623f,0.4398f,0.1005f,0.9945f,0.0312f,-0.4635f,0.0589f,-0.0372f,0.9976f,0.0536f,0f,0f,0f,1f],start_interpolation: 0,interpolation_duration: 2}