# This file was generated by Animated Java via MC-Build. It is not recommended to edit this file directly.
$data merge entity $(bone_head) {transformation: [0.9981f,0.0077f,-0.0618f,0.0013f,0f,0.9922f,0.1243f,-0.4064f,0.0623f,-0.1241f,0.9903f,-0.0208f,0f,0f,0f,1f],start_interpolation: 0,interpolation_duration: 1}
$data merge entity $(bone_body) {transformation: [0.9981f,0.0019f,-0.0623f,-0.0017f,0f,0.9995f,0.0312f,-0.8902f,0.0623f,-0.0311f,0.9976f,0.0277f,0f,0f,0f,1f],start_interpolation: 0,interpolation_duration: 1}
$data merge entity $(bone_left_arm) {transformation: [0.9928f,0.1023f,-0.0623f,-0.4431f,-0.1005f,0.9945f,0.0312f,-0.8385f,0.0651f,-0.0247f,0.9976f,-0.0015f,0f,0f,0f,1f],start_interpolation: 0,interpolation_duration: 1}
$data merge entity $(bone_right_arm) {transformation: [0.9932f,-0.0984f,-0.0623f,0.4398f,0.1005f,0.9945f,0.0312f,-0.8385f,0.0589f,-0.0372f,0.9976f,0.0536f,0f,0f,0f,1f],start_interpolation: 0,interpolation_duration: 1}