# This file was generated by Animated Java via MC-Build. It is not recommended to edit this file directly.
$data merge entity $(bone_head) {transformation: [0.9997f,-0.0019f,0.0252f,0f,0.0004f,0.9982f,0.0596f,-0.4119f,-0.0253f,-0.0596f,0.9979f,-0.0077f,0f,0f,0f,1f],start_interpolation: 0,interpolation_duration: 1}
$data merge entity $(bone_body) {transformation: [0.9997f,-0.0009f,0.0253f,0.0008f,0.0004f,0.9998f,0.0177f,-0.8905f,-0.0253f,-0.0177f,0.9995f,0.0158f,0f,0f,0f,1f],start_interpolation: 0,interpolation_duration: 1}
$data merge entity $(bone_left_arm) {transformation: [0.9989f,0.0394f,0.0253f,-0.4198f,-0.0398f,0.999f,0.0177f,-0.8606f,-0.0246f,-0.0187f,0.9995f,0.0259f,0f,0f,0f,1f],start_interpolation: 0,interpolation_duration: 1}
$data merge entity $(bone_right_arm) {transformation: [0.9988f,-0.0411f,0.0253f,0.4213f,0.0407f,0.999f,0.0177f,-0.8603f,-0.026f,-0.0167f,0.9995f,0.0046f,0f,0f,0f,1f],start_interpolation: 0,interpolation_duration: 1}