# This file was generated by Animated Java via MC-Build. It is not recommended to edit this file directly.
$data merge entity $(bone_head) {transformation: [0.9998f,-0.0012f,0.0189f,0f,0.0003f,0.999f,0.0447f,-0.413f,-0.019f,-0.0447f,0.9988f,-0.0058f,0f,0f,0f,1f],start_interpolation: 0,interpolation_duration: 1}
$data merge entity $(bone_body) {transformation: [0.9998f,-0.0006f,0.019f,0.0005f,0.0003f,0.9999f,0.0133f,-0.8905f,-0.019f,-0.0133f,0.9997f,0.0118f,0f,0f,0f,1f],start_interpolation: 0,interpolation_duration: 1}
$data merge entity $(bone_left_arm) {transformation: [0.9994f,0.0296f,0.019f,-0.4165f,-0.0299f,0.9995f,0.0133f,-0.8642f,-0.0186f,-0.0139f,0.9997f,0.0194f,0f,0f,0f,1f],start_interpolation: 0,interpolation_duration: 1}
$data merge entity $(bone_right_arm) {transformation: [0.9993f,-0.0308f,0.019f,0.4175f,0.0305f,0.9994f,0.0133f,-0.864f,-0.0194f,-0.0127f,0.9997f,0.0036f,0f,0f,0f,1f],start_interpolation: 0,interpolation_duration: 1}