# This file was generated by Animated Java via MC-Build. It is not recommended to edit this file directly.
$data merge entity $(item_display_item_display) {transformation: [0f,0f,0f,0.0111f,0f,0f,0f,-0.3674f,0f,0f,0f,0.5723f,0f,0f,0f,1f],start_interpolation: 0,interpolation_duration: 2}
$data merge entity $(bone_emissive_head) {transformation: [0.9998f,-0.0012f,0.0189f,0.0001f,0.0003f,0.999f,0.0447f,-0.0588f,-0.019f,-0.0447f,0.9988f,-0.0048f,0f,0f,0f,1f],start_interpolation: 0,interpolation_duration: 2}
$data merge entity $(bone_head) {transformation: [0.9998f,-0.0012f,0.0189f,0f,0.0003f,0.999f,0.0447f,-0.038f,-0.019f,-0.0447f,0.9988f,-0.0058f,0f,0f,0f,1f],start_interpolation: 0,interpolation_duration: 2}
$data merge entity $(bone_emissive_body) {transformation: [0.9998f,-0.0006f,0.019f,0.0005f,0.0003f,0.9999f,0.0133f,-0.5624f,-0.019f,-0.0133f,0.9997f,0.0125f,0f,0f,0f,1f],start_interpolation: 0,interpolation_duration: 2}
$data merge entity $(bone_body) {transformation: [0.9998f,-0.0006f,0.019f,0.0005f,0.0003f,0.9999f,0.0133f,-0.5155f,-0.019f,-0.0133f,0.9997f,0.0118f,0f,0f,0f,1f],start_interpolation: 0,interpolation_duration: 2}
$data merge entity $(bone_emissive_left_arm) {transformation: [0.9994f,0.0296f,0.019f,-0.4128f,-0.0299f,0.9995f,0.0133f,-0.3643f,-0.0186f,-0.0139f,0.9997f,0.0177f,0f,0f,0f,1f],start_interpolation: 0,interpolation_duration: 2}
$data merge entity $(bone_left_arm) {transformation: [0.9994f,0.0296f,0.019f,-0.4165f,-0.0299f,0.9995f,0.0133f,-0.4892f,-0.0186f,-0.0139f,0.9997f,0.0194f,0f,0f,0f,1f],start_interpolation: 0,interpolation_duration: 2}
$data merge entity $(bone_emissive_right_arm) {transformation: [0.9993f,-0.0308f,0.019f,0.4137f,0.0305f,0.9994f,0.0133f,-0.364f,-0.0194f,-0.0127f,0.9997f,0.002f,0f,0f,0f,1f],start_interpolation: 0,interpolation_duration: 2}
$data merge entity $(bone_right_arm) {transformation: [0.9993f,-0.0308f,0.019f,0.4175f,0.0305f,0.9994f,0.0133f,-0.489f,-0.0194f,-0.0127f,0.9997f,0.0036f,0f,0f,0f,1f],start_interpolation: 0,interpolation_duration: 2}