# This file was generated by Animated Java via MC-Build. It is not recommended to edit this file directly.
$data merge entity $(bone_head) {transformation: [0.9999f,-0.0006f,0.0126f,0f,0.0002f,0.9996f,0.0298f,-0.4142f,-0.0126f,-0.0298f,0.9995f,-0.0038f,0f,0f,0f,1f],start_interpolation: 0,interpolation_duration: 1}
$data merge entity $(bone_body) {transformation: [0.9999f,-0.0003f,0.0126f,0.0003f,0.0002f,1f,0.0089f,-0.8906f,-0.0126f,-0.0089f,0.9999f,0.0079f,0f,0f,0f,1f],start_interpolation: 0,interpolation_duration: 1}
$data merge entity $(bone_left_arm) {transformation: [0.9997f,0.0198f,0.0126f,-0.4131f,-0.0199f,0.9998f,0.0089f,-0.8678f,-0.0125f,-0.0091f,0.9999f,0.0129f,0f,0f,0f,1f],start_interpolation: 0,interpolation_duration: 1}
$data merge entity $(bone_right_arm) {transformation: [0.9997f,-0.0205f,0.0126f,0.4137f,0.0204f,0.9998f,0.0089f,-0.8677f,-0.0128f,-0.0086f,0.9999f,0.0025f,0f,0f,0f,1f],start_interpolation: 0,interpolation_duration: 1}