# This file was generated by Animated Java via MC-Build. It is not recommended to edit this file directly.
$data merge entity $(item_display_item_display) {transformation: [0f,0f,0f,0.0074f,0f,0f,0f,-0.37f,0f,0f,0f,0.5691f,0f,0f,0f,1f],start_interpolation: 0,interpolation_duration: 2}
$data merge entity $(bone_emissive_head) {transformation: [0.9999f,-0.0006f,0.0126f,0.0001f,0.0002f,0.9996f,0.0298f,-0.06f,-0.0126f,-0.0298f,0.9995f,-0.0032f,0f,0f,0f,1f],start_interpolation: 0,interpolation_duration: 2}
$data merge entity $(bone_head) {transformation: [0.9999f,-0.0006f,0.0126f,0f,0.0002f,0.9996f,0.0298f,-0.0392f,-0.0126f,-0.0298f,0.9995f,-0.0038f,0f,0f,0f,1f],start_interpolation: 0,interpolation_duration: 2}
$data merge entity $(bone_emissive_body) {transformation: [0.9999f,-0.0003f,0.0126f,0.0003f,0.0002f,1f,0.0089f,-0.5625f,-0.0126f,-0.0089f,0.9999f,0.0083f,0f,0f,0f,1f],start_interpolation: 0,interpolation_duration: 2}
$data merge entity $(bone_body) {transformation: [0.9999f,-0.0003f,0.0126f,0.0003f,0.0002f,1f,0.0089f,-0.5156f,-0.0126f,-0.0089f,0.9999f,0.0079f,0f,0f,0f,1f],start_interpolation: 0,interpolation_duration: 2}
$data merge entity $(bone_emissive_left_arm) {transformation: [0.9997f,0.0198f,0.0126f,-0.4107f,-0.0199f,0.9998f,0.0089f,-0.3679f,-0.0125f,-0.0091f,0.9999f,0.0118f,0f,0f,0f,1f],start_interpolation: 0,interpolation_duration: 2}
$data merge entity $(bone_left_arm) {transformation: [0.9997f,0.0198f,0.0126f,-0.4131f,-0.0199f,0.9998f,0.0089f,-0.4928f,-0.0125f,-0.0091f,0.9999f,0.0129f,0f,0f,0f,1f],start_interpolation: 0,interpolation_duration: 2}
$data merge entity $(bone_emissive_right_arm) {transformation: [0.9997f,-0.0205f,0.0126f,0.4112f,0.0204f,0.9998f,0.0089f,-0.3677f,-0.0128f,-0.0086f,0.9999f,0.0014f,0f,0f,0f,1f],start_interpolation: 0,interpolation_duration: 2}
$data merge entity $(bone_right_arm) {transformation: [0.9997f,-0.0205f,0.0126f,0.4137f,0.0204f,0.9998f,0.0089f,-0.4927f,-0.0128f,-0.0086f,0.9999f,0.0025f,0f,0f,0f,1f],start_interpolation: 0,interpolation_duration: 2}