# This file was generated by Animated Java via MC-Build. It is not recommended to edit this file directly.
$data merge entity $(bone_head) {transformation: [1f,-0.0002f,0.0063f,0f,0.0001f,0.9999f,0.0149f,-0.4154f,-0.0063f,-0.0149f,0.9999f,-0.0019f,0f,0f,0f,1f],start_interpolation: 0,interpolation_duration: 1}
$data merge entity $(bone_body) {transformation: [1f,-0.0001f,0.0063f,0.0001f,0.0001f,1f,0.0044f,-0.8906f,-0.0063f,-0.0044f,1f,0.0039f,0f,0f,0f,1f],start_interpolation: 0,interpolation_duration: 1}
$data merge entity $(bone_left_arm) {transformation: [0.9999f,0.0099f,0.0063f,-0.4097f,-0.01f,0.9999f,0.0044f,-0.8714f,-0.0063f,-0.0045f,1f,0.0065f,0f,0f,0f,1f],start_interpolation: 0,interpolation_duration: 1}
$data merge entity $(bone_right_arm) {transformation: [0.9999f,-0.0102f,0.0063f,0.41f,0.0102f,0.9999f,0.0044f,-0.8713f,-0.0064f,-0.0044f,1f,0.0013f,0f,0f,0f,1f],start_interpolation: 0,interpolation_duration: 1}