# This file was generated by Animated Java via MC-Build. It is not recommended to edit this file directly.
$data merge entity $(item_display_item_display) {transformation: [0f,0f,0f,0.0037f,0f,0f,0f,-0.3725f,0f,0f,0f,0.5658f,0f,0f,0f,1f],start_interpolation: 0,interpolation_duration: 2}
$data merge entity $(bone_emissive_head) {transformation: [1f,-0.0002f,0.0063f,0f,0.0001f,0.9999f,0.0149f,-0.0613f,-0.0063f,-0.0149f,0.9999f,-0.0016f,0f,0f,0f,1f],start_interpolation: 0,interpolation_duration: 2}
$data merge entity $(bone_head) {transformation: [1f,-0.0002f,0.0063f,0f,0.0001f,0.9999f,0.0149f,-0.0404f,-0.0063f,-0.0149f,0.9999f,-0.0019f,0f,0f,0f,1f],start_interpolation: 0,interpolation_duration: 2}
$data merge entity $(bone_emissive_body) {transformation: [1f,-0.0001f,0.0063f,0.0001f,0.0001f,1f,0.0044f,-0.5625f,-0.0063f,-0.0044f,1f,0.0042f,0f,0f,0f,1f],start_interpolation: 0,interpolation_duration: 2}
$data merge entity $(bone_body) {transformation: [1f,-0.0001f,0.0063f,0.0001f,0.0001f,1f,0.0044f,-0.5156f,-0.0063f,-0.0044f,1f,0.0039f,0f,0f,0f,1f],start_interpolation: 0,interpolation_duration: 2}
$data merge entity $(bone_emissive_left_arm) {transformation: [0.9999f,0.0099f,0.0063f,-0.4085f,-0.01f,0.9999f,0.0044f,-0.3714f,-0.0063f,-0.0045f,1f,0.0059f,0f,0f,0f,1f],start_interpolation: 0,interpolation_duration: 2}
$data merge entity $(bone_left_arm) {transformation: [0.9999f,0.0099f,0.0063f,-0.4097f,-0.01f,0.9999f,0.0044f,-0.4964f,-0.0063f,-0.0045f,1f,0.0065f,0f,0f,0f,1f],start_interpolation: 0,interpolation_duration: 2}
$data merge entity $(bone_emissive_right_arm) {transformation: [0.9999f,-0.0102f,0.0063f,0.4087f,0.0102f,0.9999f,0.0044f,-0.3713f,-0.0064f,-0.0044f,1f,0.0007f,0f,0f,0f,1f],start_interpolation: 0,interpolation_duration: 2}
$data merge entity $(bone_right_arm) {transformation: [0.9999f,-0.0102f,0.0063f,0.41f,0.0102f,0.9999f,0.0044f,-0.4963f,-0.0064f,-0.0044f,1f,0.0013f,0f,0f,0f,1f],start_interpolation: 0,interpolation_duration: 2}