# This file was generated by Animated Java via MC-Build. It is not recommended to edit this file directly.
$data merge entity $(item_display_item_display) {transformation: [0f,0f,0f,-0.0403f,0f,0f,0f,-0.3553f,0f,0f,0f,0.5865f,0f,0f,0f,1f],start_interpolation: 0,interpolation_duration: 2}
$data merge entity $(bone_emissive_head) {transformation: [0.9977f,0.0094f,-0.0679f,0.0014f,0f,0.9906f,0.1367f,-0.0511f,0.0685f,-0.1364f,0.9883f,-0.0201f,0f,0f,0f,1f],start_interpolation: 0,interpolation_duration: 2}
$data merge entity $(bone_head) {transformation: [0.9977f,0.0094f,-0.0679f,0.0016f,0f,0.9906f,0.1367f,-0.0304f,0.0685f,-0.1364f,0.9883f,-0.0229f,0f,0f,0f,1f],start_interpolation: 0,interpolation_duration: 2}
$data merge entity $(bone_emissive_body) {transformation: [0.9977f,0.0023f,-0.0685f,-0.0022f,0f,0.9994f,0.0343f,-0.5619f,0.0685f,-0.0342f,0.9971f,0.0321f,0f,0f,0f,1f],start_interpolation: 0,interpolation_duration: 2}
$data merge entity $(bone_body) {transformation: [0.9977f,0.0023f,-0.0685f,-0.0021f,0f,0.9994f,0.0343f,-0.5151f,0.0685f,-0.0342f,0.9971f,0.0305f,0f,0f,0f,1f],start_interpolation: 0,interpolation_duration: 2}
$data merge entity $(bone_emissive_left_arm) {transformation: [0.9913f,0.1126f,-0.0685f,-0.4328f,-0.1105f,0.9933f,0.0343f,-0.3357f,0.0719f,-0.0264f,0.9971f,-0.0053f,0f,0f,0f,1f],start_interpolation: 0,interpolation_duration: 2}
$data merge entity $(bone_left_arm) {transformation: [0.9913f,0.1126f,-0.0685f,-0.4468f,-0.1105f,0.9933f,0.0343f,-0.4598f,0.0719f,-0.0264f,0.9971f,-0.002f,0f,0f,0f,1f],start_interpolation: 0,interpolation_duration: 2}
$data merge entity $(bone_emissive_right_arm) {transformation: [0.9918f,-0.1079f,-0.0685f,0.4294f,0.1105f,0.9933f,0.0343f,-0.3357f,0.0643f,-0.0416f,0.9971f,0.0539f,0f,0f,0f,1f],start_interpolation: 0,interpolation_duration: 2}
$data merge entity $(bone_right_arm) {transformation: [0.9918f,-0.1079f,-0.0685f,0.4429f,0.1105f,0.9933f,0.0343f,-0.4598f,0.0643f,-0.0416f,0.9971f,0.0591f,0f,0f,0f,1f],start_interpolation: 0,interpolation_duration: 2}