# This file was generated by Animated Java via MC-Build. It is not recommended to edit this file directly.
$data merge entity $(bone_head) {transformation: [0.9972f,0.0111f,-0.0739f,0.0019f,0f,0.9888f,0.149f,-0.4045f,0.0747f,-0.1486f,0.9861f,-0.025f,0f,0f,0f,1f],start_interpolation: 0,interpolation_duration: 1}
$data merge entity $(bone_body) {transformation: [0.9972f,0.0028f,-0.0747f,-0.0025f,0f,0.9993f,0.0374f,-0.89f,0.0747f,-0.0373f,0.9965f,0.0332f,0f,0f,0f,1f],start_interpolation: 0,interpolation_duration: 1}
$data merge entity $(bone_left_arm) {transformation: [0.9896f,0.123f,-0.0747f,-0.4506f,-0.1205f,0.992f,0.0374f,-0.8311f,0.0787f,-0.028f,0.9965f,-0.0026f,0f,0f,0f,1f],start_interpolation: 0,interpolation_duration: 1}
$data merge entity $(bone_right_arm) {transformation: [0.9903f,-0.1174f,-0.0747f,0.4459f,0.1205f,0.992f,0.0374f,-0.8311f,0.0697f,-0.046f,0.9965f,0.0646f,0f,0f,0f,1f],start_interpolation: 0,interpolation_duration: 1}