# This file was generated by Animated Java via MC-Build. It is not recommended to edit this file directly.
$data merge entity $(item_display_item_display) {transformation: [0f,0f,0f,-0.0441f,0f,0f,0f,-0.3534f,0f,0f,0f,0.5885f,0f,0f,0f,1f],start_interpolation: 0,interpolation_duration: 2}
$data merge entity $(bone_emissive_head) {transformation: [0.9972f,0.0111f,-0.0739f,0.0016f,0f,0.9888f,0.149f,-0.0501f,0.0747f,-0.1486f,0.9861f,-0.0219f,0f,0f,0f,1f],start_interpolation: 0,interpolation_duration: 2}
$data merge entity $(bone_head) {transformation: [0.9972f,0.0111f,-0.0739f,0.0019f,0f,0.9888f,0.149f,-0.0295f,0.0747f,-0.1486f,0.9861f,-0.025f,0f,0f,0f,1f],start_interpolation: 0,interpolation_duration: 2}
$data merge entity $(bone_emissive_body) {transformation: [0.9972f,0.0028f,-0.0747f,-0.0026f,0f,0.9993f,0.0374f,-0.5618f,0.0747f,-0.0373f,0.9965f,0.035f,0f,0f,0f,1f],start_interpolation: 0,interpolation_duration: 2}
$data merge entity $(bone_body) {transformation: [0.9972f,0.0028f,-0.0747f,-0.0025f,0f,0.9993f,0.0374f,-0.515f,0.0747f,-0.0373f,0.9965f,0.0332f,0f,0f,0f,1f],start_interpolation: 0,interpolation_duration: 2}
$data merge entity $(bone_emissive_left_arm) {transformation: [0.9896f,0.123f,-0.0747f,-0.4352f,-0.1205f,0.992f,0.0374f,-0.3321f,0.0787f,-0.028f,0.9965f,-0.0061f,0f,0f,0f,1f],start_interpolation: 0,interpolation_duration: 2}
$data merge entity $(bone_left_arm) {transformation: [0.9896f,0.123f,-0.0747f,-0.4506f,-0.1205f,0.992f,0.0374f,-0.4561f,0.0787f,-0.028f,0.9965f,-0.0026f,0f,0f,0f,1f],start_interpolation: 0,interpolation_duration: 2}
$data merge entity $(bone_emissive_right_arm) {transformation: [0.9903f,-0.1174f,-0.0747f,0.4313f,0.1205f,0.992f,0.0374f,-0.3321f,0.0697f,-0.046f,0.9965f,0.0589f,0f,0f,0f,1f],start_interpolation: 0,interpolation_duration: 2}
$data merge entity $(bone_right_arm) {transformation: [0.9903f,-0.1174f,-0.0747f,0.4459f,0.1205f,0.992f,0.0374f,-0.4561f,0.0697f,-0.046f,0.9965f,0.0646f,0f,0f,0f,1f],start_interpolation: 0,interpolation_duration: 2}