# This file was generated by Animated Java via MC-Build. It is not recommended to edit this file directly.
$data merge entity $(bone_head) {transformation: [0.9967f,0.0131f,-0.0799f,0.0022f,0f,0.9869f,0.1614f,-0.4036f,0.0809f,-0.1608f,0.9837f,-0.0271f,0f,0f,0f,1f],start_interpolation: 0,interpolation_duration: 1}
$data merge entity $(bone_body) {transformation: [0.9967f,0.0033f,-0.0809f,-0.0029f,0f,0.9992f,0.0405f,-0.8899f,0.0809f,-0.0404f,0.9959f,0.036f,0f,0f,0f,1f],start_interpolation: 0,interpolation_duration: 1}
$data merge entity $(bone_left_arm) {transformation: [0.9878f,0.1333f,-0.0809f,-0.4544f,-0.1304f,0.9906f,0.0405f,-0.8274f,0.0855f,-0.0295f,0.9959f,-0.0032f,0f,0f,0f,1f],start_interpolation: 0,interpolation_duration: 1}
$data merge entity $(bone_right_arm) {transformation: [0.9886f,-0.1268f,-0.0809f,0.4489f,0.1304f,0.9906f,0.0405f,-0.8274f,0.075f,-0.0506f,0.9959f,0.0701f,0f,0f,0f,1f],start_interpolation: 0,interpolation_duration: 1}