# This file was generated by Animated Java via MC-Build. It is not recommended to edit this file directly.
$data merge entity $(item_display_item_display) {transformation: [0f,0f,0f,-0.048f,0f,0f,0f,-0.3516f,0f,0f,0f,0.5905f,0f,0f,0f,1f],start_interpolation: 0,interpolation_duration: 2}
$data merge entity $(bone_emissive_head) {transformation: [0.9967f,0.0131f,-0.0799f,0.0019f,0f,0.9869f,0.1614f,-0.0492f,0.0809f,-0.1608f,0.9837f,-0.0238f,0f,0f,0f,1f],start_interpolation: 0,interpolation_duration: 2}
$data merge entity $(bone_head) {transformation: [0.9967f,0.0131f,-0.0799f,0.0022f,0f,0.9869f,0.1614f,-0.0286f,0.0809f,-0.1608f,0.9837f,-0.0271f,0f,0f,0f,1f],start_interpolation: 0,interpolation_duration: 2}
$data merge entity $(bone_emissive_body) {transformation: [0.9967f,0.0033f,-0.0809f,-0.0031f,0f,0.9992f,0.0405f,-0.5617f,0.0809f,-0.0404f,0.9959f,0.0378f,0f,0f,0f,1f],start_interpolation: 0,interpolation_duration: 2}
$data merge entity $(bone_body) {transformation: [0.9967f,0.0033f,-0.0809f,-0.0029f,0f,0.9992f,0.0405f,-0.5149f,0.0809f,-0.0404f,0.9959f,0.036f,0f,0f,0f,1f],start_interpolation: 0,interpolation_duration: 2}
$data merge entity $(bone_emissive_left_arm) {transformation: [0.9878f,0.1333f,-0.0809f,-0.4377f,-0.1304f,0.9906f,0.0405f,-0.3286f,0.0855f,-0.0295f,0.9959f,-0.0069f,0f,0f,0f,1f],start_interpolation: 0,interpolation_duration: 2}
$data merge entity $(bone_left_arm) {transformation: [0.9878f,0.1333f,-0.0809f,-0.4544f,-0.1304f,0.9906f,0.0405f,-0.4524f,0.0855f,-0.0295f,0.9959f,-0.0032f,0f,0f,0f,1f],start_interpolation: 0,interpolation_duration: 2}
$data merge entity $(bone_emissive_right_arm) {transformation: [0.9886f,-0.1268f,-0.0809f,0.4331f,0.1304f,0.9906f,0.0405f,-0.3286f,0.075f,-0.0506f,0.9959f,0.0638f,0f,0f,0f,1f],start_interpolation: 0,interpolation_duration: 2}
$data merge entity $(bone_right_arm) {transformation: [0.9886f,-0.1268f,-0.0809f,0.4489f,0.1304f,0.9906f,0.0405f,-0.4524f,0.075f,-0.0506f,0.9959f,0.0701f,0f,0f,0f,1f],start_interpolation: 0,interpolation_duration: 2}