# This file was generated by Animated Java via MC-Build. It is not recommended to edit this file directly.
$data merge entity $(item_display_item_display) {transformation: [0f,0f,0f,-0.0518f,0f,0f,0f,-0.3498f,0f,0f,0f,0.5924f,0f,0f,0f,1f],start_interpolation: 0,interpolation_duration: 2}
$data merge entity $(bone_emissive_head) {transformation: [0.9962f,0.0151f,-0.0858f,0.0022f,0f,0.9848f,0.1736f,-0.0482f,0.0872f,-0.173f,0.9811f,-0.0256f,0f,0f,0f,1f],start_interpolation: 0,interpolation_duration: 2}
$data merge entity $(bone_head) {transformation: [0.9962f,0.0151f,-0.0858f,0.0026f,0f,0.9848f,0.1736f,-0.0277f,0.0872f,-0.173f,0.9811f,-0.0292f,0f,0f,0f,1f],start_interpolation: 0,interpolation_duration: 2}
$data merge entity $(bone_emissive_body) {transformation: [0.9962f,0.0038f,-0.0871f,-0.0036f,0f,0.999f,0.0436f,-0.5616f,0.0872f,-0.0435f,0.9952f,0.0407f,0f,0f,0f,1f],start_interpolation: 0,interpolation_duration: 2}
$data merge entity $(bone_body) {transformation: [0.9962f,0.0038f,-0.0871f,-0.0034f,0f,0.999f,0.0436f,-0.5148f,0.0872f,-0.0435f,0.9952f,0.0387f,0f,0f,0f,1f],start_interpolation: 0,interpolation_duration: 2}
$data merge entity $(bone_emissive_left_arm) {transformation: [0.9858f,0.1437f,-0.0871f,-0.4402f,-0.1404f,0.9891f,0.0436f,-0.3251f,0.0924f,-0.0308f,0.9952f,-0.0078f,0f,0f,0f,1f],start_interpolation: 0,interpolation_duration: 2}
$data merge entity $(bone_left_arm) {transformation: [0.9858f,0.1437f,-0.0871f,-0.4581f,-0.1404f,0.9891f,0.0436f,-0.4487f,0.0924f,-0.0308f,0.9952f,-0.004f,0f,0f,0f,1f],start_interpolation: 0,interpolation_duration: 2}
$data merge entity $(bone_emissive_right_arm) {transformation: [0.9868f,-0.1362f,-0.0871f,0.4348f,0.1404f,0.9891f,0.0436f,-0.3251f,0.0802f,-0.0553f,0.9952f,0.0687f,0f,0f,0f,1f],start_interpolation: 0,interpolation_duration: 2}
$data merge entity $(bone_right_arm) {transformation: [0.9868f,-0.1362f,-0.0871f,0.4519f,0.1404f,0.9891f,0.0436f,-0.4487f,0.0802f,-0.0553f,0.9952f,0.0756f,0f,0f,0f,1f],start_interpolation: 0,interpolation_duration: 2}