# This file was generated by Animated Java via MC-Build. It is not recommended to edit this file directly.
$data merge entity $(bone_head) {transformation: [0.9956f,0.0174f,-0.0917f,0.0029f,0f,0.9826f,0.1859f,-0.4018f,0.0934f,-0.1851f,0.9783f,-0.0313f,0f,0f,0f,1f],start_interpolation: 0,interpolation_duration: 1}
$data merge entity $(bone_body) {transformation: [0.9956f,0.0044f,-0.0933f,-0.0039f,0f,0.9989f,0.0467f,-0.8897f,0.0934f,-0.0465f,0.9945f,0.0414f,0f,0f,0f,1f],start_interpolation: 0,interpolation_duration: 1}
$data merge entity $(bone_left_arm) {transformation: [0.9836f,0.1541f,-0.0933f,-0.4619f,-0.1503f,0.9875f,0.0467f,-0.82f,0.0993f,-0.032f,0.9945f,-0.0048f,0f,0f,0f,1f],start_interpolation: 0,interpolation_duration: 1}
$data merge entity $(bone_right_arm) {transformation: [0.985f,-0.1455f,-0.0933f,0.4547f,0.1503f,0.9875f,0.0467f,-0.82f,0.0853f,-0.06f,0.9945f,0.0812f,0f,0f,0f,1f],start_interpolation: 0,interpolation_duration: 1}