# This file was generated by Animated Java via MC-Build. It is not recommended to edit this file directly.
$data merge entity $(item_display_item_display) {transformation: [0f,0f,0f,-0.0557f,0f,0f,0f,-0.3479f,0f,0f,0f,0.5943f,0f,0f,0f,1f],start_interpolation: 0,interpolation_duration: 2}
$data merge entity $(bone_emissive_head) {transformation: [0.9956f,0.0174f,-0.0917f,0.0026f,0f,0.9826f,0.1859f,-0.0473f,0.0934f,-0.1851f,0.9783f,-0.0275f,0f,0f,0f,1f],start_interpolation: 0,interpolation_duration: 2}
$data merge entity $(bone_head) {transformation: [0.9956f,0.0174f,-0.0917f,0.0029f,0f,0.9826f,0.1859f,-0.0268f,0.0934f,-0.1851f,0.9783f,-0.0313f,0f,0f,0f,1f],start_interpolation: 0,interpolation_duration: 2}
$data merge entity $(bone_emissive_body) {transformation: [0.9956f,0.0044f,-0.0933f,-0.0041f,0f,0.9989f,0.0467f,-0.5615f,0.0934f,-0.0465f,0.9945f,0.0436f,0f,0f,0f,1f],start_interpolation: 0,interpolation_duration: 2}
$data merge entity $(bone_body) {transformation: [0.9956f,0.0044f,-0.0933f,-0.0039f,0f,0.9989f,0.0467f,-0.5147f,0.0934f,-0.0465f,0.9945f,0.0414f,0f,0f,0f,1f],start_interpolation: 0,interpolation_duration: 2}
$data merge entity $(bone_emissive_left_arm) {transformation: [0.9836f,0.1541f,-0.0933f,-0.4426f,-0.1503f,0.9875f,0.0467f,-0.3216f,0.0993f,-0.032f,0.9945f,-0.0088f,0f,0f,0f,1f],start_interpolation: 0,interpolation_duration: 2}
$data merge entity $(bone_left_arm) {transformation: [0.9836f,0.1541f,-0.0933f,-0.4619f,-0.1503f,0.9875f,0.0467f,-0.445f,0.0993f,-0.032f,0.9945f,-0.0048f,0f,0f,0f,1f],start_interpolation: 0,interpolation_duration: 2}
$data merge entity $(bone_emissive_right_arm) {transformation: [0.985f,-0.1455f,-0.0933f,0.4366f,0.1503f,0.9875f,0.0467f,-0.3216f,0.0853f,-0.06f,0.9945f,0.0737f,0f,0f,0f,1f],start_interpolation: 0,interpolation_duration: 2}
$data merge entity $(bone_right_arm) {transformation: [0.985f,-0.1455f,-0.0933f,0.4547f,0.1503f,0.9875f,0.0467f,-0.445f,0.0853f,-0.06f,0.9945f,0.0812f,0f,0f,0f,1f],start_interpolation: 0,interpolation_duration: 2}