# This file was generated by Animated Java via MC-Build. It is not recommended to edit this file directly.
$data merge entity $(item_display_item_display) {transformation: [0f,0f,0f,-0.0597f,0f,0f,0f,-0.346f,0f,0f,0f,0.5962f,0f,0f,0f,1f],start_interpolation: 0,interpolation_duration: 2}
$data merge entity $(bone_emissive_head) {transformation: [0.995f,0.0197f,-0.0976f,0.0029f,0f,0.9802f,0.1981f,-0.0464f,0.0996f,-0.1972f,0.9753f,-0.0294f,0f,0f,0f,1f],start_interpolation: 0,interpolation_duration: 2}
$data merge entity $(bone_head) {transformation: [0.995f,0.0197f,-0.0976f,0.0033f,0f,0.9802f,0.1981f,-0.026f,0.0996f,-0.1972f,0.9753f,-0.0335f,0f,0f,0f,1f],start_interpolation: 0,interpolation_duration: 2}
$data merge entity $(bone_emissive_body) {transformation: [0.995f,0.005f,-0.0994f,-0.0047f,0f,0.9988f,0.0498f,-0.5613f,0.0996f,-0.0496f,0.9938f,0.0465f,0f,0f,0f,1f],start_interpolation: 0,interpolation_duration: 2}
$data merge entity $(bone_body) {transformation: [0.995f,0.005f,-0.0994f,-0.0044f,0f,0.9988f,0.0498f,-0.5145f,0.0996f,-0.0496f,0.9938f,0.0442f,0f,0f,0f,1f],start_interpolation: 0,interpolation_duration: 2}
$data merge entity $(bone_emissive_left_arm) {transformation: [0.9813f,0.1645f,-0.0994f,-0.4451f,-0.1602f,0.9858f,0.0498f,-0.3181f,0.1062f,-0.033f,0.9938f,-0.0098f,0f,0f,0f,1f],start_interpolation: 0,interpolation_duration: 2}
$data merge entity $(bone_left_arm) {transformation: [0.9813f,0.1645f,-0.0994f,-0.4657f,-0.1602f,0.9858f,0.0498f,-0.4413f,0.1062f,-0.033f,0.9938f,-0.0057f,0f,0f,0f,1f],start_interpolation: 0,interpolation_duration: 2}
$data merge entity $(bone_emissive_right_arm) {transformation: [0.9829f,-0.1547f,-0.0994f,0.4382f,0.1602f,0.9858f,0.0498f,-0.3181f,0.0903f,-0.0649f,0.9938f,0.0786f,0f,0f,0f,1f],start_interpolation: 0,interpolation_duration: 2}
$data merge entity $(bone_right_arm) {transformation: [0.9829f,-0.1547f,-0.0994f,0.4576f,0.1602f,0.9858f,0.0498f,-0.4413f,0.0903f,-0.0649f,0.9938f,0.0867f,0f,0f,0f,1f],start_interpolation: 0,interpolation_duration: 2}