# This file was generated by Animated Java via MC-Build. It is not recommended to edit this file directly.
$data merge entity $(bone_head) {transformation: [0.9944f,0.0222f,-0.1034f,0.0038f,0f,0.9776f,0.2103f,-0.4001f,0.1058f,-0.2092f,0.9721f,-0.0356f,0f,0f,0f,1f],start_interpolation: 0,interpolation_duration: 1}
$data merge entity $(bone_body) {transformation: [0.9944f,0.0056f,-0.1056f,-0.005f,0f,0.9986f,0.053f,-0.8894f,0.1058f,-0.0527f,0.993f,0.0469f,0f,0f,0f,1f],start_interpolation: 0,interpolation_duration: 1}
$data merge entity $(bone_left_arm) {transformation: [0.9789f,0.1749f,-0.1056f,-0.4695f,-0.1701f,0.984f,0.053f,-0.8126f,0.1132f,-0.0339f,0.993f,-0.0066f,0f,0f,0f,1f],start_interpolation: 0,interpolation_duration: 1}
$data merge entity $(bone_right_arm) {transformation: [0.9808f,-0.1639f,-0.1056f,0.4604f,0.1701f,0.984f,0.053f,-0.8126f,0.0953f,-0.0699f,0.993f,0.0923f,0f,0f,0f,1f],start_interpolation: 0,interpolation_duration: 1}