# This file was generated by Animated Java via MC-Build. It is not recommended to edit this file directly.
$data merge entity $(item_display_item_display) {transformation: [0f,0f,0f,-0.0676f,0f,0f,0f,-0.3423f,0f,0f,0f,0.5999f,0f,0f,0f,1f],start_interpolation: 0,interpolation_duration: 2}
$data merge entity $(bone_emissive_head) {transformation: [0.9937f,0.0249f,-0.1092f,0.0037f,0f,0.9749f,0.2225f,-0.0446f,0.112f,-0.2211f,0.9688f,-0.0331f,0f,0f,0f,1f],start_interpolation: 0,interpolation_duration: 2}
$data merge entity $(bone_head) {transformation: [0.9937f,0.0249f,-0.1092f,0.0042f,0f,0.9749f,0.2225f,-0.0243f,0.112f,-0.2211f,0.9688f,-0.0377f,0f,0f,0f,1f],start_interpolation: 0,interpolation_duration: 2}
$data merge entity $(bone_emissive_body) {transformation: [0.9937f,0.0063f,-0.1118f,-0.0059f,0f,0.9984f,0.0561f,-0.561f,0.112f,-0.0557f,0.9921f,0.0522f,0f,0f,0f,1f],start_interpolation: 0,interpolation_duration: 2}
$data merge entity $(bone_body) {transformation: [0.9937f,0.0063f,-0.1118f,-0.0056f,0f,0.9984f,0.0561f,-0.5142f,0.112f,-0.0557f,0.9921f,0.0496f,0f,0f,0f,1f],start_interpolation: 0,interpolation_duration: 2}
$data merge entity $(bone_emissive_left_arm) {transformation: [0.9763f,0.1853f,-0.1118f,-0.4501f,-0.18f,0.9821f,0.0561f,-0.3111f,0.1202f,-0.0346f,0.9921f,-0.0119f,0f,0f,0f,1f],start_interpolation: 0,interpolation_duration: 2}
$data merge entity $(bone_left_arm) {transformation: [0.9763f,0.1853f,-0.1118f,-0.4733f,-0.18f,0.9821f,0.0561f,-0.4338f,0.1202f,-0.0346f,0.9921f,-0.0076f,0f,0f,0f,1f],start_interpolation: 0,interpolation_duration: 2}
$data merge entity $(bone_emissive_right_arm) {transformation: [0.9786f,-0.1729f,-0.1118f,0.4415f,0.18f,0.9821f,0.0561f,-0.3111f,0.1001f,-0.075f,0.9921f,0.0885f,0f,0f,0f,1f],start_interpolation: 0,interpolation_duration: 2}
$data merge entity $(bone_right_arm) {transformation: [0.9786f,-0.1729f,-0.1118f,0.4631f,0.18f,0.9821f,0.0561f,-0.4338f,0.1001f,-0.075f,0.9921f,0.0979f,0f,0f,0f,1f],start_interpolation: 0,interpolation_duration: 2}