# This file was generated by Animated Java via MC-Build. It is not recommended to edit this file directly.
$data merge entity $(bone_head) {transformation: [0.993f,0.0277f,-0.1149f,0.0047f,0f,0.9721f,0.2347f,-0.3985f,0.1182f,-0.233f,0.9653f,-0.0398f,0f,0f,0f,1f],start_interpolation: 0,interpolation_duration: 1}
$data merge entity $(bone_body) {transformation: [0.993f,0.007f,-0.1179f,-0.0062f,0f,0.9982f,0.0592f,-0.8891f,0.1182f,-0.0588f,0.9913f,0.0523f,0f,0f,0f,1f],start_interpolation: 0,interpolation_duration: 1}
$data merge entity $(bone_left_arm) {transformation: [0.9735f,0.1957f,-0.1179f,-0.4771f,-0.1898f,0.98f,0.0592f,-0.8051f,0.1272f,-0.0352f,0.9913f,-0.0087f,0f,0f,0f,1f],start_interpolation: 0,interpolation_duration: 1}
$data merge entity $(bone_right_arm) {transformation: [0.9762f,-0.182f,-0.1179f,0.4658f,0.1898f,0.98f,0.0592f,-0.8051f,0.1048f,-0.0802f,0.9913f,0.1035f,0f,0f,0f,1f],start_interpolation: 0,interpolation_duration: 1}