# This file was generated by Animated Java via MC-Build. It is not recommended to edit this file directly.
$data merge entity $(item_display_item_display) {transformation: [0f,0f,0f,-0.0716f,0f,0f,0f,-0.3404f,0f,0f,0f,0.6017f,0f,0f,0f,1f],start_interpolation: 0,interpolation_duration: 2}
$data merge entity $(bone_emissive_head) {transformation: [0.993f,0.0277f,-0.1149f,0.0042f,0f,0.9721f,0.2347f,-0.0438f,0.1182f,-0.233f,0.9653f,-0.035f,0f,0f,0f,1f],start_interpolation: 0,interpolation_duration: 2}
$data merge entity $(bone_head) {transformation: [0.993f,0.0277f,-0.1149f,0.0047f,0f,0.9721f,0.2347f,-0.0235f,0.1182f,-0.233f,0.9653f,-0.0398f,0f,0f,0f,1f],start_interpolation: 0,interpolation_duration: 2}
$data merge entity $(bone_emissive_body) {transformation: [0.993f,0.007f,-0.1179f,-0.0066f,0f,0.9982f,0.0592f,-0.5609f,0.1182f,-0.0588f,0.9913f,0.0551f,0f,0f,0f,1f],start_interpolation: 0,interpolation_duration: 2}
$data merge entity $(bone_body) {transformation: [0.993f,0.007f,-0.1179f,-0.0062f,0f,0.9982f,0.0592f,-0.5141f,0.1182f,-0.0588f,0.9913f,0.0523f,0f,0f,0f,1f],start_interpolation: 0,interpolation_duration: 2}
$data merge entity $(bone_emissive_left_arm) {transformation: [0.9735f,0.1957f,-0.1179f,-0.4526f,-0.1898f,0.98f,0.0592f,-0.3076f,0.1272f,-0.0352f,0.9913f,-0.0131f,0f,0f,0f,1f],start_interpolation: 0,interpolation_duration: 2}
$data merge entity $(bone_left_arm) {transformation: [0.9735f,0.1957f,-0.1179f,-0.4771f,-0.1898f,0.98f,0.0592f,-0.4301f,0.1272f,-0.0352f,0.9913f,-0.0087f,0f,0f,0f,1f],start_interpolation: 0,interpolation_duration: 2}
$data merge entity $(bone_emissive_right_arm) {transformation: [0.9762f,-0.182f,-0.1179f,0.4431f,0.1898f,0.98f,0.0592f,-0.3076f,0.1048f,-0.0802f,0.9913f,0.0935f,0f,0f,0f,1f],start_interpolation: 0,interpolation_duration: 2}
$data merge entity $(bone_right_arm) {transformation: [0.9762f,-0.182f,-0.1179f,0.4658f,0.1898f,0.98f,0.0592f,-0.4301f,0.1048f,-0.0802f,0.9913f,0.1035f,0f,0f,0f,1f],start_interpolation: 0,interpolation_duration: 2}