# This file was generated by Animated Java via MC-Build. It is not recommended to edit this file directly.
$data merge entity $(item_display_item_display) {transformation: [0f,0f,0f,-0.0071f,0f,0f,0f,-0.3715f,0f,0f,0f,0.5671f,0f,0f,0f,1f],start_interpolation: 0,interpolation_duration: 2}
$data merge entity $(bone_emissive_head) {transformation: [0.9999f,0.0003f,-0.0125f,0f,0f,0.9997f,0.0249f,-0.0603f,0.0125f,-0.0249f,0.9996f,-0.0036f,0f,0f,0f,1f],start_interpolation: 0,interpolation_duration: 2}
$data merge entity $(bone_head) {transformation: [0.9999f,0.0003f,-0.0125f,0.0001f,0f,0.9997f,0.0249f,-0.0395f,0.0125f,-0.0249f,0.9996f,-0.0041f,0f,0f,0f,1f],start_interpolation: 0,interpolation_duration: 2}
$data merge entity $(bone_emissive_body) {transformation: [0.9999f,0.0001f,-0.0125f,-0.0001f,0f,1f,0.0062f,-0.5625f,0.0125f,-0.0062f,0.9999f,0.0058f,0f,0f,0f,1f],start_interpolation: 0,interpolation_duration: 2}
$data merge entity $(bone_body) {transformation: [0.9999f,0.0001f,-0.0125f,-0.0001f,0f,1f,0.0062f,-0.5156f,0.0125f,-0.0062f,0.9999f,0.0056f,0f,0f,0f,1f],start_interpolation: 0,interpolation_duration: 2}
$data merge entity $(bone_emissive_left_arm) {transformation: [0.9997f,0.0202f,-0.0125f,-0.411f,-0.0201f,0.9998f,0.0062f,-0.3678f,0.0126f,-0.006f,0.9999f,-0.0005f,0f,0f,0f,1f],start_interpolation: 0,interpolation_duration: 2}
$data merge entity $(bone_left_arm) {transformation: [0.9997f,0.0202f,-0.0125f,-0.4135f,-0.0201f,0.9998f,0.0062f,-0.4928f,0.0126f,-0.006f,0.9999f,0.0003f,0f,0f,0f,1f],start_interpolation: 0,interpolation_duration: 2}
$data merge entity $(bone_emissive_right_arm) {transformation: [0.9997f,-0.0201f,-0.0125f,0.4109f,0.0201f,0.9998f,0.0062f,-0.3678f,0.0123f,-0.0065f,0.9999f,0.0098f,0f,0f,0f,1f],start_interpolation: 0,interpolation_duration: 2}
$data merge entity $(bone_right_arm) {transformation: [0.9997f,-0.0201f,-0.0125f,0.4134f,0.0201f,0.9998f,0.0062f,-0.4928f,0.0123f,-0.0065f,0.9999f,0.0106f,0f,0f,0f,1f],start_interpolation: 0,interpolation_duration: 2}