# This file was generated by Animated Java via MC-Build. It is not recommended to edit this file directly.
$data merge entity $(bone_head) {transformation: [0.9999f,0.0003f,-0.0125f,0.0001f,0f,0.9997f,0.0249f,-0.4145f,0.0125f,-0.0249f,0.9996f,-0.0041f,0f,0f,0f,1f],start_interpolation: 0,interpolation_duration: 1}
$data merge entity $(bone_body) {transformation: [0.9999f,0.0001f,-0.0125f,-0.0001f,0f,1f,0.0062f,-0.8906f,0.0125f,-0.0062f,0.9999f,0.0056f,0f,0f,0f,1f],start_interpolation: 0,interpolation_duration: 1}
$data merge entity $(bone_left_arm) {transformation: [0.9997f,0.0202f,-0.0125f,-0.4135f,-0.0201f,0.9998f,0.0062f,-0.8678f,0.0126f,-0.006f,0.9999f,0.0003f,0f,0f,0f,1f],start_interpolation: 0,interpolation_duration: 1}
$data merge entity $(bone_right_arm) {transformation: [0.9997f,-0.0201f,-0.0125f,0.4134f,0.0201f,0.9998f,0.0062f,-0.8678f,0.0123f,-0.0065f,0.9999f,0.0106f,0f,0f,0f,1f],start_interpolation: 0,interpolation_duration: 1}