# This file was generated by Animated Java via MC-Build. It is not recommended to edit this file directly.
$data merge entity $(item_display_item_display) {transformation: [0f,0f,0f,-0.0756f,0f,0f,0f,-0.3385f,0f,0f,0f,0.6034f,0f,0f,0f,1f],start_interpolation: 0,interpolation_duration: 2}
$data merge entity $(bone_emissive_head) {transformation: [0.9922f,0.0307f,-0.1205f,0.0046f,0f,0.9691f,0.2468f,-0.0429f,0.1243f,-0.2448f,0.9616f,-0.0368f,0f,0f,0f,1f],start_interpolation: 0,interpolation_duration: 2}
$data merge entity $(bone_head) {transformation: [0.9922f,0.0307f,-0.1205f,0.0053f,0f,0.9691f,0.2468f,-0.0228f,0.1243f,-0.2448f,0.9616f,-0.0419f,0f,0f,0f,1f],start_interpolation: 0,interpolation_duration: 2}
$data merge entity $(bone_emissive_body) {transformation: [0.9922f,0.0077f,-0.1241f,-0.0073f,0f,0.9981f,0.0623f,-0.5607f,0.1243f,-0.0618f,0.9903f,0.0579f,0f,0f,0f,1f],start_interpolation: 0,interpolation_duration: 2}
$data merge entity $(bone_body) {transformation: [0.9922f,0.0077f,-0.1241f,-0.0069f,0f,0.9981f,0.0623f,-0.5139f,0.1243f,-0.0618f,0.9903f,0.055f,0f,0f,0f,1f],start_interpolation: 0,interpolation_duration: 2}
$data merge entity $(bone_emissive_left_arm) {transformation: [0.9706f,0.2061f,-0.1241f,-0.4551f,-0.1996f,0.9779f,0.0623f,-0.3041f,0.1342f,-0.0357f,0.9903f,-0.0143f,0f,0f,0f,1f],start_interpolation: 0,interpolation_duration: 2}
$data merge entity $(bone_left_arm) {transformation: [0.9706f,0.2061f,-0.1241f,-0.4809f,-0.1996f,0.9779f,0.0623f,-0.4263f,0.1342f,-0.0357f,0.9903f,-0.0099f,0f,0f,0f,1f],start_interpolation: 0,interpolation_duration: 2}
$data merge entity $(bone_emissive_right_arm) {transformation: [0.9737f,-0.1909f,-0.1241f,0.4446f,0.1996f,0.9779f,0.0623f,-0.3041f,0.1095f,-0.0854f,0.9903f,0.0984f,0f,0f,0f,1f],start_interpolation: 0,interpolation_duration: 2}
$data merge entity $(bone_right_arm) {transformation: [0.9737f,-0.1909f,-0.1241f,0.4684f,0.1996f,0.9779f,0.0623f,-0.4263f,0.1095f,-0.0854f,0.9903f,0.1091f,0f,0f,0f,1f],start_interpolation: 0,interpolation_duration: 2}