# This file was generated by Animated Java via MC-Build. It is not recommended to edit this file directly.
$data merge entity $(bone_head) {transformation: [0.9914f,0.0338f,-0.1261f,0.0058f,0f,0.9659f,0.2588f,-0.397f,0.1305f,-0.2566f,0.9577f,-0.0441f,0f,0f,0f,1f],start_interpolation: 0,interpolation_duration: 1}
$data merge entity $(bone_body) {transformation: [0.9914f,0.0085f,-0.1302f,-0.0076f,0f,0.9979f,0.0654f,-0.8887f,0.1305f,-0.0648f,0.9893f,0.0578f,0f,0f,0f,1f],start_interpolation: 0,interpolation_duration: 1}
$data merge entity $(bone_left_arm) {transformation: [0.9676f,0.2164f,-0.1302f,-0.4847f,-0.2094f,0.9756f,0.0654f,-0.7976f,0.1412f,-0.036f,0.9893f,-0.0111f,0f,0f,0f,1f],start_interpolation: 0,interpolation_duration: 1}
$data merge entity $(bone_right_arm) {transformation: [0.9712f,-0.1997f,-0.1302f,0.471f,0.2094f,0.9756f,0.0654f,-0.7976f,0.114f,-0.0908f,0.9893f,0.1147f,0f,0f,0f,1f],start_interpolation: 0,interpolation_duration: 1}