# This file was generated by Animated Java via MC-Build. It is not recommended to edit this file directly.
$data merge entity $(item_display_item_display) {transformation: [0f,0f,0f,-0.0797f,0f,0f,0f,-0.3366f,0f,0f,0f,0.6051f,0f,0f,0f,1f],start_interpolation: 0,interpolation_duration: 2}
$data merge entity $(bone_emissive_head) {transformation: [0.9914f,0.0338f,-0.1261f,0.0051f,0f,0.9659f,0.2588f,-0.0421f,0.1305f,-0.2566f,0.9577f,-0.0387f,0f,0f,0f,1f],start_interpolation: 0,interpolation_duration: 2}
$data merge entity $(bone_head) {transformation: [0.9914f,0.0338f,-0.1261f,0.0058f,0f,0.9659f,0.2588f,-0.022f,0.1305f,-0.2566f,0.9577f,-0.0441f,0f,0f,0f,1f],start_interpolation: 0,interpolation_duration: 2}
$data merge entity $(bone_emissive_body) {transformation: [0.9914f,0.0085f,-0.1302f,-0.008f,0f,0.9979f,0.0654f,-0.5605f,0.1305f,-0.0648f,0.9893f,0.0608f,0f,0f,0f,1f],start_interpolation: 0,interpolation_duration: 2}
$data merge entity $(bone_body) {transformation: [0.9914f,0.0085f,-0.1302f,-0.0076f,0f,0.9979f,0.0654f,-0.5137f,0.1305f,-0.0648f,0.9893f,0.0578f,0f,0f,0f,1f],start_interpolation: 0,interpolation_duration: 2}
$data merge entity $(bone_emissive_left_arm) {transformation: [0.9676f,0.2164f,-0.1302f,-0.4576f,-0.2094f,0.9756f,0.0654f,-0.3006f,0.1412f,-0.036f,0.9893f,-0.0156f,0f,0f,0f,1f],start_interpolation: 0,interpolation_duration: 2}
$data merge entity $(bone_left_arm) {transformation: [0.9676f,0.2164f,-0.1302f,-0.4847f,-0.2094f,0.9756f,0.0654f,-0.4226f,0.1412f,-0.036f,0.9893f,-0.0111f,0f,0f,0f,1f],start_interpolation: 0,interpolation_duration: 2}
$data merge entity $(bone_emissive_right_arm) {transformation: [0.9712f,-0.1997f,-0.1302f,0.4461f,0.2094f,0.9756f,0.0654f,-0.3006f,0.114f,-0.0908f,0.9893f,0.1034f,0f,0f,0f,1f],start_interpolation: 0,interpolation_duration: 2}
$data merge entity $(bone_right_arm) {transformation: [0.9712f,-0.1997f,-0.1302f,0.471f,0.2094f,0.9756f,0.0654f,-0.4226f,0.114f,-0.0908f,0.9893f,0.1147f,0f,0f,0f,1f],start_interpolation: 0,interpolation_duration: 2}