# This file was generated by Animated Java via MC-Build. It is not recommended to edit this file directly.
$data merge entity $(item_display_item_display) {transformation: [0f,0f,0f,-0.0878f,0f,0f,0f,-0.3328f,0f,0f,0f,0.6085f,0f,0f,0f,1f],start_interpolation: 0,interpolation_duration: 2}
$data merge entity $(bone_emissive_head) {transformation: [0.9897f,0.0404f,-0.137f,0.0061f,0f,0.9592f,0.2828f,-0.0405f,0.1429f,-0.2799f,0.9493f,-0.0425f,0f,0f,0f,1f],start_interpolation: 0,interpolation_duration: 2}
$data merge entity $(bone_head) {transformation: [0.9897f,0.0404f,-0.137f,0.007f,0f,0.9592f,0.2828f,-0.0205f,0.1429f,-0.2799f,0.9493f,-0.0483f,0f,0f,0f,1f],start_interpolation: 0,interpolation_duration: 2}
$data merge entity $(bone_emissive_body) {transformation: [0.9897f,0.0102f,-0.1425f,-0.0096f,0f,0.9974f,0.0716f,-0.5601f,0.1429f,-0.0709f,0.9872f,0.0665f,0f,0f,0f,1f],start_interpolation: 0,interpolation_duration: 2}
$data merge entity $(bone_body) {transformation: [0.9897f,0.0102f,-0.1425f,-0.0091f,0f,0.9974f,0.0716f,-0.5133f,0.1429f,-0.0709f,0.9872f,0.0631f,0f,0f,0f,1f],start_interpolation: 0,interpolation_duration: 2}
$data merge entity $(bone_emissive_left_arm) {transformation: [0.961f,0.2371f,-0.1425f,-0.4626f,-0.2289f,0.9708f,0.0716f,-0.2937f,0.1553f,-0.0362f,0.9872f,-0.0183f,0f,0f,0f,1f],start_interpolation: 0,interpolation_duration: 2}
$data merge entity $(bone_left_arm) {transformation: [0.961f,0.2371f,-0.1425f,-0.4923f,-0.2289f,0.9708f,0.0716f,-0.415f,0.1553f,-0.0362f,0.9872f,-0.0137f,0f,0f,0f,1f],start_interpolation: 0,interpolation_duration: 2}
$data merge entity $(bone_emissive_right_arm) {transformation: [0.9657f,-0.2172f,-0.1425f,0.4489f,0.2289f,0.9708f,0.0716f,-0.2937f,0.1228f,-0.1018f,0.9872f,0.1133f,0f,0f,0f,1f],start_interpolation: 0,interpolation_duration: 2}
$data merge entity $(bone_right_arm) {transformation: [0.9657f,-0.2172f,-0.1425f,0.4761f,0.2289f,0.9708f,0.0716f,-0.415f,0.1228f,-0.1018f,0.9872f,0.126f,0f,0f,0f,1f],start_interpolation: 0,interpolation_duration: 2}