# This file was generated by Animated Java via MC-Build. It is not recommended to edit this file directly.
$data merge entity $(item_display_item_display) {transformation: [0f,0f,0f,-0.092f,0f,0f,0f,-0.3309f,0f,0f,0f,0.6101f,0f,0f,0f,1f],start_interpolation: 0,interpolation_duration: 2}
$data merge entity $(bone_emissive_head) {transformation: [0.9888f,0.0439f,-0.1424f,0.0067f,0f,0.9556f,0.2948f,-0.0397f,0.149f,-0.2915f,0.9449f,-0.0444f,0f,0f,0f,1f],start_interpolation: 0,interpolation_duration: 2}
$data merge entity $(bone_head) {transformation: [0.9888f,0.0439f,-0.1424f,0.0076f,0f,0.9556f,0.2948f,-0.0198f,0.149f,-0.2915f,0.9449f,-0.0504f,0f,0f,0f,1f],start_interpolation: 0,interpolation_duration: 2}
$data merge entity $(bone_emissive_body) {transformation: [0.9888f,0.0111f,-0.1486f,-0.0104f,0f,0.9972f,0.0747f,-0.5599f,0.149f,-0.0739f,0.9861f,0.0693f,0f,0f,0f,1f],start_interpolation: 0,interpolation_duration: 2}
$data merge entity $(bone_body) {transformation: [0.9888f,0.0111f,-0.1486f,-0.0099f,0f,0.9972f,0.0747f,-0.5131f,0.149f,-0.0739f,0.9861f,0.0658f,0f,0f,0f,1f],start_interpolation: 0,interpolation_duration: 2}
$data merge entity $(bone_emissive_left_arm) {transformation: [0.9574f,0.2475f,-0.1486f,-0.4651f,-0.2386f,0.9682f,0.0747f,-0.2902f,0.1624f,-0.0361f,0.9861f,-0.0197f,0f,0f,0f,1f],start_interpolation: 0,interpolation_duration: 2}
$data merge entity $(bone_left_arm) {transformation: [0.9574f,0.2475f,-0.1486f,-0.4961f,-0.2386f,0.9682f,0.0747f,-0.4113f,0.1624f,-0.0361f,0.9861f,-0.0152f,0f,0f,0f,1f],start_interpolation: 0,interpolation_duration: 2}
$data merge entity $(bone_emissive_right_arm) {transformation: [0.9628f,-0.2258f,-0.1486f,0.4503f,0.2386f,0.9682f,0.0747f,-0.2902f,0.127f,-0.1074f,0.9861f,0.1183f,0f,0f,0f,1f],start_interpolation: 0,interpolation_duration: 2}
$data merge entity $(bone_right_arm) {transformation: [0.9628f,-0.2258f,-0.1486f,0.4785f,0.2386f,0.9682f,0.0747f,-0.4113f,0.127f,-0.1074f,0.9861f,0.1317f,0f,0f,0f,1f],start_interpolation: 0,interpolation_duration: 2}