# This file was generated by Animated Java via MC-Build. It is not recommended to edit this file directly.
$data merge entity $(item_display_item_display) {transformation: [0f,0f,0f,-0.0961f,0f,0f,0f,-0.3289f,0f,0f,0f,0.6117f,0f,0f,0f,1f],start_interpolation: 0,interpolation_duration: 2}
$data merge entity $(bone_emissive_head) {transformation: [0.9879f,0.0476f,-0.1477f,0.0073f,0f,0.9518f,0.3066f,-0.0389f,0.1552f,-0.3029f,0.9403f,-0.0462f,0f,0f,0f,1f],start_interpolation: 0,interpolation_duration: 2}
$data merge entity $(bone_head) {transformation: [0.9879f,0.0476f,-0.1477f,0.0083f,0f,0.9518f,0.3066f,-0.0191f,0.1552f,-0.3029f,0.9403f,-0.0525f,0f,0f,0f,1f],start_interpolation: 0,interpolation_duration: 2}
$data merge entity $(bone_emissive_body) {transformation: [0.9879f,0.0121f,-0.1547f,-0.0113f,0f,0.997f,0.0778f,-0.5597f,0.1552f,-0.0769f,0.9849f,0.0721f,0f,0f,0f,1f],start_interpolation: 0,interpolation_duration: 2}
$data merge entity $(bone_body) {transformation: [0.9879f,0.0121f,-0.1547f,-0.0108f,0f,0.997f,0.0778f,-0.5129f,0.1552f,-0.0769f,0.9849f,0.0685f,0f,0f,0f,1f],start_interpolation: 0,interpolation_duration: 2}
$data merge entity $(bone_emissive_left_arm) {transformation: [0.9537f,0.2578f,-0.1547f,-0.4676f,-0.2483f,0.9655f,0.0778f,-0.2868f,0.1695f,-0.0358f,0.9849f,-0.0212f,0f,0f,0f,1f],start_interpolation: 0,interpolation_duration: 2}
$data merge entity $(bone_left_arm) {transformation: [0.9537f,0.2578f,-0.1547f,-0.4999f,-0.2483f,0.9655f,0.0778f,-0.4075f,0.1695f,-0.0358f,0.9849f,-0.0167f,0f,0f,0f,1f],start_interpolation: 0,interpolation_duration: 2}
$data merge entity $(bone_emissive_right_arm) {transformation: [0.9598f,-0.2344f,-0.1547f,0.4516f,0.2483f,0.9655f,0.0778f,-0.2868f,0.1312f,-0.1131f,0.9849f,0.1233f,0f,0f,0f,1f],start_interpolation: 0,interpolation_duration: 2}
$data merge entity $(bone_right_arm) {transformation: [0.9598f,-0.2344f,-0.1547f,0.4809f,0.2483f,0.9655f,0.0778f,-0.4075f,0.1312f,-0.1131f,0.9849f,0.1374f,0f,0f,0f,1f],start_interpolation: 0,interpolation_duration: 2}