# This file was generated by Animated Java via MC-Build. It is not recommended to edit this file directly.
$data merge entity $(bone_head) {transformation: [0.9869f,0.0514f,-0.153f,0.0089f,0f,0.9479f,0.3185f,-0.3934f,0.1614f,-0.3143f,0.9355f,-0.0547f,0f,0f,0f,1f],start_interpolation: 0,interpolation_duration: 1}
$data merge entity $(bone_body) {transformation: [0.9869f,0.0131f,-0.1608f,-0.0116f,0f,0.9967f,0.0809f,-0.8877f,0.1614f,-0.0799f,0.9837f,0.0711f,0f,0f,0f,1f],start_interpolation: 0,interpolation_duration: 1}
$data merge entity $(bone_left_arm) {transformation: [0.9499f,0.268f,-0.1608f,-0.5037f,-0.258f,0.9628f,0.0809f,-0.7787f,0.1765f,-0.0354f,0.9837f,-0.0183f,0f,0f,0f,1f],start_interpolation: 0,interpolation_duration: 1}
$data merge entity $(bone_right_arm) {transformation: [0.9566f,-0.2428f,-0.1608f,0.4832f,0.258f,0.9628f,0.0809f,-0.7787f,0.1352f,-0.1189f,0.9837f,0.1431f,0f,0f,0f,1f],start_interpolation: 0,interpolation_duration: 1}