# This file was generated by Animated Java via MC-Build. It is not recommended to edit this file directly.
$data merge entity $(item_display_item_display) {transformation: [0f,0f,0f,-0.1003f,0f,0f,0f,-0.327f,0f,0f,0f,0.6132f,0f,0f,0f,1f],start_interpolation: 0,interpolation_duration: 2}
$data merge entity $(bone_emissive_head) {transformation: [0.9869f,0.0514f,-0.153f,0.0079f,0f,0.9479f,0.3185f,-0.0382f,0.1614f,-0.3143f,0.9355f,-0.0481f,0f,0f,0f,1f],start_interpolation: 0,interpolation_duration: 2}
$data merge entity $(bone_head) {transformation: [0.9869f,0.0514f,-0.153f,0.0089f,0f,0.9479f,0.3185f,-0.0184f,0.1614f,-0.3143f,0.9355f,-0.0547f,0f,0f,0f,1f],start_interpolation: 0,interpolation_duration: 2}
$data merge entity $(bone_emissive_body) {transformation: [0.9869f,0.0131f,-0.1608f,-0.0122f,0f,0.9967f,0.0809f,-0.5594f,0.1614f,-0.0799f,0.9837f,0.0749f,0f,0f,0f,1f],start_interpolation: 0,interpolation_duration: 2}
$data merge entity $(bone_body) {transformation: [0.9869f,0.0131f,-0.1608f,-0.0116f,0f,0.9967f,0.0809f,-0.5127f,0.1614f,-0.0799f,0.9837f,0.0711f,0f,0f,0f,1f],start_interpolation: 0,interpolation_duration: 2}
$data merge entity $(bone_emissive_left_arm) {transformation: [0.9499f,0.268f,-0.1608f,-0.4701f,-0.258f,0.9628f,0.0809f,-0.2833f,0.1765f,-0.0354f,0.9837f,-0.0227f,0f,0f,0f,1f],start_interpolation: 0,interpolation_duration: 2}
$data merge entity $(bone_left_arm) {transformation: [0.9499f,0.268f,-0.1608f,-0.5037f,-0.258f,0.9628f,0.0809f,-0.4037f,0.1765f,-0.0354f,0.9837f,-0.0183f,0f,0f,0f,1f],start_interpolation: 0,interpolation_duration: 2}
$data merge entity $(bone_emissive_right_arm) {transformation: [0.9566f,-0.2428f,-0.1608f,0.4529f,0.258f,0.9628f,0.0809f,-0.2833f,0.1352f,-0.1189f,0.9837f,0.1282f,0f,0f,0f,1f],start_interpolation: 0,interpolation_duration: 2}
$data merge entity $(bone_right_arm) {transformation: [0.9566f,-0.2428f,-0.1608f,0.4832f,0.258f,0.9628f,0.0809f,-0.4037f,0.1352f,-0.1189f,0.9837f,0.1431f,0f,0f,0f,1f],start_interpolation: 0,interpolation_duration: 2}