# This file was generated by Animated Java via MC-Build. It is not recommended to edit this file directly.
$data merge entity $(item_display_item_display) {transformation: [0f,0f,0f,-0.1044f,0f,0f,0f,-0.3251f,0f,0f,0f,0.6147f,0f,0f,0f,1f],start_interpolation: 0,interpolation_duration: 2}
$data merge entity $(bone_emissive_head) {transformation: [0.9859f,0.0553f,-0.1581f,0.0085f,0f,0.9439f,0.3303f,-0.0374f,0.1675f,-0.3256f,0.9305f,-0.05f,0f,0f,0f,1f],start_interpolation: 0,interpolation_duration: 2}
$data merge entity $(bone_head) {transformation: [0.9859f,0.0553f,-0.1581f,0.0096f,0f,0.9439f,0.3303f,-0.0178f,0.1675f,-0.3256f,0.9305f,-0.0568f,0f,0f,0f,1f],start_interpolation: 0,interpolation_duration: 2}
$data merge entity $(bone_emissive_body) {transformation: [0.9859f,0.0141f,-0.1669f,-0.0132f,0f,0.9965f,0.0841f,-0.5592f,0.1675f,-0.0829f,0.9824f,0.0777f,0f,0f,0f,1f],start_interpolation: 0,interpolation_duration: 2}
$data merge entity $(bone_body) {transformation: [0.9859f,0.0141f,-0.1669f,-0.0125f,0f,0.9965f,0.0841f,-0.5125f,0.1675f,-0.0829f,0.9824f,0.0738f,0f,0f,0f,1f],start_interpolation: 0,interpolation_duration: 2}
$data merge entity $(bone_emissive_left_arm) {transformation: [0.9513f,0.2592f,-0.1669f,-0.468f,-0.2482f,0.9651f,0.0841f,-0.2864f,0.1829f,-0.0385f,0.9824f,-0.0229f,0f,0f,0f,1f],start_interpolation: 0,interpolation_duration: 2}
$data merge entity $(bone_left_arm) {transformation: [0.9513f,0.2592f,-0.1669f,-0.5004f,-0.2482f,0.9651f,0.0841f,-0.4071f,0.1829f,-0.0385f,0.9824f,-0.0181f,0f,0f,0f,1f],start_interpolation: 0,interpolation_duration: 2}
$data merge entity $(bone_emissive_right_arm) {transformation: [0.9583f,-0.2319f,-0.1669f,0.4493f,0.2482f,0.9651f,0.0841f,-0.2864f,0.1416f,-0.122f,0.9824f,0.1329f,0f,0f,0f,1f],start_interpolation: 0,interpolation_duration: 2}
$data merge entity $(bone_right_arm) {transformation: [0.9583f,-0.2319f,-0.1669f,0.4783f,0.2482f,0.9651f,0.0841f,-0.4071f,0.1416f,-0.122f,0.9824f,0.1482f,0f,0f,0f,1f],start_interpolation: 0,interpolation_duration: 2}