# This file was generated by Animated Java via MC-Build. It is not recommended to edit this file directly.
$data merge entity $(bone_head) {transformation: [0.9859f,0.0553f,-0.1581f,0.0096f,0f,0.9439f,0.3303f,-0.3928f,0.1675f,-0.3256f,0.9305f,-0.0568f,0f,0f,0f,1f],start_interpolation: 0,interpolation_duration: 1}
$data merge entity $(bone_body) {transformation: [0.9859f,0.0141f,-0.1669f,-0.0125f,0f,0.9965f,0.0841f,-0.8875f,0.1675f,-0.0829f,0.9824f,0.0738f,0f,0f,0f,1f],start_interpolation: 0,interpolation_duration: 1}
$data merge entity $(bone_left_arm) {transformation: [0.9513f,0.2592f,-0.1669f,-0.5004f,-0.2482f,0.9651f,0.0841f,-0.7821f,0.1829f,-0.0385f,0.9824f,-0.0181f,0f,0f,0f,1f],start_interpolation: 0,interpolation_duration: 1}
$data merge entity $(bone_right_arm) {transformation: [0.9583f,-0.2319f,-0.1669f,0.4783f,0.2482f,0.9651f,0.0841f,-0.7821f,0.1416f,-0.122f,0.9824f,0.1482f,0f,0f,0f,1f],start_interpolation: 0,interpolation_duration: 1}