# This file was generated by Animated Java via MC-Build. It is not recommended to edit this file directly.
$data merge entity $(bone_head) {transformation: [0.9848f,0.0594f,-0.1632f,0.0104f,0f,0.9397f,0.342f,-0.3921f,0.1736f,-0.3368f,0.9254f,-0.0589f,0f,0f,0f,1f],start_interpolation: 0,interpolation_duration: 1}
$data merge entity $(bone_body) {transformation: [0.9848f,0.0151f,-0.173f,-0.0135f,0f,0.9962f,0.0872f,-0.8872f,0.1736f,-0.0858f,0.9811f,0.0764f,0f,0f,0f,1f],start_interpolation: 0,interpolation_duration: 1}
$data merge entity $(bone_left_arm) {transformation: [0.9526f,0.2504f,-0.173f,-0.4972f,-0.2384f,0.9672f,0.0872f,-0.7855f,0.1891f,-0.0418f,0.9811f,-0.0179f,0f,0f,0f,1f],start_interpolation: 0,interpolation_duration: 1}
$data merge entity $(bone_right_arm) {transformation: [0.9598f,-0.221f,-0.173f,0.4734f,0.2384f,0.9672f,0.0872f,-0.7855f,0.1481f,-0.1249f,0.9811f,0.1532f,0f,0f,0f,1f],start_interpolation: 0,interpolation_duration: 1}