# This file was generated by Animated Java via MC-Build. It is not recommended to edit this file directly.
$data merge entity $(item_display_item_display) {transformation: [0f,0f,0f,-0.1037f,0f,0f,0f,-0.3254f,0f,0f,0f,0.6145f,0f,0f,0f,1f],start_interpolation: 0,interpolation_duration: 2}
$data merge entity $(bone_emissive_head) {transformation: [0.986f,0.0547f,-0.1573f,0.0084f,0f,0.9446f,0.3283f,-0.0376f,0.1665f,-0.3237f,0.9314f,-0.0497f,0f,0f,0f,1f],start_interpolation: 0,interpolation_duration: 2}
$data merge entity $(bone_head) {transformation: [0.986f,0.0547f,-0.1573f,0.0095f,0f,0.9446f,0.3283f,-0.0179f,0.1665f,-0.3237f,0.9314f,-0.0564f,0f,0f,0f,1f],start_interpolation: 0,interpolation_duration: 2}
$data merge entity $(bone_emissive_body) {transformation: [0.986f,0.0139f,-0.1659f,-0.013f,0f,0.9965f,0.0835f,-0.5592f,0.1665f,-0.0824f,0.9826f,0.0772f,0f,0f,0f,1f],start_interpolation: 0,interpolation_duration: 2}
$data merge entity $(bone_body) {transformation: [0.986f,0.0139f,-0.1659f,-0.0124f,0f,0.9965f,0.0835f,-0.5125f,0.1665f,-0.0824f,0.9826f,0.0734f,0f,0f,0f,1f],start_interpolation: 0,interpolation_duration: 2}
$data merge entity $(bone_emissive_left_arm) {transformation: [0.9565f,0.2399f,-0.1659f,-0.4634f,-0.2287f,0.9699f,0.0835f,-0.2931f,0.1809f,-0.042f,0.9826f,-0.0214f,0f,0f,0f,1f],start_interpolation: 0,interpolation_duration: 2}
$data merge entity $(bone_left_arm) {transformation: [0.9565f,0.2399f,-0.1659f,-0.4934f,-0.2287f,0.9699f,0.0835f,-0.4143f,0.1809f,-0.042f,0.9826f,-0.0162f,0f,0f,0f,1f],start_interpolation: 0,interpolation_duration: 2}
$data merge entity $(bone_emissive_right_arm) {transformation: [0.9629f,-0.2128f,-0.1659f,0.4447f,0.2287f,0.9699f,0.0835f,-0.2931f,0.1431f,-0.1184f,0.9826f,0.1319f,0f,0f,0f,1f],start_interpolation: 0,interpolation_duration: 2}
$data merge entity $(bone_right_arm) {transformation: [0.9629f,-0.2128f,-0.1659f,0.4713f,0.2287f,0.9699f,0.0835f,-0.4143f,0.1431f,-0.1184f,0.9826f,0.1467f,0f,0f,0f,1f],start_interpolation: 0,interpolation_duration: 2}