# This file was generated by Animated Java via MC-Build. It is not recommended to edit this file directly.
$data merge entity $(item_display_item_display) {transformation: [0f,0f,0f,-0.0106f,0f,0f,0f,-0.3697f,0f,0f,0f,0.5694f,0f,0f,0f,1f],start_interpolation: 0,interpolation_duration: 2}
$data merge entity $(bone_emissive_head) {transformation: [0.9998f,0.0007f,-0.0187f,0.0001f,0f,0.9993f,0.0374f,-0.0592f,0.0187f,-0.0374f,0.9991f,-0.0054f,0f,0f,0f,1f],start_interpolation: 0,interpolation_duration: 2}
$data merge entity $(bone_head) {transformation: [0.9998f,0.0007f,-0.0187f,0.0001f,0f,0.9993f,0.0374f,-0.0384f,0.0187f,-0.0374f,0.9991f,-0.0062f,0f,0f,0f,1f],start_interpolation: 0,interpolation_duration: 2}
$data merge entity $(bone_emissive_body) {transformation: [0.9998f,0.0002f,-0.0187f,-0.0002f,0f,1f,0.0093f,-0.5625f,0.0187f,-0.0093f,0.9998f,0.0088f,0f,0f,0f,1f],start_interpolation: 0,interpolation_duration: 2}
$data merge entity $(bone_body) {transformation: [0.9998f,0.0002f,-0.0187f,-0.0002f,0f,1f,0.0093f,-0.5156f,0.0187f,-0.0093f,0.9998f,0.0083f,0f,0f,0f,1f],start_interpolation: 0,interpolation_duration: 2}
$data merge entity $(bone_emissive_left_arm) {transformation: [0.9994f,0.0304f,-0.0187f,-0.4133f,-0.0302f,0.9995f,0.0093f,-0.3642f,0.019f,-0.0088f,0.9998f,-0.0008f,0f,0f,0f,1f],start_interpolation: 0,interpolation_duration: 2}
$data merge entity $(bone_left_arm) {transformation: [0.9994f,0.0304f,-0.0187f,-0.4171f,-0.0302f,0.9995f,0.0093f,-0.4891f,0.019f,-0.0088f,0.9998f,0.0003f,0f,0f,0f,1f],start_interpolation: 0,interpolation_duration: 2}
$data merge entity $(bone_emissive_right_arm) {transformation: [0.9994f,-0.03f,-0.0187f,0.4131f,0.0302f,0.9995f,0.0093f,-0.3642f,0.0184f,-0.0099f,0.9998f,0.0146f,0f,0f,0f,1f],start_interpolation: 0,interpolation_duration: 2}
$data merge entity $(bone_right_arm) {transformation: [0.9994f,-0.03f,-0.0187f,0.4168f,0.0302f,0.9995f,0.0093f,-0.4891f,0.0184f,-0.0099f,0.9998f,0.0159f,0f,0f,0f,1f],start_interpolation: 0,interpolation_duration: 2}