# This file was generated by Animated Java via MC-Build. It is not recommended to edit this file directly.
$data merge entity $(bone_head) {transformation: [0.9998f,0.0007f,-0.0187f,0.0001f,0f,0.9993f,0.0374f,-0.4134f,0.0187f,-0.0374f,0.9991f,-0.0062f,0f,0f,0f,1f],start_interpolation: 0,interpolation_duration: 1}
$data merge entity $(bone_body) {transformation: [0.9998f,0.0002f,-0.0187f,-0.0002f,0f,1f,0.0093f,-0.8906f,0.0187f,-0.0093f,0.9998f,0.0083f,0f,0f,0f,1f],start_interpolation: 0,interpolation_duration: 1}
$data merge entity $(bone_left_arm) {transformation: [0.9994f,0.0304f,-0.0187f,-0.4171f,-0.0302f,0.9995f,0.0093f,-0.8641f,0.019f,-0.0088f,0.9998f,0.0003f,0f,0f,0f,1f],start_interpolation: 0,interpolation_duration: 1}
$data merge entity $(bone_right_arm) {transformation: [0.9994f,-0.03f,-0.0187f,0.4168f,0.0302f,0.9995f,0.0093f,-0.8641f,0.0184f,-0.0099f,0.9998f,0.0159f,0f,0f,0f,1f],start_interpolation: 0,interpolation_duration: 1}