# This file was generated by Animated Java via MC-Build. It is not recommended to edit this file directly.
$data merge entity $(item_display_item_display) {transformation: [0f,0f,0f,-0.0989f,0f,0f,0f,-0.3277f,0f,0f,0f,0.6127f,0f,0f,0f,1f],start_interpolation: 0,interpolation_duration: 2}
$data merge entity $(bone_emissive_head) {transformation: [0.9872f,0.0501f,-0.1512f,0.0077f,0f,0.9492f,0.3145f,-0.0384f,0.1593f,-0.3105f,0.9371f,-0.0475f,0f,0f,0f,1f],start_interpolation: 0,interpolation_duration: 2}
$data merge entity $(bone_head) {transformation: [0.9872f,0.0501f,-0.1512f,0.0087f,0f,0.9492f,0.3145f,-0.0186f,0.1593f,-0.3105f,0.9371f,-0.054f,0f,0f,0f,1f],start_interpolation: 0,interpolation_duration: 2}
$data merge entity $(bone_emissive_body) {transformation: [0.9872f,0.0127f,-0.1588f,-0.0119f,0f,0.9968f,0.0799f,-0.5595f,0.1593f,-0.0789f,0.9841f,0.074f,0f,0f,0f,1f],start_interpolation: 0,interpolation_duration: 2}
$data merge entity $(bone_body) {transformation: [0.9872f,0.0127f,-0.1588f,-0.0113f,0f,0.9968f,0.0799f,-0.5128f,0.1593f,-0.0789f,0.9841f,0.0703f,0f,0f,0f,1f],start_interpolation: 0,interpolation_duration: 2}
$data merge entity $(bone_emissive_left_arm) {transformation: [0.9603f,0.2293f,-0.1588f,-0.4608f,-0.219f,0.9724f,0.0799f,-0.2966f,0.1727f,-0.042f,0.9841f,-0.0198f,0f,0f,0f,1f],start_interpolation: 0,interpolation_duration: 2}
$data merge entity $(bone_left_arm) {transformation: [0.9603f,0.2293f,-0.1588f,-0.4895f,-0.219f,0.9724f,0.0799f,-0.4181f,0.1727f,-0.042f,0.9841f,-0.0146f,0f,0f,0f,1f],start_interpolation: 0,interpolation_duration: 2}
$data merge entity $(bone_emissive_right_arm) {transformation: [0.9659f,-0.2045f,-0.1588f,0.4437f,0.219f,0.9724f,0.0799f,-0.2966f,0.1381f,-0.112f,0.9841f,0.1261f,0f,0f,0f,1f],start_interpolation: 0,interpolation_duration: 2}
$data merge entity $(bone_right_arm) {transformation: [0.9659f,-0.2045f,-0.1588f,0.4692f,0.219f,0.9724f,0.0799f,-0.4181f,0.1381f,-0.112f,0.9841f,0.1401f,0f,0f,0f,1f],start_interpolation: 0,interpolation_duration: 2}