# This file was generated by Animated Java via MC-Build. It is not recommended to edit this file directly.
$data merge entity $(bone_head) {transformation: [0.9884f,0.0457f,-0.1451f,0.0079f,0f,0.9537f,0.3007f,-0.3944f,0.1521f,-0.2972f,0.9426f,-0.0515f,0f,0f,0f,1f],start_interpolation: 0,interpolation_duration: 1}
$data merge entity $(bone_body) {transformation: [0.9884f,0.0116f,-0.1517f,-0.0103f,0f,0.9971f,0.0763f,-0.888f,0.1521f,-0.0754f,0.9855f,0.0671f,0f,0f,0f,1f],start_interpolation: 0,interpolation_duration: 1}
$data merge entity $(bone_left_arm) {transformation: [0.9639f,0.2188f,-0.1517f,-0.4856f,-0.2093f,0.9749f,0.0763f,-0.7969f,0.1646f,-0.0418f,0.9855f,-0.0131f,0f,0f,0f,1f],start_interpolation: 0,interpolation_duration: 1}
$data merge entity $(bone_right_arm) {transformation: [0.9688f,-0.1961f,-0.1517f,0.4671f,0.2093f,0.9749f,0.0763f,-0.7969f,0.1329f,-0.1056f,0.9855f,0.1336f,0f,0f,0f,1f],start_interpolation: 0,interpolation_duration: 1}