# This file was generated by Animated Java via MC-Build. It is not recommended to edit this file directly.
$data merge entity $(item_display_item_display) {transformation: [0f,0f,0f,-0.0892f,0f,0f,0f,-0.3321f,0f,0f,0f,0.609f,0f,0f,0f,1f],start_interpolation: 0,interpolation_duration: 2}
$data merge entity $(bone_emissive_head) {transformation: [0.9894f,0.0416f,-0.1388f,0.0063f,0f,0.958f,0.2868f,-0.0402f,0.1449f,-0.2838f,0.9479f,-0.0431f,0f,0f,0f,1f],start_interpolation: 0,interpolation_duration: 2}
$data merge entity $(bone_head) {transformation: [0.9894f,0.0416f,-0.1388f,0.0072f,0f,0.958f,0.2868f,-0.0203f,0.1449f,-0.2838f,0.9479f,-0.049f,0f,0f,0f,1f],start_interpolation: 0,interpolation_duration: 2}
$data merge entity $(bone_emissive_body) {transformation: [0.9894f,0.0105f,-0.1445f,-0.0099f,0f,0.9974f,0.0727f,-0.56f,0.1449f,-0.0719f,0.9868f,0.0674f,0f,0f,0f,1f],start_interpolation: 0,interpolation_duration: 2}
$data merge entity $(bone_body) {transformation: [0.9894f,0.0105f,-0.1445f,-0.0094f,0f,0.9974f,0.0727f,-0.5133f,0.1449f,-0.0719f,0.9868f,0.064f,0f,0f,0f,1f],start_interpolation: 0,interpolation_duration: 2}
$data merge entity $(bone_emissive_left_arm) {transformation: [0.9673f,0.2082f,-0.1445f,-0.4557f,-0.1995f,0.9772f,0.0727f,-0.3036f,0.1564f,-0.0414f,0.9868f,-0.0168f,0f,0f,0f,1f],start_interpolation: 0,interpolation_duration: 2}
$data merge entity $(bone_left_arm) {transformation: [0.9673f,0.2082f,-0.1445f,-0.4818f,-0.1995f,0.9772f,0.0727f,-0.4258f,0.1564f,-0.0414f,0.9868f,-0.0116f,0f,0f,0f,1f],start_interpolation: 0,interpolation_duration: 2}
$data merge entity $(bone_emissive_right_arm) {transformation: [0.9716f,-0.1876f,-0.1445f,0.4414f,0.1995f,0.9772f,0.0727f,-0.3036f,0.1276f,-0.0994f,0.9868f,0.1146f,0f,0f,0f,1f],start_interpolation: 0,interpolation_duration: 2}
$data merge entity $(bone_right_arm) {transformation: [0.9716f,-0.1876f,-0.1445f,0.4649f,0.1995f,0.9772f,0.0727f,-0.4258f,0.1276f,-0.0994f,0.9868f,0.1271f,0f,0f,0f,1f],start_interpolation: 0,interpolation_duration: 2}