# This file was generated by Animated Java via MC-Build. It is not recommended to edit this file directly.
$data merge entity $(bone_head) {transformation: [0.9905f,0.0376f,-0.1325f,0.0065f,0f,0.9621f,0.2728f,-0.3961f,0.1377f,-0.2702f,0.9529f,-0.0465f,0f,0f,0f,1f],start_interpolation: 0,interpolation_duration: 1}
$data merge entity $(bone_body) {transformation: [0.9905f,0.0095f,-0.1374f,-0.0085f,0f,0.9976f,0.069f,-0.8885f,0.1377f,-0.0684f,0.9881f,0.0609f,0f,0f,0f,1f],start_interpolation: 0,interpolation_duration: 1}
$data merge entity $(bone_left_arm) {transformation: [0.9706f,0.1977f,-0.1374f,-0.4779f,-0.1897f,0.9794f,0.069f,-0.8046f,0.1482f,-0.0409f,0.9881f,-0.0102f,0f,0f,0f,1f],start_interpolation: 0,interpolation_duration: 1}
$data merge entity $(bone_right_arm) {transformation: [0.9742f,-0.179f,-0.1374f,0.4626f,0.1897f,0.9794f,0.069f,-0.8046f,0.1222f,-0.0933f,0.9881f,0.1205f,0f,0f,0f,1f],start_interpolation: 0,interpolation_duration: 1}