# This file was generated by Animated Java via MC-Build. It is not recommended to edit this file directly.
$data merge entity $(item_display_item_display) {transformation: [0f,0f,0f,-0.0844f,0f,0f,0f,-0.3344f,0f,0f,0f,0.6071f,0f,0f,0f,1f],start_interpolation: 0,interpolation_duration: 2}
$data merge entity $(bone_emissive_head) {transformation: [0.9905f,0.0376f,-0.1325f,0.0057f,0f,0.9621f,0.2728f,-0.0412f,0.1377f,-0.2702f,0.9529f,-0.0409f,0f,0f,0f,1f],start_interpolation: 0,interpolation_duration: 2}
$data merge entity $(bone_head) {transformation: [0.9905f,0.0376f,-0.1325f,0.0065f,0f,0.9621f,0.2728f,-0.0211f,0.1377f,-0.2702f,0.9529f,-0.0465f,0f,0f,0f,1f],start_interpolation: 0,interpolation_duration: 2}
$data merge entity $(bone_emissive_body) {transformation: [0.9905f,0.0095f,-0.1374f,-0.0089f,0f,0.9976f,0.069f,-0.5603f,0.1377f,-0.0684f,0.9881f,0.0641f,0f,0f,0f,1f],start_interpolation: 0,interpolation_duration: 2}
$data merge entity $(bone_body) {transformation: [0.9905f,0.0095f,-0.1374f,-0.0085f,0f,0.9976f,0.069f,-0.5135f,0.1377f,-0.0684f,0.9881f,0.0609f,0f,0f,0f,1f],start_interpolation: 0,interpolation_duration: 2}
$data merge entity $(bone_emissive_left_arm) {transformation: [0.9706f,0.1977f,-0.1374f,-0.4532f,-0.1897f,0.9794f,0.069f,-0.3071f,0.1482f,-0.0409f,0.9881f,-0.0154f,0f,0f,0f,1f],start_interpolation: 0,interpolation_duration: 2}
$data merge entity $(bone_left_arm) {transformation: [0.9706f,0.1977f,-0.1374f,-0.4779f,-0.1897f,0.9794f,0.069f,-0.4296f,0.1482f,-0.0409f,0.9881f,-0.0102f,0f,0f,0f,1f],start_interpolation: 0,interpolation_duration: 2}
$data merge entity $(bone_emissive_right_arm) {transformation: [0.9742f,-0.179f,-0.1374f,0.4402f,0.1897f,0.9794f,0.069f,-0.3071f,0.1222f,-0.0933f,0.9881f,0.1089f,0f,0f,0f,1f],start_interpolation: 0,interpolation_duration: 2}
$data merge entity $(bone_right_arm) {transformation: [0.9742f,-0.179f,-0.1374f,0.4626f,0.1897f,0.9794f,0.069f,-0.4296f,0.1222f,-0.0933f,0.9881f,0.1205f,0f,0f,0f,1f],start_interpolation: 0,interpolation_duration: 2}