# This file was generated by Animated Java via MC-Build. It is not recommended to edit this file directly.
$data merge entity $(item_display_item_display) {transformation: [0f,0f,0f,-0.0797f,0f,0f,0f,-0.3366f,0f,0f,0f,0.6051f,0f,0f,0f,1f],start_interpolation: 0,interpolation_duration: 2}
$data merge entity $(bone_emissive_head) {transformation: [0.9914f,0.0338f,-0.1261f,0.0051f,0f,0.9659f,0.2588f,-0.0421f,0.1305f,-0.2566f,0.9577f,-0.0387f,0f,0f,0f,1f],start_interpolation: 0,interpolation_duration: 2}
$data merge entity $(bone_head) {transformation: [0.9914f,0.0338f,-0.1261f,0.0058f,0f,0.9659f,0.2588f,-0.022f,0.1305f,-0.2566f,0.9577f,-0.0441f,0f,0f,0f,1f],start_interpolation: 0,interpolation_duration: 2}
$data merge entity $(bone_emissive_body) {transformation: [0.9914f,0.0085f,-0.1302f,-0.008f,0f,0.9979f,0.0654f,-0.5605f,0.1305f,-0.0648f,0.9893f,0.0608f,0f,0f,0f,1f],start_interpolation: 0,interpolation_duration: 2}
$data merge entity $(bone_body) {transformation: [0.9914f,0.0085f,-0.1302f,-0.0076f,0f,0.9979f,0.0654f,-0.5137f,0.1305f,-0.0648f,0.9893f,0.0578f,0f,0f,0f,1f],start_interpolation: 0,interpolation_duration: 2}
$data merge entity $(bone_emissive_left_arm) {transformation: [0.9737f,0.1871f,-0.1302f,-0.4506f,-0.1799f,0.9815f,0.0654f,-0.3107f,0.1401f,-0.0403f,0.9893f,-0.014f,0f,0f,0f,1f],start_interpolation: 0,interpolation_duration: 2}
$data merge entity $(bone_left_arm) {transformation: [0.9737f,0.1871f,-0.1302f,-0.474f,-0.1799f,0.9815f,0.0654f,-0.4334f,0.1401f,-0.0403f,0.9893f,-0.009f,0f,0f,0f,1f],start_interpolation: 0,interpolation_duration: 2}
$data merge entity $(bone_emissive_right_arm) {transformation: [0.9767f,-0.1703f,-0.1302f,0.4389f,0.1799f,0.9815f,0.0654f,-0.3107f,0.1167f,-0.0873f,0.9893f,0.1031f,0f,0f,0f,1f],start_interpolation: 0,interpolation_duration: 2}
$data merge entity $(bone_right_arm) {transformation: [0.9767f,-0.1703f,-0.1302f,0.4602f,0.1799f,0.9815f,0.0654f,-0.4334f,0.1167f,-0.0873f,0.9893f,0.114f,0f,0f,0f,1f],start_interpolation: 0,interpolation_duration: 2}