# This file was generated by Animated Java via MC-Build. It is not recommended to edit this file directly.
$data merge entity $(bone_head) {transformation: [0.9924f,0.0302f,-0.1196f,0.0052f,0f,0.9696f,0.2447f,-0.3979f,0.1233f,-0.2429f,0.9622f,-0.0416f,0f,0f,0f,1f],start_interpolation: 0,interpolation_duration: 1}
$data merge entity $(bone_body) {transformation: [0.9924f,0.0076f,-0.1231f,-0.0068f,0f,0.9981f,0.0618f,-0.8889f,0.1233f,-0.0613f,0.9905f,0.0546f,0f,0f,0f,1f],start_interpolation: 0,interpolation_duration: 1}
$data merge entity $(bone_left_arm) {transformation: [0.9766f,0.1765f,-0.1231f,-0.4702f,-0.17f,0.9835f,0.0618f,-0.8121f,0.132f,-0.0394f,0.9905f,-0.0078f,0f,0f,0f,1f],start_interpolation: 0,interpolation_duration: 1}
$data merge entity $(bone_right_arm) {transformation: [0.9792f,-0.1615f,-0.1231f,0.4578f,0.17f,0.9835f,0.0618f,-0.8121f,0.1111f,-0.0814f,0.9905f,0.1075f,0f,0f,0f,1f],start_interpolation: 0,interpolation_duration: 1}