# This file was generated by Animated Java via MC-Build. It is not recommended to edit this file directly.
$data merge entity $(bone_head) {transformation: [0.9932f,0.0268f,-0.113f,0.0046f,0f,0.973f,0.2306f,-0.3988f,0.1161f,-0.2291f,0.9665f,-0.0391f,0f,0f,0f,1f],start_interpolation: 0,interpolation_duration: 1}
$data merge entity $(bone_body) {transformation: [0.9932f,0.0068f,-0.1159f,-0.006f,0f,0.9983f,0.0581f,-0.8891f,0.1161f,-0.0578f,0.9916f,0.0514f,0f,0f,0f,1f],start_interpolation: 0,interpolation_duration: 1}
$data merge entity $(bone_left_arm) {transformation: [0.9793f,0.166f,-0.1159f,-0.4663f,-0.1601f,0.9854f,0.0581f,-0.8159f,0.1239f,-0.0384f,0.9916f,-0.0067f,0f,0f,0f,1f],start_interpolation: 0,interpolation_duration: 1}
$data merge entity $(bone_right_arm) {transformation: [0.9815f,-0.1527f,-0.1159f,0.4553f,0.1601f,0.9854f,0.0581f,-0.8159f,0.1053f,-0.0756f,0.9916f,0.1011f,0f,0f,0f,1f],start_interpolation: 0,interpolation_duration: 1}