# This file was generated by Animated Java via MC-Build. It is not recommended to edit this file directly.
$data merge entity $(item_display_item_display) {transformation: [0f,0f,0f,-0.0656f,0f,0f,0f,-0.3432f,0f,0f,0f,0.599f,0f,0f,0f,1f],start_interpolation: 0,interpolation_duration: 2}
$data merge entity $(bone_emissive_head) {transformation: [0.9941f,0.0236f,-0.1063f,0.0035f,0f,0.9763f,0.2164f,-0.0451f,0.1089f,-0.2152f,0.9705f,-0.0322f,0f,0f,0f,1f],start_interpolation: 0,interpolation_duration: 2}
$data merge entity $(bone_head) {transformation: [0.9941f,0.0236f,-0.1063f,0.004f,0f,0.9763f,0.2164f,-0.0247f,0.1089f,-0.2152f,0.9705f,-0.0366f,0f,0f,0f,1f],start_interpolation: 0,interpolation_duration: 2}
$data merge entity $(bone_emissive_body) {transformation: [0.9941f,0.0059f,-0.1087f,-0.0056f,0f,0.9985f,0.0545f,-0.5611f,0.1089f,-0.0542f,0.9926f,0.0508f,0f,0f,0f,1f],start_interpolation: 0,interpolation_duration: 2}
$data merge entity $(bone_body) {transformation: [0.9941f,0.0059f,-0.1087f,-0.0053f,0f,0.9985f,0.0545f,-0.5143f,0.1089f,-0.0542f,0.9926f,0.0483f,0f,0f,0f,1f],start_interpolation: 0,interpolation_duration: 2}
$data merge entity $(bone_emissive_left_arm) {transformation: [0.9818f,0.1554f,-0.1087f,-0.443f,-0.1502f,0.9871f,0.0545f,-0.3213f,0.1158f,-0.0372f,0.9926f,-0.0103f,0f,0f,0f,1f],start_interpolation: 0,interpolation_duration: 2}
$data merge entity $(bone_left_arm) {transformation: [0.9818f,0.1554f,-0.1087f,-0.4625f,-0.1502f,0.9871f,0.0545f,-0.4447f,0.1158f,-0.0372f,0.9926f,-0.0056f,0f,0f,0f,1f],start_interpolation: 0,interpolation_duration: 2}
$data merge entity $(bone_emissive_right_arm) {transformation: [0.9836f,-0.1437f,-0.1087f,0.4348f,0.1502f,0.9871f,0.0545f,-0.3213f,0.0995f,-0.07f,0.9926f,0.0859f,0f,0f,0f,1f],start_interpolation: 0,interpolation_duration: 2}
$data merge entity $(bone_right_arm) {transformation: [0.9836f,-0.1437f,-0.1087f,0.4527f,0.1502f,0.9871f,0.0545f,-0.4447f,0.0995f,-0.07f,0.9926f,0.0946f,0f,0f,0f,1f],start_interpolation: 0,interpolation_duration: 2}