# This file was generated by Animated Java via MC-Build. It is not recommended to edit this file directly.
$data merge entity $(item_display_item_display) {transformation: [0f,0f,0f,-0.061f,0f,0f,0f,-0.3454f,0f,0f,0f,0.5968f,0f,0f,0f,1f],start_interpolation: 0,interpolation_duration: 2}
$data merge entity $(bone_emissive_head) {transformation: [0.9948f,0.0206f,-0.0995f,0.0031f,0f,0.9793f,0.2022f,-0.0461f,0.1016f,-0.2012f,0.9743f,-0.03f,0f,0f,0f,1f],start_interpolation: 0,interpolation_duration: 2}
$data merge entity $(bone_head) {transformation: [0.9948f,0.0206f,-0.0995f,0.0035f,0f,0.9793f,0.2022f,-0.0257f,0.1016f,-0.2012f,0.9743f,-0.0342f,0f,0f,0f,1f],start_interpolation: 0,interpolation_duration: 2}
$data merge entity $(bone_emissive_body) {transformation: [0.9948f,0.0052f,-0.1015f,-0.0048f,0f,0.9987f,0.0509f,-0.5613f,0.1016f,-0.0506f,0.9935f,0.0475f,0f,0f,0f,1f],start_interpolation: 0,interpolation_duration: 2}
$data merge entity $(bone_body) {transformation: [0.9948f,0.0052f,-0.1015f,-0.0046f,0f,0.9987f,0.0509f,-0.5145f,0.1016f,-0.0506f,0.9935f,0.0451f,0f,0f,0f,1f],start_interpolation: 0,interpolation_duration: 2}
$data merge entity $(bone_emissive_left_arm) {transformation: [0.9842f,0.1449f,-0.1015f,-0.4405f,-0.1403f,0.9888f,0.0509f,-0.3249f,0.1077f,-0.0358f,0.9935f,-0.0092f,0f,0f,0f,1f],start_interpolation: 0,interpolation_duration: 2}
$data merge entity $(bone_left_arm) {transformation: [0.9842f,0.1449f,-0.1015f,-0.4586f,-0.1403f,0.9888f,0.0509f,-0.4485f,0.1077f,-0.0358f,0.9935f,-0.0047f,0f,0f,0f,1f],start_interpolation: 0,interpolation_duration: 2}
$data merge entity $(bone_emissive_right_arm) {transformation: [0.9857f,-0.1347f,-0.1015f,0.4333f,0.1403f,0.9888f,0.0509f,-0.3249f,0.0935f,-0.0644f,0.9935f,0.0801f,0f,0f,0f,1f],start_interpolation: 0,interpolation_duration: 2}
$data merge entity $(bone_right_arm) {transformation: [0.9857f,-0.1347f,-0.1015f,0.4501f,0.1403f,0.9888f,0.0509f,-0.4485f,0.0935f,-0.0644f,0.9935f,0.0882f,0f,0f,0f,1f],start_interpolation: 0,interpolation_duration: 2}