# This file was generated by Animated Java via MC-Build. It is not recommended to edit this file directly.
$data merge entity $(bone_head) {transformation: [0.9955f,0.0177f,-0.0927f,0.003f,0f,0.9822f,0.188f,-0.4017f,0.0944f,-0.1871f,0.9778f,-0.0317f,0f,0f,0f,1f],start_interpolation: 0,interpolation_duration: 1}
$data merge entity $(bone_body) {transformation: [0.9955f,0.0045f,-0.0943f,-0.004f,0f,0.9989f,0.0473f,-0.8896f,0.0944f,-0.047f,0.9944f,0.0419f,0f,0f,0f,1f],start_interpolation: 0,interpolation_duration: 1}
$data merge entity $(bone_left_arm) {transformation: [0.9864f,0.1344f,-0.0943f,-0.4548f,-0.1304f,0.9903f,0.0473f,-0.8272f,0.0997f,-0.0343f,0.9944f,-0.0038f,0f,0f,0f,1f],start_interpolation: 0,interpolation_duration: 1}
$data merge entity $(bone_right_arm) {transformation: [0.9876f,-0.1255f,-0.0943f,0.4474f,0.1304f,0.9903f,0.0473f,-0.8272f,0.0875f,-0.059f,0.9944f,0.0817f,0f,0f,0f,1f],start_interpolation: 0,interpolation_duration: 1}