# This file was generated by Animated Java via MC-Build. It is not recommended to edit this file directly.
$data merge entity $(bone_head) {transformation: [0.9997f,0.0012f,-0.0249f,0.0002f,0f,0.9988f,0.0498f,-0.4123f,0.0249f,-0.0498f,0.9984f,-0.0083f,0f,0f,0f,1f],start_interpolation: 0,interpolation_duration: 1}
$data merge entity $(bone_body) {transformation: [0.9997f,0.0003f,-0.0249f,-0.0003f,0f,0.9999f,0.0125f,-0.8906f,0.0249f,-0.0125f,0.9996f,0.0111f,0f,0f,0f,1f],start_interpolation: 0,interpolation_duration: 1}
$data merge entity $(bone_left_arm) {transformation: [0.9989f,0.0406f,-0.0249f,-0.4208f,-0.0403f,0.9991f,0.0125f,-0.8605f,0.0254f,-0.0114f,0.9996f,0.0002f,0f,0f,0f,1f],start_interpolation: 0,interpolation_duration: 1}
$data merge entity $(bone_right_arm) {transformation: [0.9989f,-0.0399f,-0.0249f,0.4203f,0.0403f,0.9991f,0.0125f,-0.8605f,0.0244f,-0.0135f,0.9996f,0.0212f,0f,0f,0f,1f],start_interpolation: 0,interpolation_duration: 1}