# This file was generated by Animated Java via MC-Build. It is not recommended to edit this file directly.
$data merge entity $(item_display_item_display) {transformation: [0f,0f,0f,-0.0518f,0f,0f,0f,-0.3498f,0f,0f,0f,0.5924f,0f,0f,0f,1f],start_interpolation: 0,interpolation_duration: 2}
$data merge entity $(bone_emissive_head) {transformation: [0.9962f,0.0151f,-0.0858f,0.0022f,0f,0.9848f,0.1736f,-0.0482f,0.0872f,-0.173f,0.9811f,-0.0256f,0f,0f,0f,1f],start_interpolation: 0,interpolation_duration: 2}
$data merge entity $(bone_head) {transformation: [0.9962f,0.0151f,-0.0858f,0.0026f,0f,0.9848f,0.1736f,-0.0277f,0.0872f,-0.173f,0.9811f,-0.0292f,0f,0f,0f,1f],start_interpolation: 0,interpolation_duration: 2}
$data merge entity $(bone_emissive_body) {transformation: [0.9962f,0.0038f,-0.0871f,-0.0036f,0f,0.999f,0.0436f,-0.5616f,0.0872f,-0.0435f,0.9952f,0.0407f,0f,0f,0f,1f],start_interpolation: 0,interpolation_duration: 2}
$data merge entity $(bone_body) {transformation: [0.9962f,0.0038f,-0.0871f,-0.0034f,0f,0.999f,0.0436f,-0.5148f,0.0872f,-0.0435f,0.9952f,0.0387f,0f,0f,0f,1f],start_interpolation: 0,interpolation_duration: 2}
$data merge entity $(bone_emissive_left_arm) {transformation: [0.9885f,0.1239f,-0.0871f,-0.4355f,-0.1204f,0.9918f,0.0436f,-0.332f,0.0918f,-0.0326f,0.9952f,-0.0071f,0f,0f,0f,1f],start_interpolation: 0,interpolation_duration: 2}
$data merge entity $(bone_left_arm) {transformation: [0.9885f,0.1239f,-0.0871f,-0.451f,-0.1204f,0.9918f,0.0436f,-0.4559f,0.0918f,-0.0326f,0.9952f,-0.003f,0f,0f,0f,1f],start_interpolation: 0,interpolation_duration: 2}
$data merge entity $(bone_emissive_right_arm) {transformation: [0.9894f,-0.1163f,-0.0871f,0.4301f,0.1204f,0.9918f,0.0436f,-0.332f,0.0813f,-0.0536f,0.9952f,0.0686f,0f,0f,0f,1f],start_interpolation: 0,interpolation_duration: 2}
$data merge entity $(bone_right_arm) {transformation: [0.9894f,-0.1163f,-0.0871f,0.4446f,0.1204f,0.9918f,0.0436f,-0.4559f,0.0813f,-0.0536f,0.9952f,0.0753f,0f,0f,0f,1f],start_interpolation: 0,interpolation_duration: 2}