# This file was generated by Animated Java via MC-Build. It is not recommended to edit this file directly.
$data merge entity $(bone_head) {transformation: [0.9962f,0.0151f,-0.0858f,0.0026f,0f,0.9848f,0.1736f,-0.4027f,0.0872f,-0.173f,0.9811f,-0.0292f,0f,0f,0f,1f],start_interpolation: 0,interpolation_duration: 1}
$data merge entity $(bone_body) {transformation: [0.9962f,0.0038f,-0.0871f,-0.0034f,0f,0.999f,0.0436f,-0.8898f,0.0872f,-0.0435f,0.9952f,0.0387f,0f,0f,0f,1f],start_interpolation: 0,interpolation_duration: 1}
$data merge entity $(bone_left_arm) {transformation: [0.9885f,0.1239f,-0.0871f,-0.451f,-0.1204f,0.9918f,0.0436f,-0.8309f,0.0918f,-0.0326f,0.9952f,-0.003f,0f,0f,0f,1f],start_interpolation: 0,interpolation_duration: 1}
$data merge entity $(bone_right_arm) {transformation: [0.9894f,-0.1163f,-0.0871f,0.4446f,0.1204f,0.9918f,0.0436f,-0.8309f,0.0813f,-0.0536f,0.9952f,0.0753f,0f,0f,0f,1f],start_interpolation: 0,interpolation_duration: 1}