# This file was generated by Animated Java via MC-Build. It is not recommended to edit this file directly.
$data merge entity $(bone_head) {transformation: [0.9968f,0.0127f,-0.0789f,0.0021f,0f,0.9872f,0.1593f,-0.4037f,0.0799f,-0.1588f,0.9841f,-0.0268f,0f,0f,0f,1f],start_interpolation: 0,interpolation_duration: 1}
$data merge entity $(bone_body) {transformation: [0.9968f,0.0032f,-0.0798f,-0.0028f,0f,0.9992f,0.04f,-0.8899f,0.0799f,-0.0399f,0.996f,0.0355f,0f,0f,0f,1f],start_interpolation: 0,interpolation_duration: 1}
$data merge entity $(bone_left_arm) {transformation: [0.9903f,0.1134f,-0.0798f,-0.4472f,-0.1104f,0.9931f,0.04f,-0.8347f,0.0838f,-0.0308f,0.996f,-0.0023f,0f,0f,0f,1f],start_interpolation: 0,interpolation_duration: 1}
$data merge entity $(bone_right_arm) {transformation: [0.991f,-0.107f,-0.0798f,0.4418f,0.1104f,0.9931f,0.04f,-0.8347f,0.075f,-0.0484f,0.996f,0.0689f,0f,0f,0f,1f],start_interpolation: 0,interpolation_duration: 1}