# This file was generated by Animated Java via MC-Build. It is not recommended to edit this file directly.
$data merge entity $(item_display_item_display) {transformation: [0f,0f,0f,-0.0428f,0f,0f,0f,-0.3541f,0f,0f,0f,0.5878f,0f,0f,0f,1f],start_interpolation: 0,interpolation_duration: 2}
$data merge entity $(bone_emissive_head) {transformation: [0.9974f,0.0105f,-0.0719f,0.0016f,0f,0.9894f,0.1449f,-0.0504f,0.0727f,-0.1445f,0.9868f,-0.0213f,0f,0f,0f,1f],start_interpolation: 0,interpolation_duration: 2}
$data merge entity $(bone_head) {transformation: [0.9974f,0.0105f,-0.0719f,0.0018f,0f,0.9894f,0.1449f,-0.0298f,0.0727f,-0.1445f,0.9868f,-0.0243f,0f,0f,0f,1f],start_interpolation: 0,interpolation_duration: 2}
$data merge entity $(bone_emissive_body) {transformation: [0.9974f,0.0026f,-0.0726f,-0.0025f,0f,0.9993f,0.0364f,-0.5619f,0.0727f,-0.0363f,0.9967f,0.034f,0f,0f,0f,1f],start_interpolation: 0,interpolation_duration: 2}
$data merge entity $(bone_body) {transformation: [0.9974f,0.0026f,-0.0726f,-0.0024f,0f,0.9993f,0.0364f,-0.515f,0.0727f,-0.0363f,0.9967f,0.0323f,0f,0f,0f,1f],start_interpolation: 0,interpolation_duration: 2}
$data merge entity $(bone_emissive_left_arm) {transformation: [0.992f,0.1029f,-0.0726f,-0.4305f,-0.1005f,0.9943f,0.0364f,-0.3391f,0.0759f,-0.0288f,0.9967f,-0.0053f,0f,0f,0f,1f],start_interpolation: 0,interpolation_duration: 2}
$data merge entity $(bone_left_arm) {transformation: [0.992f,0.1029f,-0.0726f,-0.4434f,-0.1005f,0.9943f,0.0364f,-0.4634f,0.0759f,-0.0288f,0.9967f,-0.0017f,0f,0f,0f,1f],start_interpolation: 0,interpolation_duration: 2}
$data merge entity $(bone_emissive_right_arm) {transformation: [0.9926f,-0.0976f,-0.0726f,0.4267f,0.1005f,0.9943f,0.0364f,-0.3391f,0.0686f,-0.0434f,0.9967f,0.0571f,0f,0f,0f,1f],start_interpolation: 0,interpolation_duration: 2}
$data merge entity $(bone_right_arm) {transformation: [0.9926f,-0.0976f,-0.0726f,0.4389f,0.1005f,0.9943f,0.0364f,-0.4634f,0.0686f,-0.0434f,0.9967f,0.0626f,0f,0f,0f,1f],start_interpolation: 0,interpolation_duration: 2}