# This file was generated by Animated Java via MC-Build. It is not recommended to edit this file directly.
$data merge entity $(bone_head) {transformation: [0.9974f,0.0105f,-0.0719f,0.0018f,0f,0.9894f,0.1449f,-0.4048f,0.0727f,-0.1445f,0.9868f,-0.0243f,0f,0f,0f,1f],start_interpolation: 0,interpolation_duration: 1}
$data merge entity $(bone_body) {transformation: [0.9974f,0.0026f,-0.0726f,-0.0024f,0f,0.9993f,0.0364f,-0.89f,0.0727f,-0.0363f,0.9967f,0.0323f,0f,0f,0f,1f],start_interpolation: 0,interpolation_duration: 1}
$data merge entity $(bone_left_arm) {transformation: [0.992f,0.1029f,-0.0726f,-0.4434f,-0.1005f,0.9943f,0.0364f,-0.8384f,0.0759f,-0.0288f,0.9967f,-0.0017f,0f,0f,0f,1f],start_interpolation: 0,interpolation_duration: 1}
$data merge entity $(bone_right_arm) {transformation: [0.9926f,-0.0976f,-0.0726f,0.4389f,0.1005f,0.9943f,0.0364f,-0.8384f,0.0686f,-0.0434f,0.9967f,0.0626f,0f,0f,0f,1f],start_interpolation: 0,interpolation_duration: 1}