# This file was generated by Animated Java via MC-Build. It is not recommended to edit this file directly.
$data merge entity $(bone_head) {transformation: [0.9979f,0.0085f,-0.0648f,0.0014f,0f,0.9914f,0.1305f,-0.4059f,0.0654f,-0.1302f,0.9893f,-0.0218f,0f,0f,0f,1f],start_interpolation: 0,interpolation_duration: 1}
$data merge entity $(bone_body) {transformation: [0.9979f,0.0021f,-0.0654f,-0.0019f,0f,0.9995f,0.0327f,-0.8901f,0.0654f,-0.0326f,0.9973f,0.0291f,0f,0f,0f,1f],start_interpolation: 0,interpolation_duration: 1}
$data merge entity $(bone_left_arm) {transformation: [0.9936f,0.0924f,-0.0654f,-0.4396f,-0.0905f,0.9954f,0.0327f,-0.8421f,0.0681f,-0.0266f,0.9973f,-0.0012f,0f,0f,0f,1f],start_interpolation: 0,interpolation_duration: 1}
$data merge entity $(bone_right_arm) {transformation: [0.994f,-0.0882f,-0.0654f,0.436f,0.0905f,0.9954f,0.0327f,-0.8421f,0.0622f,-0.0384f,0.9973f,0.0562f,0f,0f,0f,1f],start_interpolation: 0,interpolation_duration: 1}