# This file was generated by Animated Java via MC-Build. It is not recommended to edit this file directly.
$data merge entity $(item_display_item_display) {transformation: [0f,0f,0f,-0.0384f,0f,0f,0f,-0.3562f,0f,0f,0f,0.5855f,0f,0f,0f,1f],start_interpolation: 0,interpolation_duration: 2}
$data merge entity $(bone_emissive_head) {transformation: [0.9979f,0.0085f,-0.0648f,0.0013f,0f,0.9914f,0.1305f,-0.0515f,0.0654f,-0.1302f,0.9893f,-0.0191f,0f,0f,0f,1f],start_interpolation: 0,interpolation_duration: 2}
$data merge entity $(bone_head) {transformation: [0.9979f,0.0085f,-0.0648f,0.0014f,0f,0.9914f,0.1305f,-0.0309f,0.0654f,-0.1302f,0.9893f,-0.0218f,0f,0f,0f,1f],start_interpolation: 0,interpolation_duration: 2}
$data merge entity $(bone_emissive_body) {transformation: [0.9979f,0.0021f,-0.0654f,-0.002f,0f,0.9995f,0.0327f,-0.562f,0.0654f,-0.0326f,0.9973f,0.0306f,0f,0f,0f,1f],start_interpolation: 0,interpolation_duration: 2}
$data merge entity $(bone_body) {transformation: [0.9979f,0.0021f,-0.0654f,-0.0019f,0f,0.9995f,0.0327f,-0.5151f,0.0654f,-0.0326f,0.9973f,0.0291f,0f,0f,0f,1f],start_interpolation: 0,interpolation_duration: 2}
$data merge entity $(bone_emissive_left_arm) {transformation: [0.9936f,0.0924f,-0.0654f,-0.428f,-0.0905f,0.9954f,0.0327f,-0.3427f,0.0681f,-0.0266f,0.9973f,-0.0045f,0f,0f,0f,1f],start_interpolation: 0,interpolation_duration: 2}
$data merge entity $(bone_left_arm) {transformation: [0.9936f,0.0924f,-0.0654f,-0.4396f,-0.0905f,0.9954f,0.0327f,-0.4671f,0.0681f,-0.0266f,0.9973f,-0.0012f,0f,0f,0f,1f],start_interpolation: 0,interpolation_duration: 2}
$data merge entity $(bone_emissive_right_arm) {transformation: [0.994f,-0.0882f,-0.0654f,0.4249f,0.0905f,0.9954f,0.0327f,-0.3427f,0.0622f,-0.0384f,0.9973f,0.0514f,0f,0f,0f,1f],start_interpolation: 0,interpolation_duration: 2}
$data merge entity $(bone_right_arm) {transformation: [0.994f,-0.0882f,-0.0654f,0.436f,0.0905f,0.9954f,0.0327f,-0.4671f,0.0622f,-0.0384f,0.9973f,0.0562f,0f,0f,0f,1f],start_interpolation: 0,interpolation_duration: 2}