# This file was generated by Animated Java via MC-Build. It is not recommended to edit this file directly.
$data merge entity $(bone_head) {transformation: [0.9983f,0.0068f,-0.0578f,0.0011f,0f,0.9932f,0.1161f,-0.407f,0.0581f,-0.1159f,0.9916f,-0.0194f,0f,0f,0f,1f],start_interpolation: 0,interpolation_duration: 1}
$data merge entity $(bone_body) {transformation: [0.9983f,0.0017f,-0.0581f,-0.0015f,0f,0.9996f,0.0291f,-0.8902f,0.0581f,-0.029f,0.9979f,0.0259f,0f,0f,0f,1f],start_interpolation: 0,interpolation_duration: 1}
$data merge entity $(bone_left_arm) {transformation: [0.9949f,0.082f,-0.0581f,-0.4358f,-0.0804f,0.9963f,0.0291f,-0.8458f,0.0603f,-0.0243f,0.9979f,-0.0007f,0f,0f,0f,1f],start_interpolation: 0,interpolation_duration: 1}
$data merge entity $(bone_right_arm) {transformation: [0.9952f,-0.0786f,-0.0581f,0.4329f,0.0804f,0.9963f,0.0291f,-0.8458f,0.0556f,-0.0336f,0.9979f,0.0499f,0f,0f,0f,1f],start_interpolation: 0,interpolation_duration: 1}