# This file was generated by Animated Java via MC-Build. It is not recommended to edit this file directly.
$data merge entity $(item_display_item_display) {transformation: [0f,0f,0f,-0.0296f,0f,0f,0f,-0.3604f,0f,0f,0f,0.5807f,0f,0f,0f,1f],start_interpolation: 0,interpolation_duration: 2}
$data merge entity $(bone_emissive_head) {transformation: [0.9987f,0.0052f,-0.0506f,0.0008f,0f,0.9948f,0.1016f,-0.0538f,0.0509f,-0.1015f,0.9935f,-0.0148f,0f,0f,0f,1f],start_interpolation: 0,interpolation_duration: 2}
$data merge entity $(bone_head) {transformation: [0.9987f,0.0052f,-0.0506f,0.0009f,0f,0.9948f,0.1016f,-0.0331f,0.0509f,-0.1015f,0.9935f,-0.0169f,0f,0f,0f,1f],start_interpolation: 0,interpolation_duration: 2}
$data merge entity $(bone_emissive_body) {transformation: [0.9987f,0.0013f,-0.0509f,-0.0012f,0f,0.9997f,0.0254f,-0.5622f,0.0509f,-0.0254f,0.9984f,0.0238f,0f,0f,0f,1f],start_interpolation: 0,interpolation_duration: 2}
$data merge entity $(bone_body) {transformation: [0.9987f,0.0013f,-0.0509f,-0.0012f,0f,0.9997f,0.0254f,-0.5153f,0.0509f,-0.0254f,0.9984f,0.0226f,0f,0f,0f,1f],start_interpolation: 0,interpolation_duration: 2}
$data merge entity $(bone_emissive_left_arm) {transformation: [0.9961f,0.0716f,-0.0509f,-0.4231f,-0.0704f,0.9972f,0.0254f,-0.3498f,0.0525f,-0.0218f,0.9984f,-0.0031f,0f,0f,0f,1f],start_interpolation: 0,interpolation_duration: 2}
$data merge entity $(bone_left_arm) {transformation: [0.9961f,0.0716f,-0.0509f,-0.432f,-0.0704f,0.9972f,0.0254f,-0.4745f,0.0525f,-0.0218f,0.9984f,-0.0004f,0f,0f,0f,1f],start_interpolation: 0,interpolation_duration: 2}
$data merge entity $(bone_emissive_right_arm) {transformation: [0.9963f,-0.069f,-0.0509f,0.4212f,0.0704f,0.9972f,0.0254f,-0.3498f,0.049f,-0.0289f,0.9984f,0.0399f,0f,0f,0f,1f],start_interpolation: 0,interpolation_duration: 2}
$data merge entity $(bone_right_arm) {transformation: [0.9963f,-0.069f,-0.0509f,0.4298f,0.0704f,0.9972f,0.0254f,-0.4745f,0.049f,-0.0289f,0.9984f,0.0436f,0f,0f,0f,1f],start_interpolation: 0,interpolation_duration: 2}