# This file was generated by Animated Java via MC-Build. It is not recommended to edit this file directly.
$data merge entity $(bone_head) {transformation: [0.999f,0.0038f,-0.0435f,0.0006f,0f,0.9962f,0.0872f,-0.4093f,0.0436f,-0.0871f,0.9952f,-0.0145f,0f,0f,0f,1f],start_interpolation: 0,interpolation_duration: 1}
$data merge entity $(bone_body) {transformation: [0.999f,0.001f,-0.0436f,-0.0008f,0f,0.9998f,0.0218f,-0.8904f,0.0436f,-0.0218f,0.9988f,0.0194f,0f,0f,0f,1f],start_interpolation: 0,interpolation_duration: 1}
$data merge entity $(bone_left_arm) {transformation: [0.9972f,0.0613f,-0.0436f,-0.4283f,-0.0604f,0.9979f,0.0218f,-0.8532f,0.0449f,-0.0191f,0.9988f,-0.0001f,0f,0f,0f,1f],start_interpolation: 0,interpolation_duration: 1}
$data merge entity $(bone_right_arm) {transformation: [0.9973f,-0.0594f,-0.0436f,0.4267f,0.0604f,0.9979f,0.0218f,-0.8532f,0.0422f,-0.0244f,0.9988f,0.0373f,0f,0f,0f,1f],start_interpolation: 0,interpolation_duration: 1}