# This file was generated by Animated Java via MC-Build. It is not recommended to edit this file directly.
$data merge entity $(item_display_item_display) {transformation: [0f,0f,0f,-0.0209f,0f,0f,0f,-0.3647f,0f,0f,0f,0.5757f,0f,0f,0f,1f],start_interpolation: 0,interpolation_duration: 2}
$data merge entity $(bone_emissive_head) {transformation: [0.9993f,0.0026f,-0.0363f,0.0004f,0f,0.9974f,0.0727f,-0.0562f,0.0364f,-0.0726f,0.9967f,-0.0106f,0f,0f,0f,1f],start_interpolation: 0,interpolation_duration: 2}
$data merge entity $(bone_head) {transformation: [0.9993f,0.0026f,-0.0363f,0.0004f,0f,0.9974f,0.0727f,-0.0354f,0.0364f,-0.0726f,0.9967f,-0.0121f,0f,0f,0f,1f],start_interpolation: 0,interpolation_duration: 2}
$data merge entity $(bone_emissive_body) {transformation: [0.9993f,0.0007f,-0.0363f,-0.0006f,0f,0.9998f,0.0182f,-0.5623f,0.0364f,-0.0182f,0.9992f,0.017f,0f,0f,0f,1f],start_interpolation: 0,interpolation_duration: 2}
$data merge entity $(bone_body) {transformation: [0.9993f,0.0007f,-0.0363f,-0.0006f,0f,0.9998f,0.0182f,-0.5155f,0.0364f,-0.0182f,0.9992f,0.0162f,0f,0f,0f,1f],start_interpolation: 0,interpolation_duration: 2}
$data merge entity $(bone_emissive_left_arm) {transformation: [0.998f,0.051f,-0.0363f,-0.4182f,-0.0503f,0.9986f,0.0182f,-0.357f,0.0372f,-0.0163f,0.9992f,-0.0019f,0f,0f,0f,1f],start_interpolation: 0,interpolation_duration: 2}
$data merge entity $(bone_left_arm) {transformation: [0.998f,0.051f,-0.0363f,-0.4246f,-0.0503f,0.9986f,0.0182f,-0.4818f,0.0372f,-0.0163f,0.9992f,0.0001f,0f,0f,0f,1f],start_interpolation: 0,interpolation_duration: 2}
$data merge entity $(bone_emissive_right_arm) {transformation: [0.9981f,-0.0496f,-0.0363f,0.4172f,0.0503f,0.9986f,0.0182f,-0.357f,0.0354f,-0.02f,0.9992f,0.0285f,0f,0f,0f,1f],start_interpolation: 0,interpolation_duration: 2}
$data merge entity $(bone_right_arm) {transformation: [0.9981f,-0.0496f,-0.0363f,0.4234f,0.0503f,0.9986f,0.0182f,-0.4818f,0.0354f,-0.02f,0.9992f,0.031f,0f,0f,0f,1f],start_interpolation: 0,interpolation_duration: 2}