# This file was generated by Animated Java via MC-Build. It is not recommended to edit this file directly.
$data merge entity $(bone_head) {transformation: [0.9993f,0.0026f,-0.0363f,0.0004f,0f,0.9974f,0.0727f,-0.4104f,0.0364f,-0.0726f,0.9967f,-0.0121f,0f,0f,0f,1f],start_interpolation: 0,interpolation_duration: 1}
$data merge entity $(bone_body) {transformation: [0.9993f,0.0007f,-0.0363f,-0.0006f,0f,0.9998f,0.0182f,-0.8905f,0.0364f,-0.0182f,0.9992f,0.0162f,0f,0f,0f,1f],start_interpolation: 0,interpolation_duration: 1}
$data merge entity $(bone_left_arm) {transformation: [0.998f,0.051f,-0.0363f,-0.4246f,-0.0503f,0.9986f,0.0182f,-0.8568f,0.0372f,-0.0163f,0.9992f,0.0001f,0f,0f,0f,1f],start_interpolation: 0,interpolation_duration: 1}
$data merge entity $(bone_right_arm) {transformation: [0.9981f,-0.0496f,-0.0363f,0.4234f,0.0503f,0.9986f,0.0182f,-0.8568f,0.0354f,-0.02f,0.9992f,0.031f,0f,0f,0f,1f],start_interpolation: 0,interpolation_duration: 1}