# This file was generated by Animated Java via MC-Build. It is not recommended to edit this file directly.
$data merge entity $(bone_head) {transformation: [0.9996f,0.0017f,-0.029f,0.0003f,0f,0.9983f,0.0581f,-0.4116f,0.0291f,-0.0581f,0.9979f,-0.0096f,0f,0f,0f,1f],start_interpolation: 0,interpolation_duration: 1}
$data merge entity $(bone_body) {transformation: [0.9996f,0.0004f,-0.0291f,-0.0004f,0f,0.9999f,0.0145f,-0.8905f,0.0291f,-0.0145f,0.9995f,0.0129f,0f,0f,0f,1f],start_interpolation: 0,interpolation_duration: 1}
$data merge entity $(bone_left_arm) {transformation: [0.9987f,0.0407f,-0.0291f,-0.4209f,-0.0403f,0.9991f,0.0145f,-0.8605f,0.0296f,-0.0134f,0.9995f,0.0003f,0f,0f,0f,1f],start_interpolation: 0,interpolation_duration: 1}
$data merge entity $(bone_right_arm) {transformation: [0.9988f,-0.0398f,-0.0291f,0.4201f,0.0403f,0.9991f,0.0145f,-0.8605f,0.0285f,-0.0157f,0.9995f,0.0247f,0f,0f,0f,1f],start_interpolation: 0,interpolation_duration: 1}