# This file was generated by Animated Java via MC-Build. It is not recommended to edit this file directly.
$data merge entity $(bone_head) {transformation: [0.9998f,0.001f,-0.0218f,0.0002f,0f,0.999f,0.0436f,-0.4129f,0.0218f,-0.0436f,0.9988f,-0.0072f,0f,0f,0f,1f],start_interpolation: 0,interpolation_duration: 1}
$data merge entity $(bone_body) {transformation: [0.9998f,0.0002f,-0.0218f,-0.0002f,0f,0.9999f,0.0109f,-0.8906f,0.0218f,-0.0109f,0.9997f,0.0097f,0f,0f,0f,1f],start_interpolation: 0,interpolation_duration: 1}
$data merge entity $(bone_left_arm) {transformation: [0.9993f,0.0304f,-0.0218f,-0.4172f,-0.0302f,0.9995f,0.0109f,-0.8641f,0.0221f,-0.0102f,0.9997f,0.0003f,0f,0f,0f,1f],start_interpolation: 0,interpolation_duration: 1}
$data merge entity $(bone_right_arm) {transformation: [0.9993f,-0.03f,-0.0218f,0.4168f,0.0302f,0.9995f,0.0109f,-0.8641f,0.0215f,-0.0116f,0.9997f,0.0185f,0f,0f,0f,1f],start_interpolation: 0,interpolation_duration: 1}