# This file was generated by Animated Java via MC-Build. It is not recommended to edit this file directly.
$data merge entity $(bone_head) {transformation: [0.9995f,0.0019f,-0.0311f,0.0003f,0f,0.9981f,0.0623f,-0.4113f,0.0312f,-0.0623f,0.9976f,-0.0103f,0f,0f,0f,1f],start_interpolation: 0,interpolation_duration: 1}
$data merge entity $(bone_body) {transformation: [0.9995f,0.0005f,-0.0312f,-0.0004f,0f,0.9999f,0.0156f,-0.8905f,0.0312f,-0.0156f,0.9994f,0.0139f,0f,0f,0f,1f],start_interpolation: 0,interpolation_duration: 1}
$data merge entity $(bone_left_arm) {transformation: [0.9982f,0.0508f,-0.0312f,-0.4245f,-0.0503f,0.9986f,0.0156f,-0.8569f,0.0319f,-0.014f,0.9994f,0.0001f,0f,0f,0f,1f],start_interpolation: 0,interpolation_duration: 1}
$data merge entity $(bone_right_arm) {transformation: [0.9983f,-0.0498f,-0.0312f,0.4237f,0.0503f,0.9986f,0.0156f,-0.8569f,0.0303f,-0.0171f,0.9994f,0.0266f,0f,0f,0f,1f],start_interpolation: 0,interpolation_duration: 1}