# This file was generated by Animated Java via MC-Build. It is not recommended to edit this file directly.
$data merge entity $(item_display_item_display) {transformation: [0f,0f,0f,-0.0083f,0f,0f,0f,-0.3709f,0f,0f,0f,0.5679f,0f,0f,0f,1f],start_interpolation: 0,interpolation_duration: 2}
$data merge entity $(bone_emissive_head) {transformation: [0.9999f,0.0004f,-0.0145f,0.0001f,0f,0.9996f,0.0291f,-0.0599f,0.0145f,-0.0291f,0.9995f,-0.0042f,0f,0f,0f,1f],start_interpolation: 0,interpolation_duration: 2}
$data merge entity $(bone_head) {transformation: [0.9999f,0.0004f,-0.0145f,0.0001f,0f,0.9996f,0.0291f,-0.0391f,0.0145f,-0.0291f,0.9995f,-0.0048f,0f,0f,0f,1f],start_interpolation: 0,interpolation_duration: 2}
$data merge entity $(bone_emissive_body) {transformation: [0.9999f,0.0001f,-0.0145f,-0.0001f,0f,1f,0.0073f,-0.5625f,0.0145f,-0.0073f,0.9999f,0.0068f,0f,0f,0f,1f],start_interpolation: 0,interpolation_duration: 2}
$data merge entity $(bone_body) {transformation: [0.9999f,0.0001f,-0.0145f,-0.0001f,0f,1f,0.0073f,-0.5156f,0.0145f,-0.0073f,0.9999f,0.0065f,0f,0f,0f,1f],start_interpolation: 0,interpolation_duration: 2}
$data merge entity $(bone_emissive_left_arm) {transformation: [0.9997f,0.0202f,-0.0145f,-0.411f,-0.0201f,0.9998f,0.0073f,-0.3678f,0.0147f,-0.007f,0.9999f,-0.0006f,0f,0f,0f,1f],start_interpolation: 0,interpolation_duration: 2}
$data merge entity $(bone_left_arm) {transformation: [0.9997f,0.0202f,-0.0145f,-0.4135f,-0.0201f,0.9998f,0.0073f,-0.4928f,0.0147f,-0.007f,0.9999f,0.0003f,0f,0f,0f,1f],start_interpolation: 0,interpolation_duration: 2}
$data merge entity $(bone_emissive_right_arm) {transformation: [0.9997f,-0.02f,-0.0145f,0.4108f,0.0201f,0.9998f,0.0073f,-0.3678f,0.0144f,-0.0076f,0.9999f,0.0114f,0f,0f,0f,1f],start_interpolation: 0,interpolation_duration: 2}
$data merge entity $(bone_right_arm) {transformation: [0.9997f,-0.02f,-0.0145f,0.4133f,0.0201f,0.9998f,0.0073f,-0.4928f,0.0144f,-0.0076f,0.9999f,0.0123f,0f,0f,0f,1f],start_interpolation: 0,interpolation_duration: 2}