# This file was generated by Animated Java via MC-Build. It is not recommended to edit this file directly.
$data merge entity $(bone_head) {transformation: [0.9999f,0.0004f,-0.0145f,0.0001f,0f,0.9996f,0.0291f,-0.4141f,0.0145f,-0.0291f,0.9995f,-0.0048f,0f,0f,0f,1f],start_interpolation: 0,interpolation_duration: 1}
$data merge entity $(bone_body) {transformation: [0.9999f,0.0001f,-0.0145f,-0.0001f,0f,1f,0.0073f,-0.8906f,0.0145f,-0.0073f,0.9999f,0.0065f,0f,0f,0f,1f],start_interpolation: 0,interpolation_duration: 1}
$data merge entity $(bone_left_arm) {transformation: [0.9997f,0.0202f,-0.0145f,-0.4135f,-0.0201f,0.9998f,0.0073f,-0.8678f,0.0147f,-0.007f,0.9999f,0.0003f,0f,0f,0f,1f],start_interpolation: 0,interpolation_duration: 1}
$data merge entity $(bone_right_arm) {transformation: [0.9997f,-0.02f,-0.0145f,0.4133f,0.0201f,0.9998f,0.0073f,-0.8678f,0.0144f,-0.0076f,0.9999f,0.0123f,0f,0f,0f,1f],start_interpolation: 0,interpolation_duration: 1}