# This file was generated by Animated Java via MC-Build. It is not recommended to edit this file directly.
$data merge entity $(item_display_item_display) {transformation: [0f,0f,0f,-0.0041f,0f,0f,0f,-0.3729f,0f,0f,0f,0.5652f,0f,0f,0f,1f],start_interpolation: 0,interpolation_duration: 2}
$data merge entity $(bone_emissive_head) {transformation: [1f,0.0001f,-0.0073f,0f,0f,0.9999f,0.0145f,-0.0612f,0.0073f,-0.0145f,0.9999f,-0.0021f,0f,0f,0f,1f],start_interpolation: 0,interpolation_duration: 2}
$data merge entity $(bone_head) {transformation: [1f,0.0001f,-0.0073f,0f,0f,0.9999f,0.0145f,-0.0404f,0.0073f,-0.0145f,0.9999f,-0.0024f,0f,0f,0f,1f],start_interpolation: 0,interpolation_duration: 2}
$data merge entity $(bone_emissive_body) {transformation: [1f,0f,-0.0073f,0f,0f,1f,0.0036f,-0.5625f,0.0073f,-0.0036f,1f,0.0034f,0f,0f,0f,1f],start_interpolation: 0,interpolation_duration: 2}
$data merge entity $(bone_body) {transformation: [1f,0f,-0.0073f,0f,0f,1f,0.0036f,-0.5156f,0.0073f,-0.0036f,1f,0.0032f,0f,0f,0f,1f],start_interpolation: 0,interpolation_duration: 2}
$data merge entity $(bone_emissive_left_arm) {transformation: [0.9999f,0.0101f,-0.0073f,-0.4086f,-0.0101f,0.9999f,0.0036f,-0.3714f,0.0073f,-0.0036f,1f,-0.0003f,0f,0f,0f,1f],start_interpolation: 0,interpolation_duration: 2}
$data merge entity $(bone_left_arm) {transformation: [0.9999f,0.0101f,-0.0073f,-0.4099f,-0.0101f,0.9999f,0.0036f,-0.4964f,0.0073f,-0.0036f,1f,0.0002f,0f,0f,0f,1f],start_interpolation: 0,interpolation_duration: 2}
$data merge entity $(bone_emissive_right_arm) {transformation: [0.9999f,-0.01f,-0.0073f,0.4086f,0.0101f,0.9999f,0.0036f,-0.3714f,0.0072f,-0.0037f,1f,0.0057f,0f,0f,0f,1f],start_interpolation: 0,interpolation_duration: 2}
$data merge entity $(bone_right_arm) {transformation: [0.9999f,-0.01f,-0.0073f,0.4098f,0.0101f,0.9999f,0.0036f,-0.4964f,0.0072f,-0.0037f,1f,0.0061f,0f,0f,0f,1f],start_interpolation: 0,interpolation_duration: 2}