# This file was generated by Animated Java via MC-Build. It is not recommended to edit this file directly.
$data merge entity $(bone_head) {transformation: [1f,0.0001f,-0.0073f,0f,0f,0.9999f,0.0145f,-0.4154f,0.0073f,-0.0145f,0.9999f,-0.0024f,0f,0f,0f,1f],start_interpolation: 0,interpolation_duration: 1}
$data merge entity $(bone_body) {transformation: [1f,0f,-0.0073f,0f,0f,1f,0.0036f,-0.8906f,0.0073f,-0.0036f,1f,0.0032f,0f,0f,0f,1f],start_interpolation: 0,interpolation_duration: 1}
$data merge entity $(bone_left_arm) {transformation: [0.9999f,0.0101f,-0.0073f,-0.4099f,-0.0101f,0.9999f,0.0036f,-0.8714f,0.0073f,-0.0036f,1f,0.0002f,0f,0f,0f,1f],start_interpolation: 0,interpolation_duration: 1}
$data merge entity $(bone_right_arm) {transformation: [0.9999f,-0.01f,-0.0073f,0.4098f,0.0101f,0.9999f,0.0036f,-0.8714f,0.0072f,-0.0037f,1f,0.0061f,0f,0f,0f,1f],start_interpolation: 0,interpolation_duration: 1}