# This file was generated by Animated Java via MC-Build. It is not recommended to edit this file directly.
$data merge entity $(bone_head) {transformation: [1f,-0.0002f,0.005f,0f,0.0001f,0.9999f,0.0132f,-0.4155f,-0.005f,-0.0132f,0.9999f,-0.002f,0f,0f,0f,1f],start_interpolation: 0,interpolation_duration: 1}
$data merge entity $(bone_body) {transformation: [1f,-0.0001f,0.005f,0.0001f,0.0001f,1f,0.0035f,-0.8906f,-0.005f,-0.0035f,1f,0.0031f,0f,0f,0f,1f],start_interpolation: 0,interpolation_duration: 1}
$data merge entity $(bone_left_arm) {transformation: [0.9999f,0.01f,0.005f,-0.4098f,-0.01f,0.9999f,0.0035f,-0.8714f,-0.005f,-0.0036f,1f,0.0051f,0f,0f,0f,1f],start_interpolation: 0,interpolation_duration: 1}
$data merge entity $(bone_right_arm) {transformation: [0.9999f,-0.0102f,0.005f,0.4099f,0.0102f,0.9999f,0.0035f,-0.8714f,-0.005f,-0.0035f,1f,0.001f,0f,0f,0f,1f],start_interpolation: 0,interpolation_duration: 1}