# This file was generated by Animated Java via MC-Build. It is not recommended to edit this file directly.
$data merge entity $(item_display_item_display) {transformation: [0f,0f,0f,0.0029f,0f,0f,0f,-0.373f,0f,0f,0f,0.5651f,0f,0f,0f,1f],start_interpolation: 0,interpolation_duration: 2}
$data merge entity $(bone_emissive_head) {transformation: [1f,-0.0002f,0.005f,0f,0.0001f,0.9999f,0.0132f,-0.0614f,-0.005f,-0.0132f,0.9999f,-0.0017f,0f,0f,0f,1f],start_interpolation: 0,interpolation_duration: 2}
$data merge entity $(bone_head) {transformation: [1f,-0.0002f,0.005f,0f,0.0001f,0.9999f,0.0132f,-0.0405f,-0.005f,-0.0132f,0.9999f,-0.002f,0f,0f,0f,1f],start_interpolation: 0,interpolation_duration: 2}
$data merge entity $(bone_emissive_body) {transformation: [1f,-0.0001f,0.005f,0.0001f,0.0001f,1f,0.0035f,-0.5625f,-0.005f,-0.0035f,1f,0.0033f,0f,0f,0f,1f],start_interpolation: 0,interpolation_duration: 2}
$data merge entity $(bone_body) {transformation: [1f,-0.0001f,0.005f,0.0001f,0.0001f,1f,0.0035f,-0.5156f,-0.005f,-0.0035f,1f,0.0031f,0f,0f,0f,1f],start_interpolation: 0,interpolation_duration: 2}
$data merge entity $(bone_emissive_left_arm) {transformation: [0.9999f,0.01f,0.005f,-0.4085f,-0.01f,0.9999f,0.0035f,-0.3714f,-0.005f,-0.0036f,1f,0.0047f,0f,0f,0f,1f],start_interpolation: 0,interpolation_duration: 2}
$data merge entity $(bone_left_arm) {transformation: [0.9999f,0.01f,0.005f,-0.4098f,-0.01f,0.9999f,0.0035f,-0.4964f,-0.005f,-0.0036f,1f,0.0051f,0f,0f,0f,1f],start_interpolation: 0,interpolation_duration: 2}
$data merge entity $(bone_emissive_right_arm) {transformation: [0.9999f,-0.0102f,0.005f,0.4087f,0.0102f,0.9999f,0.0035f,-0.3714f,-0.005f,-0.0035f,1f,0.0006f,0f,0f,0f,1f],start_interpolation: 0,interpolation_duration: 2}
$data merge entity $(bone_right_arm) {transformation: [0.9999f,-0.0102f,0.005f,0.4099f,0.0102f,0.9999f,0.0035f,-0.4964f,-0.005f,-0.0035f,1f,0.001f,0f,0f,0f,1f],start_interpolation: 0,interpolation_duration: 2}