# This file was generated by Animated Java via MC-Build. It is not recommended to edit this file directly.
$data merge entity $(item_display_item_display) {transformation: [0f,0f,0f,0.0058f,0f,0f,0f,-0.371f,0f,0f,0f,0.5677f,0f,0f,0f,1f],start_interpolation: 0,interpolation_duration: 2}
$data merge entity $(bone_emissive_head) {transformation: [0.9999f,-0.0004f,0.01f,0f,0.0002f,0.9997f,0.0264f,-0.0602f,-0.01f,-0.0264f,0.9996f,-0.0035f,0f,0f,0f,1f],start_interpolation: 0,interpolation_duration: 2}
$data merge entity $(bone_head) {transformation: [0.9999f,-0.0004f,0.01f,0f,0.0002f,0.9997f,0.0264f,-0.0394f,-0.01f,-0.0264f,0.9996f,-0.004f,0f,0f,0f,1f],start_interpolation: 0,interpolation_duration: 2}
$data merge entity $(bone_emissive_body) {transformation: [0.9999f,-0.0002f,0.01f,0.0002f,0.0002f,1f,0.007f,-0.5625f,-0.01f,-0.007f,0.9999f,0.0066f,0f,0f,0f,1f],start_interpolation: 0,interpolation_duration: 2}
$data merge entity $(bone_body) {transformation: [0.9999f,-0.0002f,0.01f,0.0002f,0.0002f,1f,0.007f,-0.5156f,-0.01f,-0.007f,0.9999f,0.0063f,0f,0f,0f,1f],start_interpolation: 0,interpolation_duration: 2}
$data merge entity $(bone_emissive_left_arm) {transformation: [0.9998f,0.0199f,0.01f,-0.4107f,-0.02f,0.9998f,0.007f,-0.3679f,-0.0099f,-0.0072f,0.9999f,0.0093f,0f,0f,0f,1f],start_interpolation: 0,interpolation_duration: 2}
$data merge entity $(bone_left_arm) {transformation: [0.9998f,0.0199f,0.01f,-0.4132f,-0.02f,0.9998f,0.007f,-0.4928f,-0.0099f,-0.0072f,0.9999f,0.0102f,0f,0f,0f,1f],start_interpolation: 0,interpolation_duration: 2}
$data merge entity $(bone_emissive_right_arm) {transformation: [0.9997f,-0.0204f,0.01f,0.4111f,0.0203f,0.9998f,0.007f,-0.3677f,-0.0102f,-0.0068f,0.9999f,0.0011f,0f,0f,0f,1f],start_interpolation: 0,interpolation_duration: 2}
$data merge entity $(bone_right_arm) {transformation: [0.9997f,-0.0204f,0.01f,0.4137f,0.0203f,0.9998f,0.007f,-0.4927f,-0.0102f,-0.0068f,0.9999f,0.002f,0f,0f,0f,1f],start_interpolation: 0,interpolation_duration: 2}