# This file was generated by Animated Java via MC-Build. It is not recommended to edit this file directly.
$data merge entity $(bone_head) {transformation: [0.9999f,-0.0009f,0.015f,0f,0.0003f,0.9992f,0.0396f,-0.4133f,-0.015f,-0.0396f,0.9991f,-0.0061f,0f,0f,0f,1f],start_interpolation: 0,interpolation_duration: 1}
$data merge entity $(bone_body) {transformation: [0.9999f,-0.0004f,0.015f,0.0004f,0.0003f,0.9999f,0.0106f,-0.8906f,-0.015f,-0.0105f,0.9998f,0.0094f,0f,0f,0f,1f],start_interpolation: 0,interpolation_duration: 1}
$data merge entity $(bone_left_arm) {transformation: [0.9994f,0.0298f,0.015f,-0.4167f,-0.0299f,0.9995f,0.0106f,-0.8642f,-0.0147f,-0.011f,0.9998f,0.0154f,0f,0f,0f,1f],start_interpolation: 0,interpolation_duration: 1}
$data merge entity $(bone_right_arm) {transformation: [0.9994f,-0.0306f,0.015f,0.4174f,0.0305f,0.9995f,0.0106f,-0.864f,-0.0154f,-0.0101f,0.9998f,0.0028f,0f,0f,0f,1f],start_interpolation: 0,interpolation_duration: 1}