# This file was generated by Animated Java via MC-Build. It is not recommended to edit this file directly.
$data merge entity $(item_display_item_display) {transformation: [0f,0f,0f,0.0088f,0f,0f,0f,-0.369f,0f,0f,0f,0.5703f,0f,0f,0f,1f],start_interpolation: 0,interpolation_duration: 2}
$data merge entity $(bone_emissive_head) {transformation: [0.9999f,-0.0009f,0.015f,0f,0.0003f,0.9992f,0.0396f,-0.0591f,-0.015f,-0.0396f,0.9991f,-0.0052f,0f,0f,0f,1f],start_interpolation: 0,interpolation_duration: 2}
$data merge entity $(bone_head) {transformation: [0.9999f,-0.0009f,0.015f,0f,0.0003f,0.9992f,0.0396f,-0.0383f,-0.015f,-0.0396f,0.9991f,-0.0061f,0f,0f,0f,1f],start_interpolation: 0,interpolation_duration: 2}
$data merge entity $(bone_emissive_body) {transformation: [0.9999f,-0.0004f,0.015f,0.0004f,0.0003f,0.9999f,0.0106f,-0.5624f,-0.015f,-0.0105f,0.9998f,0.0099f,0f,0f,0f,1f],start_interpolation: 0,interpolation_duration: 2}
$data merge entity $(bone_body) {transformation: [0.9999f,-0.0004f,0.015f,0.0004f,0.0003f,0.9999f,0.0106f,-0.5156f,-0.015f,-0.0105f,0.9998f,0.0094f,0f,0f,0f,1f],start_interpolation: 0,interpolation_duration: 2}
$data merge entity $(bone_emissive_left_arm) {transformation: [0.9994f,0.0298f,0.015f,-0.4129f,-0.0299f,0.9995f,0.0106f,-0.3643f,-0.0147f,-0.011f,0.9998f,0.014f,0f,0f,0f,1f],start_interpolation: 0,interpolation_duration: 2}
$data merge entity $(bone_left_arm) {transformation: [0.9994f,0.0298f,0.015f,-0.4167f,-0.0299f,0.9995f,0.0106f,-0.4892f,-0.0147f,-0.011f,0.9998f,0.0154f,0f,0f,0f,1f],start_interpolation: 0,interpolation_duration: 2}
$data merge entity $(bone_emissive_right_arm) {transformation: [0.9994f,-0.0306f,0.015f,0.4136f,0.0305f,0.9995f,0.0106f,-0.3641f,-0.0154f,-0.0101f,0.9998f,0.0016f,0f,0f,0f,1f],start_interpolation: 0,interpolation_duration: 2}
$data merge entity $(bone_right_arm) {transformation: [0.9994f,-0.0306f,0.015f,0.4174f,0.0305f,0.9995f,0.0106f,-0.489f,-0.0154f,-0.0101f,0.9998f,0.0028f,0f,0f,0f,1f],start_interpolation: 0,interpolation_duration: 2}