# This file was generated by Animated Java via MC-Build. It is not recommended to edit this file directly.
$data merge entity $(bone_head) {transformation: [0.9998f,-0.0014f,0.02f,0f,0.0004f,0.9986f,0.0528f,-0.4122f,-0.0201f,-0.0528f,0.9984f,-0.0081f,0f,0f,0f,1f],start_interpolation: 0,interpolation_duration: 1}
$data merge entity $(bone_body) {transformation: [0.9998f,-0.0006f,0.0201f,0.0006f,0.0004f,0.9999f,0.0141f,-0.8905f,-0.0201f,-0.0141f,0.9997f,0.0125f,0f,0f,0f,1f],start_interpolation: 0,interpolation_duration: 1}
$data merge entity $(bone_left_arm) {transformation: [0.999f,0.0396f,0.0201f,-0.42f,-0.0399f,0.9991f,0.0141f,-0.8606f,-0.0195f,-0.0149f,0.9997f,0.0205f,0f,0f,0f,1f],start_interpolation: 0,interpolation_duration: 1}
$data merge entity $(bone_right_arm) {transformation: [0.999f,-0.0409f,0.0201f,0.4211f,0.0406f,0.9991f,0.0141f,-0.8603f,-0.0206f,-0.0132f,0.9997f,0.0037f,0f,0f,0f,1f],start_interpolation: 0,interpolation_duration: 1}