# This file was generated by Animated Java via MC-Build. It is not recommended to edit this file directly.
$data merge entity $(bone_head) {transformation: [0.9997f,-0.0021f,0.025f,-0.0001f,0.0004f,0.9978f,0.066f,-0.4111f,-0.0251f,-0.066f,0.9975f,-0.0101f,0f,0f,0f,1f],start_interpolation: 0,interpolation_duration: 1}
$data merge entity $(bone_body) {transformation: [0.9997f,-0.0009f,0.0251f,0.0008f,0.0004f,0.9998f,0.0176f,-0.8905f,-0.0251f,-0.0176f,0.9995f,0.0157f,0f,0f,0f,1f],start_interpolation: 0,interpolation_duration: 1}
$data merge entity $(bone_left_arm) {transformation: [0.9985f,0.0494f,0.0251f,-0.4234f,-0.0499f,0.9986f,0.0176f,-0.857f,-0.0242f,-0.0188f,0.9995f,0.0257f,0f,0f,0f,1f],start_interpolation: 0,interpolation_duration: 1}
$data merge entity $(bone_right_arm) {transformation: [0.9984f,-0.0512f,0.0251f,0.4249f,0.0508f,0.9986f,0.0176f,-0.8567f,-0.0259f,-0.0163f,0.9995f,0.0044f,0f,0f,0f,1f],start_interpolation: 0,interpolation_duration: 1}