# This file was generated by Animated Java via MC-Build. It is not recommended to edit this file directly.
$data merge entity $(item_display_item_display) {transformation: [0f,0f,0f,0.0148f,0f,0f,0f,-0.365f,0f,0f,0f,0.5754f,0f,0f,0f,1f],start_interpolation: 0,interpolation_duration: 2}
$data merge entity $(bone_emissive_head) {transformation: [0.9997f,-0.0021f,0.025f,0f,0.0004f,0.9978f,0.066f,-0.0569f,-0.0251f,-0.066f,0.9975f,-0.0088f,0f,0f,0f,1f],start_interpolation: 0,interpolation_duration: 2}
$data merge entity $(bone_head) {transformation: [0.9997f,-0.0021f,0.025f,-0.0001f,0.0004f,0.9978f,0.066f,-0.0361f,-0.0251f,-0.066f,0.9975f,-0.0101f,0f,0f,0f,1f],start_interpolation: 0,interpolation_duration: 2}
$data merge entity $(bone_emissive_body) {transformation: [0.9997f,-0.0009f,0.0251f,0.0008f,0.0004f,0.9998f,0.0176f,-0.5624f,-0.0251f,-0.0176f,0.9995f,0.0165f,0f,0f,0f,1f],start_interpolation: 0,interpolation_duration: 2}
$data merge entity $(bone_body) {transformation: [0.9997f,-0.0009f,0.0251f,0.0008f,0.0004f,0.9998f,0.0176f,-0.5155f,-0.0251f,-0.0176f,0.9995f,0.0157f,0f,0f,0f,1f],start_interpolation: 0,interpolation_duration: 2}
$data merge entity $(bone_emissive_left_arm) {transformation: [0.9985f,0.0494f,0.0251f,-0.4172f,-0.0499f,0.9986f,0.0176f,-0.3572f,-0.0242f,-0.0188f,0.9995f,0.0233f,0f,0f,0f,1f],start_interpolation: 0,interpolation_duration: 2}
$data merge entity $(bone_left_arm) {transformation: [0.9985f,0.0494f,0.0251f,-0.4234f,-0.0499f,0.9986f,0.0176f,-0.482f,-0.0242f,-0.0188f,0.9995f,0.0257f,0f,0f,0f,1f],start_interpolation: 0,interpolation_duration: 2}
$data merge entity $(bone_emissive_right_arm) {transformation: [0.9984f,-0.0512f,0.0251f,0.4185f,0.0508f,0.9986f,0.0176f,-0.3568f,-0.0259f,-0.0163f,0.9995f,0.0024f,0f,0f,0f,1f],start_interpolation: 0,interpolation_duration: 2}
$data merge entity $(bone_right_arm) {transformation: [0.9984f,-0.0512f,0.0251f,0.4249f,0.0508f,0.9986f,0.0176f,-0.4817f,-0.0259f,-0.0163f,0.9995f,0.0044f,0f,0f,0f,1f],start_interpolation: 0,interpolation_duration: 2}