# This file was generated by Animated Java via MC-Build. It is not recommended to edit this file directly.
$data merge entity $(bone_head) {transformation: [0.9995f,-0.0029f,0.0299f,-0.0002f,0.0005f,0.9969f,0.0792f,-0.4101f,-0.0301f,-0.0792f,0.9964f,-0.0122f,0f,0f,0f,1f],start_interpolation: 0,interpolation_duration: 1}
$data merge entity $(bone_body) {transformation: [0.9995f,-0.0012f,0.0301f,0.001f,0.0005f,0.9998f,0.0211f,-0.8904f,-0.0301f,-0.0211f,0.9993f,0.0188f,0f,0f,0f,1f],start_interpolation: 0,interpolation_duration: 1}
$data merge entity $(bone_left_arm) {transformation: [0.9978f,0.0592f,0.0301f,-0.4267f,-0.0598f,0.998f,0.0211f,-0.8534f,-0.0288f,-0.0229f,0.9993f,0.0309f,0f,0f,0f,1f],start_interpolation: 0,interpolation_duration: 1}
$data merge entity $(bone_right_arm) {transformation: [0.9977f,-0.0615f,0.0301f,0.4287f,0.0609f,0.9979f,0.0211f,-0.8529f,-0.0313f,-0.0192f,0.9993f,0.0051f,0f,0f,0f,1f],start_interpolation: 0,interpolation_duration: 1}