# This file was generated by Animated Java via MC-Build. It is not recommended to edit this file directly.
$data merge entity $(item_display_item_display) {transformation: [0f,0f,0f,0.0178f,0f,0f,0f,-0.363f,0f,0f,0f,0.5779f,0f,0f,0f,1f],start_interpolation: 0,interpolation_duration: 2}
$data merge entity $(bone_emissive_head) {transformation: [0.9995f,-0.0029f,0.0299f,-0.0001f,0.0005f,0.9969f,0.0792f,-0.0558f,-0.0301f,-0.0792f,0.9964f,-0.0105f,0f,0f,0f,1f],start_interpolation: 0,interpolation_duration: 2}
$data merge entity $(bone_head) {transformation: [0.9995f,-0.0029f,0.0299f,-0.0002f,0.0005f,0.9969f,0.0792f,-0.0351f,-0.0301f,-0.0792f,0.9964f,-0.0122f,0f,0f,0f,1f],start_interpolation: 0,interpolation_duration: 2}
$data merge entity $(bone_emissive_body) {transformation: [0.9995f,-0.0012f,0.0301f,0.0011f,0.0005f,0.9998f,0.0211f,-0.5623f,-0.0301f,-0.0211f,0.9993f,0.0198f,0f,0f,0f,1f],start_interpolation: 0,interpolation_duration: 2}
$data merge entity $(bone_body) {transformation: [0.9995f,-0.0012f,0.0301f,0.001f,0.0005f,0.9998f,0.0211f,-0.5154f,-0.0301f,-0.0211f,0.9993f,0.0188f,0f,0f,0f,1f],start_interpolation: 0,interpolation_duration: 2}
$data merge entity $(bone_emissive_left_arm) {transformation: [0.9978f,0.0592f,0.0301f,-0.4193f,-0.0598f,0.998f,0.0211f,-0.3537f,-0.0288f,-0.0229f,0.9993f,0.028f,0f,0f,0f,1f],start_interpolation: 0,interpolation_duration: 2}
$data merge entity $(bone_left_arm) {transformation: [0.9978f,0.0592f,0.0301f,-0.4267f,-0.0598f,0.998f,0.0211f,-0.4784f,-0.0288f,-0.0229f,0.9993f,0.0309f,0f,0f,0f,1f],start_interpolation: 0,interpolation_duration: 2}
$data merge entity $(bone_emissive_right_arm) {transformation: [0.9977f,-0.0615f,0.0301f,0.421f,0.0609f,0.9979f,0.0211f,-0.3532f,-0.0313f,-0.0192f,0.9993f,0.0027f,0f,0f,0f,1f],start_interpolation: 0,interpolation_duration: 2}
$data merge entity $(bone_right_arm) {transformation: [0.9977f,-0.0615f,0.0301f,0.4287f,0.0609f,0.9979f,0.0211f,-0.4779f,-0.0313f,-0.0192f,0.9993f,0.0051f,0f,0f,0f,1f],start_interpolation: 0,interpolation_duration: 2}