# This file was generated by Animated Java via MC-Build. It is not recommended to edit this file directly.
$data merge entity $(bone_head) {transformation: [0.9994f,-0.0039f,0.0349f,-0.0002f,0.0006f,0.9957f,0.0924f,-0.409f,-0.0351f,-0.0923f,0.9951f,-0.0142f,0f,0f,0f,1f],start_interpolation: 0,interpolation_duration: 1}
$data merge entity $(bone_body) {transformation: [0.9994f,-0.0015f,0.0351f,0.0013f,0.0006f,0.9997f,0.0246f,-0.8904f,-0.0351f,-0.0246f,0.9991f,0.0219f,0f,0f,0f,1f],start_interpolation: 0,interpolation_duration: 1}
$data merge entity $(bone_left_arm) {transformation: [0.997f,0.0689f,0.0351f,-0.43f,-0.0698f,0.9973f,0.0246f,-0.8498f,-0.0333f,-0.027f,0.9991f,0.036f,0f,0f,0f,1f],start_interpolation: 0,interpolation_duration: 1}
$data merge entity $(bone_right_arm) {transformation: [0.9968f,-0.0719f,0.0351f,0.4325f,0.071f,0.9972f,0.0246f,-0.8492f,-0.0367f,-0.0221f,0.9991f,0.0058f,0f,0f,0f,1f],start_interpolation: 0,interpolation_duration: 1}