# This file was generated by Animated Java via MC-Build. It is not recommended to edit this file directly.
$data merge entity $(item_display_item_display) {transformation: [0f,0f,0f,-0.0216f,0f,0f,0f,-0.3644f,0f,0f,0f,0.576f,0f,0f,0f,1f],start_interpolation: 0,interpolation_duration: 2}
$data merge entity $(bone_emissive_head) {transformation: [0.9993f,0.0028f,-0.0373f,0.0004f,0f,0.9972f,0.0747f,-0.056f,0.0374f,-0.0747f,0.9965f,-0.0109f,0f,0f,0f,1f],start_interpolation: 0,interpolation_duration: 2}
$data merge entity $(bone_head) {transformation: [0.9993f,0.0028f,-0.0373f,0.0005f,0f,0.9972f,0.0747f,-0.0353f,0.0374f,-0.0747f,0.9965f,-0.0124f,0f,0f,0f,1f],start_interpolation: 0,interpolation_duration: 2}
$data merge entity $(bone_emissive_body) {transformation: [0.9993f,0.0007f,-0.0374f,-0.0007f,0f,0.9998f,0.0187f,-0.5623f,0.0374f,-0.0187f,0.9991f,0.0175f,0f,0f,0f,1f],start_interpolation: 0,interpolation_duration: 2}
$data merge entity $(bone_body) {transformation: [0.9993f,0.0007f,-0.0374f,-0.0006f,0f,0.9998f,0.0187f,-0.5155f,0.0374f,-0.0187f,0.9991f,0.0166f,0f,0f,0f,1f],start_interpolation: 0,interpolation_duration: 2}
$data merge entity $(bone_emissive_left_arm) {transformation: [0.9974f,0.061f,-0.0374f,-0.4206f,-0.0604f,0.998f,0.0187f,-0.3535f,0.0385f,-0.0164f,0.9991f,-0.0021f,0f,0f,0f,1f],start_interpolation: 0,interpolation_duration: 2}
$data merge entity $(bone_left_arm) {transformation: [0.9974f,0.061f,-0.0374f,-0.4282f,-0.0604f,0.998f,0.0187f,-0.4782f,0.0385f,-0.0164f,0.9991f,-0.0001f,0f,0f,0f,1f],start_interpolation: 0,interpolation_duration: 2}
$data merge entity $(bone_emissive_right_arm) {transformation: [0.9975f,-0.0596f,-0.0374f,0.4195f,0.0604f,0.998f,0.0187f,-0.3535f,0.0362f,-0.0209f,0.9991f,0.0293f,0f,0f,0f,1f],start_interpolation: 0,interpolation_duration: 2}
$data merge entity $(bone_right_arm) {transformation: [0.9975f,-0.0596f,-0.0374f,0.427f,0.0604f,0.998f,0.0187f,-0.4782f,0.0362f,-0.0209f,0.9991f,0.0319f,0f,0f,0f,1f],start_interpolation: 0,interpolation_duration: 2}