# This file was generated by Animated Java via MC-Build. It is not recommended to edit this file directly.
$data merge entity $(bone_head) {transformation: [0.9992f,-0.0049f,0.0398f,-0.0004f,0.0007f,0.9944f,0.1055f,-0.408f,-0.0401f,-0.1054f,0.9936f,-0.0163f,0f,0f,0f,1f],start_interpolation: 0,interpolation_duration: 1}
$data merge entity $(bone_body) {transformation: [0.9992f,-0.0018f,0.0401f,0.0016f,0.0007f,0.9996f,0.0282f,-0.8903f,-0.0401f,-0.0281f,0.9988f,0.025f,0f,0f,0f,1f],start_interpolation: 0,interpolation_duration: 1}
$data merge entity $(bone_left_arm) {transformation: [0.9961f,0.0786f,0.0401f,-0.4332f,-0.0797f,0.9964f,0.0282f,-0.8461f,-0.0377f,-0.0312f,0.9988f,0.0412f,0f,0f,0f,1f],start_interpolation: 0,interpolation_duration: 1}
$data merge entity $(bone_right_arm) {transformation: [0.9958f,-0.0822f,0.0401f,0.4363f,0.0811f,0.9963f,0.0282f,-0.8455f,-0.0422f,-0.0248f,0.9988f,0.0063f,0f,0f,0f,1f],start_interpolation: 0,interpolation_duration: 1}