# This file was generated by Animated Java via MC-Build. It is not recommended to edit this file directly.
$data merge entity $(bone_head) {transformation: [0.999f,-0.0061f,0.0447f,-0.0005f,0.0008f,0.9929f,0.1187f,-0.407f,-0.0451f,-0.1185f,0.9919f,-0.0184f,0f,0f,0f,1f],start_interpolation: 0,interpolation_duration: 1}
$data merge entity $(bone_body) {transformation: [0.999f,-0.0022f,0.0451f,0.002f,0.0008f,0.9995f,0.0317f,-0.8902f,-0.0451f,-0.0316f,0.9985f,0.0281f,0f,0f,0f,1f],start_interpolation: 0,interpolation_duration: 1}
$data merge entity $(bone_left_arm) {transformation: [0.9951f,0.0882f,0.0451f,-0.4364f,-0.0897f,0.9955f,0.0317f,-0.8425f,-0.0421f,-0.0356f,0.9985f,0.0464f,0f,0f,0f,1f],start_interpolation: 0,interpolation_duration: 1}
$data merge entity $(bone_right_arm) {transformation: [0.9947f,-0.0926f,0.0451f,0.4401f,0.0912f,0.9953f,0.0317f,-0.8418f,-0.0478f,-0.0274f,0.9985f,0.0068f,0f,0f,0f,1f],start_interpolation: 0,interpolation_duration: 1}