# This file was generated by Animated Java via MC-Build. It is not recommended to edit this file directly.
$data merge entity $(item_display_item_display) {transformation: [0f,0f,0f,0.027f,0f,0f,0f,-0.3568f,0f,0f,0f,0.5853f,0f,0f,0f,1f],start_interpolation: 0,interpolation_duration: 2}
$data merge entity $(bone_emissive_head) {transformation: [0.999f,-0.0061f,0.0447f,-0.0004f,0.0008f,0.9929f,0.1187f,-0.0527f,-0.0451f,-0.1185f,0.9919f,-0.0159f,0f,0f,0f,1f],start_interpolation: 0,interpolation_duration: 2}
$data merge entity $(bone_head) {transformation: [0.999f,-0.0061f,0.0447f,-0.0005f,0.0008f,0.9929f,0.1187f,-0.032f,-0.0451f,-0.1185f,0.9919f,-0.0184f,0f,0f,0f,1f],start_interpolation: 0,interpolation_duration: 2}
$data merge entity $(bone_emissive_body) {transformation: [0.999f,-0.0022f,0.0451f,0.0021f,0.0008f,0.9995f,0.0317f,-0.562f,-0.0451f,-0.0316f,0.9985f,0.0296f,0f,0f,0f,1f],start_interpolation: 0,interpolation_duration: 2}
$data merge entity $(bone_body) {transformation: [0.999f,-0.0022f,0.0451f,0.002f,0.0008f,0.9995f,0.0317f,-0.5152f,-0.0451f,-0.0316f,0.9985f,0.0281f,0f,0f,0f,1f],start_interpolation: 0,interpolation_duration: 2}
$data merge entity $(bone_emissive_left_arm) {transformation: [0.9951f,0.0882f,0.0451f,-0.4254f,-0.0897f,0.9955f,0.0317f,-0.343f,-0.0421f,-0.0356f,0.9985f,0.042f,0f,0f,0f,1f],start_interpolation: 0,interpolation_duration: 2}
$data merge entity $(bone_left_arm) {transformation: [0.9951f,0.0882f,0.0451f,-0.4364f,-0.0897f,0.9955f,0.0317f,-0.4675f,-0.0421f,-0.0356f,0.9985f,0.0464f,0f,0f,0f,1f],start_interpolation: 0,interpolation_duration: 2}
$data merge entity $(bone_emissive_right_arm) {transformation: [0.9947f,-0.0926f,0.0451f,0.4285f,0.0912f,0.9953f,0.0317f,-0.3424f,-0.0478f,-0.0274f,0.9985f,0.0034f,0f,0f,0f,1f],start_interpolation: 0,interpolation_duration: 2}
$data merge entity $(bone_right_arm) {transformation: [0.9947f,-0.0926f,0.0451f,0.4401f,0.0912f,0.9953f,0.0317f,-0.4668f,-0.0478f,-0.0274f,0.9985f,0.0068f,0f,0f,0f,1f],start_interpolation: 0,interpolation_duration: 2}