# This file was generated by Animated Java via MC-Build. It is not recommended to edit this file directly.
$data merge entity $(bone_head) {transformation: [0.9987f,-0.0075f,0.0496f,-0.0007f,0.0009f,0.9913f,0.1318f,-0.4061f,-0.0501f,-0.1316f,0.99f,-0.0204f,0f,0f,0f,1f],start_interpolation: 0,interpolation_duration: 1}
$data merge entity $(bone_body) {transformation: [0.9987f,-0.0026f,0.0501f,0.0024f,0.0009f,0.9994f,0.0352f,-0.8901f,-0.0501f,-0.0351f,0.9981f,0.0313f,0f,0f,0f,1f],start_interpolation: 0,interpolation_duration: 1}
$data merge entity $(bone_left_arm) {transformation: [0.9939f,0.0978f,0.0501f,-0.4395f,-0.0996f,0.9944f,0.0352f,-0.8388f,-0.0463f,-0.04f,0.9981f,0.0516f,0f,0f,0f,1f],start_interpolation: 0,interpolation_duration: 1}
$data merge entity $(bone_right_arm) {transformation: [0.9934f,-0.103f,0.0501f,0.444f,0.1013f,0.9942f,0.0352f,-0.838f,-0.0534f,-0.0299f,0.9981f,0.0073f,0f,0f,0f,1f],start_interpolation: 0,interpolation_duration: 1}