# This file was generated by Animated Java via MC-Build. It is not recommended to edit this file directly.
$data merge entity $(item_display_item_display) {transformation: [0f,0f,0f,0.0301f,0f,0f,0f,-0.3547f,0f,0f,0f,0.5878f,0f,0f,0f,1f],start_interpolation: 0,interpolation_duration: 2}
$data merge entity $(bone_emissive_head) {transformation: [0.9987f,-0.0075f,0.0496f,-0.0005f,0.0009f,0.9913f,0.1318f,-0.0517f,-0.0501f,-0.1316f,0.99f,-0.0177f,0f,0f,0f,1f],start_interpolation: 0,interpolation_duration: 2}
$data merge entity $(bone_head) {transformation: [0.9987f,-0.0075f,0.0496f,-0.0007f,0.0009f,0.9913f,0.1318f,-0.0311f,-0.0501f,-0.1316f,0.99f,-0.0204f,0f,0f,0f,1f],start_interpolation: 0,interpolation_duration: 2}
$data merge entity $(bone_emissive_body) {transformation: [0.9987f,-0.0026f,0.0501f,0.0025f,0.0009f,0.9994f,0.0352f,-0.5619f,-0.0501f,-0.0351f,0.9981f,0.0329f,0f,0f,0f,1f],start_interpolation: 0,interpolation_duration: 2}
$data merge entity $(bone_body) {transformation: [0.9987f,-0.0026f,0.0501f,0.0024f,0.0009f,0.9994f,0.0352f,-0.5151f,-0.0501f,-0.0351f,0.9981f,0.0313f,0f,0f,0f,1f],start_interpolation: 0,interpolation_duration: 2}
$data merge entity $(bone_emissive_left_arm) {transformation: [0.9939f,0.0978f,0.0501f,-0.4273f,-0.0996f,0.9944f,0.0352f,-0.3395f,-0.0463f,-0.04f,0.9981f,0.0466f,0f,0f,0f,1f],start_interpolation: 0,interpolation_duration: 2}
$data merge entity $(bone_left_arm) {transformation: [0.9939f,0.0978f,0.0501f,-0.4395f,-0.0996f,0.9944f,0.0352f,-0.4638f,-0.0463f,-0.04f,0.9981f,0.0516f,0f,0f,0f,1f],start_interpolation: 0,interpolation_duration: 2}
$data merge entity $(bone_emissive_right_arm) {transformation: [0.9934f,-0.103f,0.0501f,0.4311f,0.1013f,0.9942f,0.0352f,-0.3388f,-0.0534f,-0.0299f,0.9981f,0.0035f,0f,0f,0f,1f],start_interpolation: 0,interpolation_duration: 2}
$data merge entity $(bone_right_arm) {transformation: [0.9934f,-0.103f,0.0501f,0.444f,0.1013f,0.9942f,0.0352f,-0.463f,-0.0534f,-0.0299f,0.9981f,0.0073f,0f,0f,0f,1f],start_interpolation: 0,interpolation_duration: 2}