# This file was generated by Animated Java via MC-Build. It is not recommended to edit this file directly.
$data merge entity $(bone_head) {transformation: [0.9985f,-0.0089f,0.0544f,-0.0009f,0.001f,0.9894f,0.1449f,-0.4051f,-0.0551f,-0.1446f,0.988f,-0.0225f,0f,0f,0f,1f],start_interpolation: 0,interpolation_duration: 1}
$data merge entity $(bone_body) {transformation: [0.9985f,-0.0031f,0.0551f,0.0028f,0.001f,0.9992f,0.0387f,-0.89f,-0.0551f,-0.0386f,0.9977f,0.0344f,0f,0f,0f,1f],start_interpolation: 0,interpolation_duration: 1}
$data merge entity $(bone_left_arm) {transformation: [0.9927f,0.1073f,0.0551f,-0.4426f,-0.1095f,0.9932f,0.0387f,-0.8351f,-0.0505f,-0.0445f,0.9977f,0.0568f,0f,0f,0f,1f],start_interpolation: 0,interpolation_duration: 1}
$data merge entity $(bone_right_arm) {transformation: [0.992f,-0.1134f,0.0551f,0.4478f,0.1114f,0.993f,0.0387f,-0.8343f,-0.0591f,-0.0323f,0.9977f,0.0077f,0f,0f,0f,1f],start_interpolation: 0,interpolation_duration: 1}