# This file was generated by Animated Java via MC-Build. It is not recommended to edit this file directly.
$data merge entity $(item_display_item_display) {transformation: [0f,0f,0f,0.0365f,0f,0f,0f,-0.3506f,0f,0f,0f,0.5926f,0f,0f,0f,1f],start_interpolation: 0,interpolation_duration: 2}
$data merge entity $(bone_emissive_head) {transformation: [0.9982f,-0.0105f,0.0592f,-0.0008f,0.0011f,0.9874f,0.1579f,-0.0497f,-0.0601f,-0.1576f,0.9857f,-0.0213f,0f,0f,0f,1f],start_interpolation: 0,interpolation_duration: 2}
$data merge entity $(bone_head) {transformation: [0.9982f,-0.0105f,0.0592f,-0.0011f,0.0011f,0.9874f,0.1579f,-0.0292f,-0.0601f,-0.1576f,0.9857f,-0.0246f,0f,0f,0f,1f],start_interpolation: 0,interpolation_duration: 2}
$data merge entity $(bone_emissive_body) {transformation: [0.9982f,-0.0036f,0.06f,0.0034f,0.0011f,0.9991f,0.0422f,-0.5617f,-0.0601f,-0.0421f,0.9973f,0.0395f,0f,0f,0f,1f],start_interpolation: 0,interpolation_duration: 2}
$data merge entity $(bone_body) {transformation: [0.9982f,-0.0036f,0.06f,0.0032f,0.0011f,0.9991f,0.0422f,-0.5148f,-0.0601f,-0.0421f,0.9973f,0.0375f,0f,0f,0f,1f],start_interpolation: 0,interpolation_duration: 2}
$data merge entity $(bone_emissive_left_arm) {transformation: [0.9913f,0.1168f,0.06f,-0.4311f,-0.1194f,0.9919f,0.0422f,-0.3325f,-0.0546f,-0.049f,0.9973f,0.0559f,0f,0f,0f,1f],start_interpolation: 0,interpolation_duration: 2}
$data merge entity $(bone_left_arm) {transformation: [0.9913f,0.1168f,0.06f,-0.4457f,-0.1194f,0.9919f,0.0422f,-0.4565f,-0.0546f,-0.049f,0.9973f,0.0621f,0f,0f,0f,1f],start_interpolation: 0,interpolation_duration: 2}
$data merge entity $(bone_emissive_right_arm) {transformation: [0.9905f,-0.1239f,0.06f,0.4362f,0.1215f,0.9917f,0.0422f,-0.3316f,-0.0648f,-0.0345f,0.9973f,0.0037f,0f,0f,0f,1f],start_interpolation: 0,interpolation_duration: 2}
$data merge entity $(bone_right_arm) {transformation: [0.9905f,-0.1239f,0.06f,0.4517f,0.1215f,0.9917f,0.0422f,-0.4555f,-0.0648f,-0.0345f,0.9973f,0.008f,0f,0f,0f,1f],start_interpolation: 0,interpolation_duration: 2}