# This file was generated by Animated Java via MC-Build. It is not recommended to edit this file directly.
$data merge entity $(bone_head) {transformation: [0.9982f,-0.0105f,0.0592f,-0.0011f,0.0011f,0.9874f,0.1579f,-0.4042f,-0.0601f,-0.1576f,0.9857f,-0.0246f,0f,0f,0f,1f],start_interpolation: 0,interpolation_duration: 1}
$data merge entity $(bone_body) {transformation: [0.9982f,-0.0036f,0.06f,0.0032f,0.0011f,0.9991f,0.0422f,-0.8898f,-0.0601f,-0.0421f,0.9973f,0.0375f,0f,0f,0f,1f],start_interpolation: 0,interpolation_duration: 1}
$data merge entity $(bone_left_arm) {transformation: [0.9913f,0.1168f,0.06f,-0.4457f,-0.1194f,0.9919f,0.0422f,-0.8315f,-0.0546f,-0.049f,0.9973f,0.0621f,0f,0f,0f,1f],start_interpolation: 0,interpolation_duration: 1}
$data merge entity $(bone_right_arm) {transformation: [0.9905f,-0.1239f,0.06f,0.4517f,0.1215f,0.9917f,0.0422f,-0.8305f,-0.0648f,-0.0345f,0.9973f,0.008f,0f,0f,0f,1f],start_interpolation: 0,interpolation_duration: 1}