# This file was generated by Animated Java via MC-Build. It is not recommended to edit this file directly.
$data merge entity $(bone_head) {transformation: [0.9979f,-0.0123f,0.064f,-0.0013f,0.0011f,0.9853f,0.171f,-0.4033f,-0.0651f,-0.1706f,0.9832f,-0.0267f,0f,0f,0f,1f],start_interpolation: 0,interpolation_duration: 1}
$data merge entity $(bone_body) {transformation: [0.9979f,-0.0041f,0.065f,0.0037f,0.0011f,0.999f,0.0458f,-0.8897f,-0.0651f,-0.0456f,0.9968f,0.0406f,0f,0f,0f,1f],start_interpolation: 0,interpolation_duration: 1}
$data merge entity $(bone_left_arm) {transformation: [0.9899f,0.1262f,0.065f,-0.4488f,-0.1293f,0.9906f,0.0458f,-0.8278f,-0.0586f,-0.0537f,0.9968f,0.0673f,0f,0f,0f,1f],start_interpolation: 0,interpolation_duration: 1}
$data merge entity $(bone_right_arm) {transformation: [0.9888f,-0.1343f,0.065f,0.4556f,0.1315f,0.9903f,0.0458f,-0.8267f,-0.0705f,-0.0367f,0.9968f,0.0082f,0f,0f,0f,1f],start_interpolation: 0,interpolation_duration: 1}