# This file was generated by Animated Java via MC-Build. It is not recommended to edit this file directly.
$data merge entity $(item_display_item_display) {transformation: [0f,0f,0f,0.0397f,0f,0f,0f,-0.3485f,0f,0f,0f,0.5949f,0f,0f,0f,1f],start_interpolation: 0,interpolation_duration: 2}
$data merge entity $(bone_emissive_head) {transformation: [0.9979f,-0.0123f,0.064f,-0.001f,0.0011f,0.9853f,0.171f,-0.0488f,-0.0651f,-0.1706f,0.9832f,-0.0231f,0f,0f,0f,1f],start_interpolation: 0,interpolation_duration: 2}
$data merge entity $(bone_head) {transformation: [0.9979f,-0.0123f,0.064f,-0.0013f,0.0011f,0.9853f,0.171f,-0.0283f,-0.0651f,-0.1706f,0.9832f,-0.0267f,0f,0f,0f,1f],start_interpolation: 0,interpolation_duration: 2}
$data merge entity $(bone_emissive_body) {transformation: [0.9979f,-0.0041f,0.065f,0.0039f,0.0011f,0.999f,0.0458f,-0.5615f,-0.0651f,-0.0456f,0.9968f,0.0427f,0f,0f,0f,1f],start_interpolation: 0,interpolation_duration: 2}
$data merge entity $(bone_body) {transformation: [0.9979f,-0.0041f,0.065f,0.0037f,0.0011f,0.999f,0.0458f,-0.5147f,-0.0651f,-0.0456f,0.9968f,0.0406f,0f,0f,0f,1f],start_interpolation: 0,interpolation_duration: 2}
$data merge entity $(bone_emissive_left_arm) {transformation: [0.9899f,0.1262f,0.065f,-0.433f,-0.1293f,0.9906f,0.0458f,-0.329f,-0.0586f,-0.0537f,0.9968f,0.0606f,0f,0f,0f,1f],start_interpolation: 0,interpolation_duration: 2}
$data merge entity $(bone_left_arm) {transformation: [0.9899f,0.1262f,0.065f,-0.4488f,-0.1293f,0.9906f,0.0458f,-0.4528f,-0.0586f,-0.0537f,0.9968f,0.0673f,0f,0f,0f,1f],start_interpolation: 0,interpolation_duration: 2}
$data merge entity $(bone_emissive_right_arm) {transformation: [0.9888f,-0.1343f,0.065f,0.4388f,0.1315f,0.9903f,0.0458f,-0.328f,-0.0705f,-0.0367f,0.9968f,0.0037f,0f,0f,0f,1f],start_interpolation: 0,interpolation_duration: 2}
$data merge entity $(bone_right_arm) {transformation: [0.9888f,-0.1343f,0.065f,0.4556f,0.1315f,0.9903f,0.0458f,-0.4517f,-0.0705f,-0.0367f,0.9968f,0.0082f,0f,0f,0f,1f],start_interpolation: 0,interpolation_duration: 2}