# This file was generated by Animated Java via MC-Build. It is not recommended to edit this file directly.
$data merge entity $(bone_head) {transformation: [0.9975f,-0.0141f,0.0687f,-0.0015f,0.0012f,0.9829f,0.184f,-0.4024f,-0.0701f,-0.1835f,0.9805f,-0.0288f,0f,0f,0f,1f],start_interpolation: 0,interpolation_duration: 1}
$data merge entity $(bone_body) {transformation: [0.9975f,-0.0047f,0.07f,0.0042f,0.0012f,0.9988f,0.0493f,-0.8895f,-0.0701f,-0.0491f,0.9963f,0.0437f,0f,0f,0f,1f],start_interpolation: 0,interpolation_duration: 1}
$data merge entity $(bone_left_arm) {transformation: [0.9883f,0.1355f,0.07f,-0.4517f,-0.1391f,0.989f,0.0493f,-0.8241f,-0.0626f,-0.0584f,0.9963f,0.0725f,0f,0f,0f,1f],start_interpolation: 0,interpolation_duration: 1}
$data merge entity $(bone_right_arm) {transformation: [0.987f,-0.1448f,0.07f,0.4595f,0.1415f,0.9887f,0.0493f,-0.823f,-0.0763f,-0.0387f,0.9963f,0.0084f,0f,0f,0f,1f],start_interpolation: 0,interpolation_duration: 1}