# This file was generated by Animated Java via MC-Build. It is not recommended to edit this file directly.
$data merge entity $(item_display_item_display) {transformation: [0f,0f,0f,0.0429f,0f,0f,0f,-0.3464f,0f,0f,0f,0.5972f,0f,0f,0f,1f],start_interpolation: 0,interpolation_duration: 2}
$data merge entity $(bone_emissive_head) {transformation: [0.9975f,-0.0141f,0.0687f,-0.0012f,0.0012f,0.9829f,0.184f,-0.0478f,-0.0701f,-0.1835f,0.9805f,-0.025f,0f,0f,0f,1f],start_interpolation: 0,interpolation_duration: 2}
$data merge entity $(bone_head) {transformation: [0.9975f,-0.0141f,0.0687f,-0.0015f,0.0012f,0.9829f,0.184f,-0.0274f,-0.0701f,-0.1835f,0.9805f,-0.0288f,0f,0f,0f,1f],start_interpolation: 0,interpolation_duration: 2}
$data merge entity $(bone_emissive_body) {transformation: [0.9975f,-0.0047f,0.07f,0.0044f,0.0012f,0.9988f,0.0493f,-0.5614f,-0.0701f,-0.0491f,0.9963f,0.046f,0f,0f,0f,1f],start_interpolation: 0,interpolation_duration: 2}
$data merge entity $(bone_body) {transformation: [0.9975f,-0.0047f,0.07f,0.0042f,0.0012f,0.9988f,0.0493f,-0.5145f,-0.0701f,-0.0491f,0.9963f,0.0437f,0f,0f,0f,1f],start_interpolation: 0,interpolation_duration: 2}
$data merge entity $(bone_emissive_left_arm) {transformation: [0.9883f,0.1355f,0.07f,-0.4348f,-0.1391f,0.989f,0.0493f,-0.3254f,-0.0626f,-0.0584f,0.9963f,0.0652f,0f,0f,0f,1f],start_interpolation: 0,interpolation_duration: 2}
$data merge entity $(bone_left_arm) {transformation: [0.9883f,0.1355f,0.07f,-0.4517f,-0.1391f,0.989f,0.0493f,-0.4491f,-0.0626f,-0.0584f,0.9963f,0.0725f,0f,0f,0f,1f],start_interpolation: 0,interpolation_duration: 2}
$data merge entity $(bone_emissive_right_arm) {transformation: [0.987f,-0.1448f,0.07f,0.4414f,0.1415f,0.9887f,0.0493f,-0.3244f,-0.0763f,-0.0387f,0.9963f,0.0036f,0f,0f,0f,1f],start_interpolation: 0,interpolation_duration: 2}
$data merge entity $(bone_right_arm) {transformation: [0.987f,-0.1448f,0.07f,0.4595f,0.1415f,0.9887f,0.0493f,-0.448f,-0.0763f,-0.0387f,0.9963f,0.0084f,0f,0f,0f,1f],start_interpolation: 0,interpolation_duration: 2}