# This file was generated by Animated Java via MC-Build. It is not recommended to edit this file directly.
$data merge entity $(bone_head) {transformation: [0.9972f,-0.0161f,0.0734f,-0.0018f,0.0013f,0.9804f,0.197f,-0.4015f,-0.0751f,-0.1963f,0.9777f,-0.0309f,0f,0f,0f,1f],start_interpolation: 0,interpolation_duration: 1}
$data merge entity $(bone_body) {transformation: [0.9972f,-0.0053f,0.075f,0.0047f,0.0013f,0.9986f,0.0528f,-0.8894f,-0.0751f,-0.0526f,0.9958f,0.0468f,0f,0f,0f,1f],start_interpolation: 0,interpolation_duration: 1}
$data merge entity $(bone_left_arm) {transformation: [0.9866f,0.1448f,0.075f,-0.4547f,-0.149f,0.9874f,0.0528f,-0.8204f,-0.0664f,-0.0633f,0.9958f,0.0777f,0f,0f,0f,1f],start_interpolation: 0,interpolation_duration: 1}
$data merge entity $(bone_right_arm) {transformation: [0.985f,-0.1553f,0.075f,0.4634f,0.1516f,0.987f,0.0528f,-0.8192f,-0.0822f,-0.0407f,0.9958f,0.0086f,0f,0f,0f,1f],start_interpolation: 0,interpolation_duration: 1}