# This file was generated by Animated Java via MC-Build. It is not recommended to edit this file directly.
$data merge entity $(item_display_item_display) {transformation: [0f,0f,0f,0.0461f,0f,0f,0f,-0.3442f,0f,0f,0f,0.5996f,0f,0f,0f,1f],start_interpolation: 0,interpolation_duration: 2}
$data merge entity $(bone_emissive_head) {transformation: [0.9972f,-0.0161f,0.0734f,-0.0015f,0.0013f,0.9804f,0.197f,-0.0469f,-0.0751f,-0.1963f,0.9777f,-0.0268f,0f,0f,0f,1f],start_interpolation: 0,interpolation_duration: 2}
$data merge entity $(bone_head) {transformation: [0.9972f,-0.0161f,0.0734f,-0.0018f,0.0013f,0.9804f,0.197f,-0.0265f,-0.0751f,-0.1963f,0.9777f,-0.0309f,0f,0f,0f,1f],start_interpolation: 0,interpolation_duration: 2}
$data merge entity $(bone_emissive_body) {transformation: [0.9972f,-0.0053f,0.075f,0.0049f,0.0013f,0.9986f,0.0528f,-0.5612f,-0.0751f,-0.0526f,0.9958f,0.0493f,0f,0f,0f,1f],start_interpolation: 0,interpolation_duration: 2}
$data merge entity $(bone_body) {transformation: [0.9972f,-0.0053f,0.075f,0.0047f,0.0013f,0.9986f,0.0528f,-0.5144f,-0.0751f,-0.0526f,0.9958f,0.0468f,0f,0f,0f,1f],start_interpolation: 0,interpolation_duration: 2}
$data merge entity $(bone_emissive_left_arm) {transformation: [0.9866f,0.1448f,0.075f,-0.4366f,-0.149f,0.9874f,0.0528f,-0.3219f,-0.0664f,-0.0633f,0.9958f,0.0698f,0f,0f,0f,1f],start_interpolation: 0,interpolation_duration: 2}
$data merge entity $(bone_left_arm) {transformation: [0.9866f,0.1448f,0.075f,-0.4547f,-0.149f,0.9874f,0.0528f,-0.4454f,-0.0664f,-0.0633f,0.9958f,0.0777f,0f,0f,0f,1f],start_interpolation: 0,interpolation_duration: 2}
$data merge entity $(bone_emissive_right_arm) {transformation: [0.985f,-0.1553f,0.075f,0.444f,0.1516f,0.987f,0.0528f,-0.3208f,-0.0822f,-0.0407f,0.9958f,0.0035f,0f,0f,0f,1f],start_interpolation: 0,interpolation_duration: 2}
$data merge entity $(bone_right_arm) {transformation: [0.985f,-0.1553f,0.075f,0.4634f,0.1516f,0.987f,0.0528f,-0.4442f,-0.0822f,-0.0407f,0.9958f,0.0086f,0f,0f,0f,1f],start_interpolation: 0,interpolation_duration: 2}