# This file was generated by Animated Java via MC-Build. It is not recommended to edit this file directly.
$data merge entity $(item_display_item_display) {transformation: [0f,0f,0f,0.0494f,0f,0f,0f,-0.3421f,0f,0f,0f,0.6018f,0f,0f,0f,1f],start_interpolation: 0,interpolation_duration: 2}
$data merge entity $(bone_emissive_head) {transformation: [0.9968f,-0.0182f,0.0781f,-0.0017f,0.0014f,0.9777f,0.2099f,-0.046f,-0.0801f,-0.2091f,0.9746f,-0.0286f,0f,0f,0f,1f],start_interpolation: 0,interpolation_duration: 2}
$data merge entity $(bone_head) {transformation: [0.9968f,-0.0182f,0.0781f,-0.0021f,0.0014f,0.9777f,0.2099f,-0.0256f,-0.0801f,-0.2091f,0.9746f,-0.033f,0f,0f,0f,1f],start_interpolation: 0,interpolation_duration: 2}
$data merge entity $(bone_emissive_body) {transformation: [0.9968f,-0.0059f,0.0799f,0.0055f,0.0014f,0.9984f,0.0563f,-0.561f,-0.0801f,-0.056f,0.9952f,0.0525f,0f,0f,0f,1f],start_interpolation: 0,interpolation_duration: 2}
$data merge entity $(bone_body) {transformation: [0.9968f,-0.0059f,0.0799f,0.0053f,0.0014f,0.9984f,0.0563f,-0.5142f,-0.0801f,-0.056f,0.9952f,0.0499f,0f,0f,0f,1f],start_interpolation: 0,interpolation_duration: 2}
$data merge entity $(bone_emissive_left_arm) {transformation: [0.9848f,0.1541f,0.0799f,-0.4384f,-0.1588f,0.9857f,0.0563f,-0.3184f,-0.0701f,-0.0682f,0.9952f,0.0745f,0f,0f,0f,1f],start_interpolation: 0,interpolation_duration: 2}
$data merge entity $(bone_left_arm) {transformation: [0.9848f,0.1541f,0.0799f,-0.4576f,-0.1588f,0.9857f,0.0563f,-0.4417f,-0.0701f,-0.0682f,0.9952f,0.083f,0f,0f,0f,1f],start_interpolation: 0,interpolation_duration: 2}
$data merge entity $(bone_emissive_right_arm) {transformation: [0.9829f,-0.1657f,0.0799f,0.4466f,0.1615f,0.9853f,0.0563f,-0.3172f,-0.0881f,-0.0425f,0.9952f,0.0033f,0f,0f,0f,1f],start_interpolation: 0,interpolation_duration: 2}
$data merge entity $(bone_right_arm) {transformation: [0.9829f,-0.1657f,0.0799f,0.4673f,0.1615f,0.9853f,0.0563f,-0.4404f,-0.0881f,-0.0425f,0.9952f,0.0086f,0f,0f,0f,1f],start_interpolation: 0,interpolation_duration: 2}