# This file was generated by Animated Java via MC-Build. It is not recommended to edit this file directly.
$data merge entity $(bone_head) {transformation: [0.9968f,-0.0182f,0.0781f,-0.0021f,0.0014f,0.9777f,0.2099f,-0.4006f,-0.0801f,-0.2091f,0.9746f,-0.033f,0f,0f,0f,1f],start_interpolation: 0,interpolation_duration: 1}
$data merge entity $(bone_body) {transformation: [0.9968f,-0.0059f,0.0799f,0.0053f,0.0014f,0.9984f,0.0563f,-0.8892f,-0.0801f,-0.056f,0.9952f,0.0499f,0f,0f,0f,1f],start_interpolation: 0,interpolation_duration: 1}
$data merge entity $(bone_left_arm) {transformation: [0.9848f,0.1541f,0.0799f,-0.4576f,-0.1588f,0.9857f,0.0563f,-0.8167f,-0.0701f,-0.0682f,0.9952f,0.083f,0f,0f,0f,1f],start_interpolation: 0,interpolation_duration: 1}
$data merge entity $(bone_right_arm) {transformation: [0.9829f,-0.1657f,0.0799f,0.4673f,0.1615f,0.9853f,0.0563f,-0.8154f,-0.0881f,-0.0425f,0.9952f,0.0086f,0f,0f,0f,1f],start_interpolation: 0,interpolation_duration: 1}