# This file was generated by Animated Java via MC-Build. It is not recommended to edit this file directly.
$data merge entity $(bone_head) {transformation: [0.9964f,-0.0204f,0.0827f,-0.0024f,0.0015f,0.9749f,0.2228f,-0.3998f,-0.0851f,-0.2219f,0.9713f,-0.0351f,0f,0f,0f,1f],start_interpolation: 0,interpolation_duration: 1}
$data merge entity $(bone_body) {transformation: [0.9964f,-0.0066f,0.0849f,0.0059f,0.0015f,0.9982f,0.0599f,-0.889f,-0.0851f,-0.0595f,0.9946f,0.053f,0f,0f,0f,1f],start_interpolation: 0,interpolation_duration: 1}
$data merge entity $(bone_left_arm) {transformation: [0.9829f,0.1632f,0.0849f,-0.4605f,-0.1686f,0.9839f,0.0599f,-0.8129f,-0.0738f,-0.0732f,0.9946f,0.0882f,0f,0f,0f,1f],start_interpolation: 0,interpolation_duration: 1}
$data merge entity $(bone_right_arm) {transformation: [0.9807f,-0.1762f,0.0849f,0.4712f,0.1715f,0.9834f,0.0599f,-0.8115f,-0.094f,-0.0441f,0.9946f,0.0086f,0f,0f,0f,1f],start_interpolation: 0,interpolation_duration: 1}