# This file was generated by Animated Java via MC-Build. It is not recommended to edit this file directly.
$data merge entity $(item_display_item_display) {transformation: [0f,0f,0f,0.0527f,0f,0f,0f,-0.34f,0f,0f,0f,0.6041f,0f,0f,0f,1f],start_interpolation: 0,interpolation_duration: 2}
$data merge entity $(bone_emissive_head) {transformation: [0.9964f,-0.0204f,0.0827f,-0.002f,0.0015f,0.9749f,0.2228f,-0.0451f,-0.0851f,-0.2219f,0.9713f,-0.0305f,0f,0f,0f,1f],start_interpolation: 0,interpolation_duration: 2}
$data merge entity $(bone_head) {transformation: [0.9964f,-0.0204f,0.0827f,-0.0024f,0.0015f,0.9749f,0.2228f,-0.0248f,-0.0851f,-0.2219f,0.9713f,-0.0351f,0f,0f,0f,1f],start_interpolation: 0,interpolation_duration: 2}
$data merge entity $(bone_emissive_body) {transformation: [0.9964f,-0.0066f,0.0849f,0.0062f,0.0015f,0.9982f,0.0599f,-0.5608f,-0.0851f,-0.0595f,0.9946f,0.0558f,0f,0f,0f,1f],start_interpolation: 0,interpolation_duration: 2}
$data merge entity $(bone_body) {transformation: [0.9964f,-0.0066f,0.0849f,0.0059f,0.0015f,0.9982f,0.0599f,-0.514f,-0.0851f,-0.0595f,0.9946f,0.053f,0f,0f,0f,1f],start_interpolation: 0,interpolation_duration: 2}
$data merge entity $(bone_emissive_left_arm) {transformation: [0.9829f,0.1632f,0.0849f,-0.4401f,-0.1686f,0.9839f,0.0599f,-0.315f,-0.0738f,-0.0732f,0.9946f,0.0791f,0f,0f,0f,1f],start_interpolation: 0,interpolation_duration: 2}
$data merge entity $(bone_left_arm) {transformation: [0.9829f,0.1632f,0.0849f,-0.4605f,-0.1686f,0.9839f,0.0599f,-0.4379f,-0.0738f,-0.0732f,0.9946f,0.0882f,0f,0f,0f,1f],start_interpolation: 0,interpolation_duration: 2}
$data merge entity $(bone_emissive_right_arm) {transformation: [0.9807f,-0.1762f,0.0849f,0.4492f,0.1715f,0.9834f,0.0599f,-0.3136f,-0.094f,-0.0441f,0.9946f,0.0031f,0f,0f,0f,1f],start_interpolation: 0,interpolation_duration: 2}
$data merge entity $(bone_right_arm) {transformation: [0.9807f,-0.1762f,0.0849f,0.4712f,0.1715f,0.9834f,0.0599f,-0.4365f,-0.094f,-0.0441f,0.9946f,0.0086f,0f,0f,0f,1f],start_interpolation: 0,interpolation_duration: 2}