# This file was generated by Animated Java via MC-Build. It is not recommended to edit this file directly.
$data merge entity $(item_display_item_display) {transformation: [0f,0f,0f,-0.0252f,0f,0f,0f,-0.3626f,0f,0f,0f,0.5782f,0f,0f,0f,1f],start_interpolation: 0,interpolation_duration: 2}
$data merge entity $(bone_emissive_head) {transformation: [0.999f,0.0038f,-0.0435f,0.0006f,0f,0.9962f,0.0872f,-0.055f,0.0436f,-0.0871f,0.9952f,-0.0127f,0f,0f,0f,1f],start_interpolation: 0,interpolation_duration: 2}
$data merge entity $(bone_head) {transformation: [0.999f,0.0038f,-0.0435f,0.0006f,0f,0.9962f,0.0872f,-0.0343f,0.0436f,-0.0871f,0.9952f,-0.0145f,0f,0f,0f,1f],start_interpolation: 0,interpolation_duration: 2}
$data merge entity $(bone_emissive_body) {transformation: [0.999f,0.001f,-0.0436f,-0.0009f,0f,0.9998f,0.0218f,-0.5623f,0.0436f,-0.0218f,0.9988f,0.0204f,0f,0f,0f,1f],start_interpolation: 0,interpolation_duration: 2}
$data merge entity $(bone_body) {transformation: [0.999f,0.001f,-0.0436f,-0.0008f,0f,0.9998f,0.0218f,-0.5154f,0.0436f,-0.0218f,0.9988f,0.0194f,0f,0f,0f,1f],start_interpolation: 0,interpolation_duration: 2}
$data merge entity $(bone_emissive_left_arm) {transformation: [0.9965f,0.0713f,-0.0436f,-0.423f,-0.0704f,0.9973f,0.0218f,-0.3499f,0.045f,-0.0187f,0.9988f,-0.0026f,0f,0f,0f,1f],start_interpolation: 0,interpolation_duration: 2}
$data merge entity $(bone_left_arm) {transformation: [0.9965f,0.0713f,-0.0436f,-0.4319f,-0.0704f,0.9973f,0.0218f,-0.4746f,0.045f,-0.0187f,0.9988f,-0.0003f,0f,0f,0f,1f],start_interpolation: 0,interpolation_duration: 2}
$data merge entity $(bone_emissive_right_arm) {transformation: [0.9966f,-0.0694f,-0.0436f,0.4216f,0.0704f,0.9973f,0.0218f,-0.3499f,0.042f,-0.0248f,0.9988f,0.0342f,0f,0f,0f,1f],start_interpolation: 0,interpolation_duration: 2}
$data merge entity $(bone_right_arm) {transformation: [0.9966f,-0.0694f,-0.0436f,0.4303f,0.0704f,0.9973f,0.0218f,-0.4746f,0.042f,-0.0248f,0.9988f,0.0373f,0f,0f,0f,1f],start_interpolation: 0,interpolation_duration: 2}