# This file was generated by Animated Java via MC-Build. It is not recommended to edit this file directly.
$data merge entity $(bone_head) {transformation: [0.9959f,-0.0228f,0.0872f,-0.0027f,0.0016f,0.9718f,0.2357f,-0.399f,-0.0901f,-0.2346f,0.9679f,-0.0372f,0f,0f,0f,1f],start_interpolation: 0,interpolation_duration: 1}
$data merge entity $(bone_body) {transformation: [0.9959f,-0.0073f,0.0899f,0.0065f,0.0016f,0.998f,0.0634f,-0.8888f,-0.0901f,-0.063f,0.9939f,0.0561f,0f,0f,0f,1f],start_interpolation: 0,interpolation_duration: 1}
$data merge entity $(bone_left_arm) {transformation: [0.9809f,0.1724f,0.0899f,-0.4633f,-0.1783f,0.9819f,0.0634f,-0.8092f,-0.0773f,-0.0782f,0.9939f,0.0935f,0f,0f,0f,1f],start_interpolation: 0,interpolation_duration: 1}
$data merge entity $(bone_right_arm) {transformation: [0.9783f,-0.1867f,0.0899f,0.4751f,0.1814f,0.9814f,0.0634f,-0.8077f,-0.1f,-0.0457f,0.9939f,0.0086f,0f,0f,0f,1f],start_interpolation: 0,interpolation_duration: 1}