# This file was generated by Animated Java via MC-Build. It is not recommended to edit this file directly.
$data merge entity $(item_display_item_display) {transformation: [0f,0f,0f,0.0593f,0f,0f,0f,-0.3357f,0f,0f,0f,0.6085f,0f,0f,0f,1f],start_interpolation: 0,interpolation_duration: 2}
$data merge entity $(bone_emissive_head) {transformation: [0.9955f,-0.0253f,0.0917f,-0.0026f,0.0017f,0.9686f,0.2486f,-0.0434f,-0.0951f,-0.2473f,0.9643f,-0.0341f,0f,0f,0f,1f],start_interpolation: 0,interpolation_duration: 2}
$data merge entity $(bone_head) {transformation: [0.9955f,-0.0253f,0.0917f,-0.0031f,0.0017f,0.9686f,0.2486f,-0.0232f,-0.0951f,-0.2473f,0.9643f,-0.0393f,0f,0f,0f,1f],start_interpolation: 0,interpolation_duration: 2}
$data merge entity $(bone_emissive_body) {transformation: [0.9955f,-0.008f,0.0948f,0.0075f,0.0017f,0.9978f,0.0669f,-0.5604f,-0.0951f,-0.0664f,0.9932f,0.0623f,0f,0f,0f,1f],start_interpolation: 0,interpolation_duration: 2}
$data merge entity $(bone_body) {transformation: [0.9955f,-0.008f,0.0948f,0.0071f,0.0017f,0.9978f,0.0669f,-0.5136f,-0.0951f,-0.0664f,0.9932f,0.0592f,0f,0f,0f,1f],start_interpolation: 0,interpolation_duration: 2}
$data merge entity $(bone_emissive_left_arm) {transformation: [0.9788f,0.1814f,0.0948f,-0.4435f,-0.1881f,0.9799f,0.0669f,-0.308f,-0.0808f,-0.0833f,0.9932f,0.0883f,0f,0f,0f,1f],start_interpolation: 0,interpolation_duration: 2}
$data merge entity $(bone_left_arm) {transformation: [0.9788f,0.1814f,0.0948f,-0.4661f,-0.1881f,0.9799f,0.0669f,-0.4305f,-0.0808f,-0.0833f,0.9932f,0.0988f,0f,0f,0f,1f],start_interpolation: 0,interpolation_duration: 2}
$data merge entity $(bone_emissive_right_arm) {transformation: [0.9758f,-0.1972f,0.0948f,0.4544f,0.1914f,0.9792f,0.0669f,-0.3065f,-0.106f,-0.0471f,0.9932f,0.0025f,0f,0f,0f,1f],start_interpolation: 0,interpolation_duration: 2}
$data merge entity $(bone_right_arm) {transformation: [0.9758f,-0.1972f,0.0948f,0.4791f,0.1914f,0.9792f,0.0669f,-0.4289f,-0.106f,-0.0471f,0.9932f,0.0084f,0f,0f,0f,1f],start_interpolation: 0,interpolation_duration: 2}