# This file was generated by Animated Java via MC-Build. It is not recommended to edit this file directly.
$data merge entity $(bone_head) {transformation: [0.9955f,-0.0253f,0.0917f,-0.0031f,0.0017f,0.9686f,0.2486f,-0.3982f,-0.0951f,-0.2473f,0.9643f,-0.0393f,0f,0f,0f,1f],start_interpolation: 0,interpolation_duration: 1}
$data merge entity $(bone_body) {transformation: [0.9955f,-0.008f,0.0948f,0.0071f,0.0017f,0.9978f,0.0669f,-0.8886f,-0.0951f,-0.0664f,0.9932f,0.0592f,0f,0f,0f,1f],start_interpolation: 0,interpolation_duration: 1}
$data merge entity $(bone_left_arm) {transformation: [0.9788f,0.1814f,0.0948f,-0.4661f,-0.1881f,0.9799f,0.0669f,-0.8055f,-0.0808f,-0.0833f,0.9932f,0.0988f,0f,0f,0f,1f],start_interpolation: 0,interpolation_duration: 1}
$data merge entity $(bone_right_arm) {transformation: [0.9758f,-0.1972f,0.0948f,0.4791f,0.1914f,0.9792f,0.0669f,-0.8039f,-0.106f,-0.0471f,0.9932f,0.0084f,0f,0f,0f,1f],start_interpolation: 0,interpolation_duration: 1}