# This file was generated by Animated Java via MC-Build. It is not recommended to edit this file directly.
$data merge entity $(bone_head) {transformation: [0.995f,-0.0278f,0.0962f,-0.0035f,0.0018f,0.9652f,0.2613f,-0.3974f,-0.1001f,-0.2599f,0.9604f,-0.0414f,0f,0f,0f,1f],start_interpolation: 0,interpolation_duration: 1}
$data merge entity $(bone_body) {transformation: [0.995f,-0.0088f,0.0998f,0.0078f,0.0018f,0.9975f,0.0704f,-0.8884f,-0.1001f,-0.0699f,0.9925f,0.0623f,0f,0f,0f,1f],start_interpolation: 0,interpolation_duration: 1}
$data merge entity $(bone_left_arm) {transformation: [0.9766f,0.1904f,0.0998f,-0.4689f,-0.1978f,0.9777f,0.0704f,-0.8017f,-0.0841f,-0.0885f,0.9925f,0.104f,0f,0f,0f,1f],start_interpolation: 0,interpolation_duration: 1}
$data merge entity $(bone_right_arm) {transformation: [0.9731f,-0.2076f,0.0998f,0.483f,0.2012f,0.977f,0.0704f,-0.8001f,-0.1121f,-0.0485f,0.9925f,0.0082f,0f,0f,0f,1f],start_interpolation: 0,interpolation_duration: 1}