# This file was generated by Animated Java via MC-Build. It is not recommended to edit this file directly.
$data merge entity $(bone_head) {transformation: [0.9945f,-0.0306f,0.1006f,-0.0039f,0.0018f,0.9617f,0.2741f,-0.3967f,-0.1051f,-0.2724f,0.9564f,-0.0435f,0f,0f,0f,1f],start_interpolation: 0,interpolation_duration: 1}
$data merge entity $(bone_body) {transformation: [0.9945f,-0.0096f,0.1047f,0.0085f,0.0018f,0.9973f,0.074f,-0.8882f,-0.1051f,-0.0734f,0.9918f,0.0653f,0f,0f,0f,1f],start_interpolation: 0,interpolation_duration: 1}
$data merge entity $(bone_left_arm) {transformation: [0.9743f,0.1993f,0.1047f,-0.4716f,-0.2075f,0.9754f,0.074f,-0.798f,-0.0874f,-0.0938f,0.9918f,0.1093f,0f,0f,0f,1f],start_interpolation: 0,interpolation_duration: 1}
$data merge entity $(bone_right_arm) {transformation: [0.9703f,-0.2181f,0.1047f,0.487f,0.2111f,0.9747f,0.074f,-0.7962f,-0.1182f,-0.0497f,0.9918f,0.008f,0f,0f,0f,1f],start_interpolation: 0,interpolation_duration: 1}