# This file was generated by Animated Java via MC-Build. It is not recommended to edit this file directly.
$data merge entity $(bone_head) {transformation: [0.9939f,-0.0334f,0.1049f,-0.0043f,0.0019f,0.958f,0.2868f,-0.3959f,-0.1101f,-0.2848f,0.9522f,-0.0457f,0f,0f,0f,1f],start_interpolation: 0,interpolation_duration: 1}
$data merge entity $(bone_body) {transformation: [0.9939f,-0.0104f,0.1096f,0.0093f,0.0019f,0.997f,0.0775f,-0.8879f,-0.1101f,-0.0768f,0.9909f,0.0684f,0f,0f,0f,1f],start_interpolation: 0,interpolation_duration: 1}
$data merge entity $(bone_left_arm) {transformation: [0.9719f,0.2082f,0.1096f,-0.4743f,-0.2172f,0.9731f,0.0775f,-0.7942f,-0.0905f,-0.0991f,0.9909f,0.1146f,0f,0f,0f,1f],start_interpolation: 0,interpolation_duration: 1}
$data merge entity $(bone_right_arm) {transformation: [0.9673f,-0.2286f,0.1096f,0.4909f,0.2209f,0.9722f,0.0775f,-0.7923f,-0.1243f,-0.0507f,0.9909f,0.0076f,0f,0f,0f,1f],start_interpolation: 0,interpolation_duration: 1}