# This file was generated by Animated Java via MC-Build. It is not recommended to edit this file directly.
$data merge entity $(item_display_item_display) {transformation: [0f,0f,0f,0.0695f,0f,0f,0f,-0.3292f,0f,0f,0f,0.615f,0f,0f,0f,1f],start_interpolation: 0,interpolation_duration: 2}
$data merge entity $(bone_emissive_head) {transformation: [0.9939f,-0.0334f,0.1049f,-0.0036f,0.0019f,0.958f,0.2868f,-0.0409f,-0.1101f,-0.2848f,0.9522f,-0.0397f,0f,0f,0f,1f],start_interpolation: 0,interpolation_duration: 2}
$data merge entity $(bone_head) {transformation: [0.9939f,-0.0334f,0.1049f,-0.0043f,0.0019f,0.958f,0.2868f,-0.0209f,-0.1101f,-0.2848f,0.9522f,-0.0457f,0f,0f,0f,1f],start_interpolation: 0,interpolation_duration: 2}
$data merge entity $(bone_emissive_body) {transformation: [0.9939f,-0.0104f,0.1096f,0.0098f,0.0019f,0.997f,0.0775f,-0.5597f,-0.1101f,-0.0768f,0.9909f,0.072f,0f,0f,0f,1f],start_interpolation: 0,interpolation_duration: 2}
$data merge entity $(bone_body) {transformation: [0.9939f,-0.0104f,0.1096f,0.0093f,0.0019f,0.997f,0.0775f,-0.5129f,-0.1101f,-0.0768f,0.9909f,0.0684f,0f,0f,0f,1f],start_interpolation: 0,interpolation_duration: 2}
$data merge entity $(bone_emissive_left_arm) {transformation: [0.9719f,0.2082f,0.1096f,-0.4483f,-0.2172f,0.9731f,0.0775f,-0.2976f,-0.0905f,-0.0991f,0.9909f,0.1022f,0f,0f,0f,1f],start_interpolation: 0,interpolation_duration: 2}
$data merge entity $(bone_left_arm) {transformation: [0.9719f,0.2082f,0.1096f,-0.4743f,-0.2172f,0.9731f,0.0775f,-0.4192f,-0.0905f,-0.0991f,0.9909f,0.1146f,0f,0f,0f,1f],start_interpolation: 0,interpolation_duration: 2}
$data merge entity $(bone_emissive_right_arm) {transformation: [0.9673f,-0.2286f,0.1096f,0.4624f,0.2209f,0.9722f,0.0775f,-0.2958f,-0.1243f,-0.0507f,0.9909f,0.0013f,0f,0f,0f,1f],start_interpolation: 0,interpolation_duration: 2}
$data merge entity $(bone_right_arm) {transformation: [0.9673f,-0.2286f,0.1096f,0.4909f,0.2209f,0.9722f,0.0775f,-0.4173f,-0.1243f,-0.0507f,0.9909f,0.0076f,0f,0f,0f,1f],start_interpolation: 0,interpolation_duration: 2}