# This file was generated by Animated Java via MC-Build. It is not recommended to edit this file directly.
$data merge entity $(bone_head) {transformation: [0.9934f,-0.0364f,0.1092f,-0.0047f,0.002f,0.9541f,0.2994f,-0.3952f,-0.1151f,-0.2972f,0.9478f,-0.0478f,0f,0f,0f,1f],start_interpolation: 0,interpolation_duration: 1}
$data merge entity $(bone_body) {transformation: [0.9934f,-0.0113f,0.1145f,0.0101f,0.002f,0.9967f,0.081f,-0.8877f,-0.1151f,-0.0802f,0.9901f,0.0715f,0f,0f,0f,1f],start_interpolation: 0,interpolation_duration: 1}
$data merge entity $(bone_left_arm) {transformation: [0.9694f,0.217f,0.1145f,-0.477f,-0.2268f,0.9706f,0.081f,-0.7904f,-0.0936f,-0.1045f,0.9901f,0.1199f,0f,0f,0f,1f],start_interpolation: 0,interpolation_duration: 1}
$data merge entity $(bone_right_arm) {transformation: [0.9642f,-0.239f,0.1145f,0.4949f,0.2307f,0.9696f,0.081f,-0.7885f,-0.1304f,-0.0517f,0.9901f,0.0073f,0f,0f,0f,1f],start_interpolation: 0,interpolation_duration: 1}