# This file was generated by Animated Java via MC-Build. It is not recommended to edit this file directly.
$data merge entity $(item_display_item_display) {transformation: [0f,0f,0f,0.0764f,0f,0f,0f,-0.3248f,0f,0f,0f,0.6192f,0f,0f,0f,1f],start_interpolation: 0,interpolation_duration: 2}
$data merge entity $(bone_emissive_head) {transformation: [0.9928f,-0.0394f,0.1134f,-0.0044f,0.0021f,0.9501f,0.312f,-0.0393f,-0.1201f,-0.3095f,0.9433f,-0.0434f,0f,0f,0f,1f],start_interpolation: 0,interpolation_duration: 2}
$data merge entity $(bone_head) {transformation: [0.9928f,-0.0394f,0.1134f,-0.0052f,0.0021f,0.9501f,0.312f,-0.0195f,-0.1201f,-0.3095f,0.9433f,-0.0499f,0f,0f,0f,1f],start_interpolation: 0,interpolation_duration: 2}
$data merge entity $(bone_emissive_body) {transformation: [0.9928f,-0.0122f,0.1195f,0.0115f,0.0021f,0.9964f,0.0845f,-0.5591f,-0.1201f,-0.0837f,0.9892f,0.0784f,0f,0f,0f,1f],start_interpolation: 0,interpolation_duration: 2}
$data merge entity $(bone_body) {transformation: [0.9928f,-0.0122f,0.1195f,0.0109f,0.0021f,0.9964f,0.0845f,-0.5124f,-0.1201f,-0.0837f,0.9892f,0.0745f,0f,0f,0f,1f],start_interpolation: 0,interpolation_duration: 2}
$data merge entity $(bone_emissive_left_arm) {transformation: [0.9668f,0.2257f,0.1195f,-0.4514f,-0.2364f,0.968f,0.0845f,-0.2907f,-0.0965f,-0.11f,0.9892f,0.1114f,0f,0f,0f,1f],start_interpolation: 0,interpolation_duration: 2}
$data merge entity $(bone_left_arm) {transformation: [0.9668f,0.2257f,0.1195f,-0.4796f,-0.2364f,0.968f,0.0845f,-0.4117f,-0.0965f,-0.11f,0.9892f,0.1251f,0f,0f,0f,1f],start_interpolation: 0,interpolation_duration: 2}
$data merge entity $(bone_emissive_right_arm) {transformation: [0.961f,-0.2495f,0.1195f,0.4677f,0.2405f,0.967f,0.0845f,-0.2887f,-0.1366f,-0.0525f,0.9892f,0.0002f,0f,0f,0f,1f],start_interpolation: 0,interpolation_duration: 2}
$data merge entity $(bone_right_arm) {transformation: [0.961f,-0.2495f,0.1195f,0.4989f,0.2405f,0.967f,0.0845f,-0.4096f,-0.1366f,-0.0525f,0.9892f,0.0068f,0f,0f,0f,1f],start_interpolation: 0,interpolation_duration: 2}