# This file was generated by Animated Java via MC-Build. It is not recommended to edit this file directly.
$data merge entity $(bone_head) {transformation: [0.9921f,-0.0426f,0.1176f,-0.0057f,0.0022f,0.9459f,0.3246f,-0.3939f,-0.125f,-0.3218f,0.9385f,-0.052f,0f,0f,0f,1f],start_interpolation: 0,interpolation_duration: 1}
$data merge entity $(bone_body) {transformation: [0.9921f,-0.0132f,0.1244f,0.0117f,0.0022f,0.9961f,0.0881f,-0.8872f,-0.125f,-0.0871f,0.9883f,0.0776f,0f,0f,0f,1f],start_interpolation: 0,interpolation_duration: 1}
$data merge entity $(bone_left_arm) {transformation: [0.9642f,0.2344f,0.1244f,-0.4822f,-0.246f,0.9653f,0.0881f,-0.7829f,-0.0994f,-0.1155f,0.9883f,0.1304f,0f,0f,0f,1f],start_interpolation: 0,interpolation_duration: 1}
$data merge entity $(bone_right_arm) {transformation: [0.9576f,-0.2599f,0.1244f,0.5028f,0.2502f,0.9642f,0.0881f,-0.7807f,-0.1428f,-0.0532f,0.9883f,0.0063f,0f,0f,0f,1f],start_interpolation: 0,interpolation_duration: 1}