# This file was generated by Animated Java via MC-Build. It is not recommended to edit this file directly.
$data merge entity $(item_display_item_display) {transformation: [0f,0f,0f,0.0798f,0f,0f,0f,-0.3226f,0f,0f,0f,0.6213f,0f,0f,0f,1f],start_interpolation: 0,interpolation_duration: 2}
$data merge entity $(bone_emissive_head) {transformation: [0.9921f,-0.0426f,0.1176f,-0.0048f,0.0022f,0.9459f,0.3246f,-0.0386f,-0.125f,-0.3218f,0.9385f,-0.0453f,0f,0f,0f,1f],start_interpolation: 0,interpolation_duration: 2}
$data merge entity $(bone_head) {transformation: [0.9921f,-0.0426f,0.1176f,-0.0057f,0.0022f,0.9459f,0.3246f,-0.0189f,-0.125f,-0.3218f,0.9385f,-0.052f,0f,0f,0f,1f],start_interpolation: 0,interpolation_duration: 2}
$data merge entity $(bone_emissive_body) {transformation: [0.9921f,-0.0132f,0.1244f,0.0123f,0.0022f,0.9961f,0.0881f,-0.5589f,-0.125f,-0.0871f,0.9883f,0.0817f,0f,0f,0f,1f],start_interpolation: 0,interpolation_duration: 2}
$data merge entity $(bone_body) {transformation: [0.9921f,-0.0132f,0.1244f,0.0117f,0.0022f,0.9961f,0.0881f,-0.5122f,-0.125f,-0.0871f,0.9883f,0.0776f,0f,0f,0f,1f],start_interpolation: 0,interpolation_duration: 2}
$data merge entity $(bone_emissive_left_arm) {transformation: [0.9642f,0.2344f,0.1244f,-0.4529f,-0.246f,0.9653f,0.0881f,-0.2872f,-0.0994f,-0.1155f,0.9883f,0.116f,0f,0f,0f,1f],start_interpolation: 0,interpolation_duration: 2}
$data merge entity $(bone_left_arm) {transformation: [0.9642f,0.2344f,0.1244f,-0.4822f,-0.246f,0.9653f,0.0881f,-0.4079f,-0.0994f,-0.1155f,0.9883f,0.1304f,0f,0f,0f,1f],start_interpolation: 0,interpolation_duration: 2}
$data merge entity $(bone_emissive_right_arm) {transformation: [0.9576f,-0.2599f,0.1244f,0.4703f,0.2502f,0.9642f,0.0881f,-0.2852f,-0.1428f,-0.0532f,0.9883f,-0.0004f,0f,0f,0f,1f],start_interpolation: 0,interpolation_duration: 2}
$data merge entity $(bone_right_arm) {transformation: [0.9576f,-0.2599f,0.1244f,0.5028f,0.2502f,0.9642f,0.0881f,-0.4057f,-0.1428f,-0.0532f,0.9883f,0.0063f,0f,0f,0f,1f],start_interpolation: 0,interpolation_duration: 2}