# This file was generated by Animated Java via MC-Build. It is not recommended to edit this file directly.
$data merge entity $(bone_head) {transformation: [0.9915f,-0.0459f,0.1216f,-0.0062f,0.0023f,0.9415f,0.3371f,-0.3932f,-0.13f,-0.3339f,0.9336f,-0.0541f,0f,0f,0f,1f],start_interpolation: 0,interpolation_duration: 1}
$data merge entity $(bone_body) {transformation: [0.9915f,-0.0141f,0.1293f,0.0126f,0.0023f,0.9958f,0.0916f,-0.8869f,-0.13f,-0.0905f,0.9874f,0.0806f,0f,0f,0f,1f],start_interpolation: 0,interpolation_duration: 1}
$data merge entity $(bone_left_arm) {transformation: [0.9614f,0.243f,0.1293f,-0.4847f,-0.2555f,0.9625f,0.0916f,-0.7791f,-0.1022f,-0.1211f,0.9874f,0.1357f,0f,0f,0f,1f],start_interpolation: 0,interpolation_duration: 1}
$data merge entity $(bone_right_arm) {transformation: [0.9541f,-0.2703f,0.1293f,0.5068f,0.2599f,0.9613f,0.0916f,-0.7768f,-0.149f,-0.0538f,0.9874f,0.0057f,0f,0f,0f,1f],start_interpolation: 0,interpolation_duration: 1}