# This file was generated by Animated Java via MC-Build. It is not recommended to edit this file directly.
$data merge entity $(item_display_item_display) {transformation: [0f,0f,0f,0.0868f,0f,0f,0f,-0.3181f,0f,0f,0f,0.6253f,0f,0f,0f,1f],start_interpolation: 0,interpolation_duration: 2}
$data merge entity $(bone_emissive_head) {transformation: [0.9908f,-0.0494f,0.1257f,-0.0057f,0.0024f,0.9369f,0.3495f,-0.0371f,-0.135f,-0.346f,0.9285f,-0.0491f,0f,0f,0f,1f],start_interpolation: 0,interpolation_duration: 2}
$data merge entity $(bone_head) {transformation: [0.9908f,-0.0494f,0.1257f,-0.0067f,0.0024f,0.9369f,0.3495f,-0.0176f,-0.135f,-0.346f,0.9285f,-0.0563f,0f,0f,0f,1f],start_interpolation: 0,interpolation_duration: 2}
$data merge entity $(bone_emissive_body) {transformation: [0.9908f,-0.0152f,0.1341f,0.0142f,0.0024f,0.9955f,0.0951f,-0.5582f,-0.135f,-0.0939f,0.9864f,0.088f,0f,0f,0f,1f],start_interpolation: 0,interpolation_duration: 2}
$data merge entity $(bone_body) {transformation: [0.9908f,-0.0152f,0.1341f,0.0135f,0.0024f,0.9955f,0.0951f,-0.5116f,-0.135f,-0.0939f,0.9864f,0.0836f,0f,0f,0f,1f],start_interpolation: 0,interpolation_duration: 2}
$data merge entity $(bone_emissive_left_arm) {transformation: [0.9634f,0.2321f,0.1341f,-0.4509f,-0.2457f,0.9647f,0.0951f,-0.2869f,-0.1073f,-0.1246f,0.9864f,0.1251f,0f,0f,0f,1f],start_interpolation: 0,interpolation_duration: 2}
$data merge entity $(bone_left_arm) {transformation: [0.9634f,0.2321f,0.1341f,-0.48f,-0.2457f,0.9647f,0.0951f,-0.4075f,-0.1073f,-0.1246f,0.9864f,0.1407f,0f,0f,0f,1f],start_interpolation: 0,interpolation_duration: 2}
$data merge entity $(bone_emissive_right_arm) {transformation: [0.9558f,-0.2615f,0.1341f,0.4711f,0.2502f,0.9635f,0.0951f,-0.2847f,-0.1541f,-0.0573f,0.9864f,-0.0005f,0f,0f,0f,1f],start_interpolation: 0,interpolation_duration: 2}
$data merge entity $(bone_right_arm) {transformation: [0.9558f,-0.2615f,0.1341f,0.5037f,0.2502f,0.9635f,0.0951f,-0.4051f,-0.1541f,-0.0573f,0.9864f,0.0067f,0f,0f,0f,1f],start_interpolation: 0,interpolation_duration: 2}