# This file was generated by Animated Java via MC-Build. It is not recommended to edit this file directly.
$data merge entity $(item_display_item_display) {transformation: [0f,0f,0f,-0.029f,0f,0f,0f,-0.3607f,0f,0f,0f,0.5803f,0f,0f,0f,1f],start_interpolation: 0,interpolation_duration: 2}
$data merge entity $(bone_emissive_head) {transformation: [0.9988f,0.005f,-0.0496f,0.0007f,0f,0.995f,0.0996f,-0.054f,0.0498f,-0.0994f,0.9938f,-0.0145f,0f,0f,0f,1f],start_interpolation: 0,interpolation_duration: 2}
$data merge entity $(bone_head) {transformation: [0.9988f,0.005f,-0.0496f,0.0008f,0f,0.995f,0.0996f,-0.0333f,0.0498f,-0.0994f,0.9938f,-0.0166f,0f,0f,0f,1f],start_interpolation: 0,interpolation_duration: 2}
$data merge entity $(bone_emissive_body) {transformation: [0.9988f,0.0012f,-0.0498f,-0.0012f,0f,0.9997f,0.0249f,-0.5622f,0.0498f,-0.0249f,0.9984f,0.0233f,0f,0f,0f,1f],start_interpolation: 0,interpolation_duration: 2}
$data merge entity $(bone_body) {transformation: [0.9988f,0.0012f,-0.0498f,-0.0011f,0f,0.9997f,0.0249f,-0.5153f,0.0498f,-0.0249f,0.9984f,0.0222f,0f,0f,0f,1f],start_interpolation: 0,interpolation_duration: 2}
$data merge entity $(bone_emissive_left_arm) {transformation: [0.9954f,0.0816f,-0.0498f,-0.4254f,-0.0804f,0.9964f,0.0249f,-0.3463f,0.0517f,-0.0208f,0.9984f,-0.0032f,0f,0f,0f,1f],start_interpolation: 0,interpolation_duration: 2}
$data merge entity $(bone_left_arm) {transformation: [0.9954f,0.0816f,-0.0498f,-0.4356f,-0.0804f,0.9964f,0.0249f,-0.4709f,0.0517f,-0.0208f,0.9984f,-0.0006f,0f,0f,0f,1f],start_interpolation: 0,interpolation_duration: 2}
$data merge entity $(bone_emissive_right_arm) {transformation: [0.9956f,-0.0791f,-0.0498f,0.4236f,0.0804f,0.9964f,0.0249f,-0.3463f,0.0477f,-0.0288f,0.9984f,0.0392f,0f,0f,0f,1f],start_interpolation: 0,interpolation_duration: 2}
$data merge entity $(bone_right_arm) {transformation: [0.9956f,-0.0791f,-0.0498f,0.4335f,0.0804f,0.9964f,0.0249f,-0.4709f,0.0477f,-0.0288f,0.9984f,0.0428f,0f,0f,0f,1f],start_interpolation: 0,interpolation_duration: 2}