# This file was generated by Animated Java via MC-Build. It is not recommended to edit this file directly.
$data merge entity $(bone_head) {transformation: [0.9902f,-0.0503f,0.1306f,-0.0062f,0.0024f,0.9393f,0.343f,-0.3937f,-0.1399f,-0.3393f,0.9302f,-0.0511f,0f,0f,0f,1f],start_interpolation: 0,interpolation_duration: 1}
$data merge entity $(bone_body) {transformation: [0.9902f,-0.0162f,0.139f,0.0144f,0.0024f,0.9951f,0.0986f,-0.8863f,-0.1399f,-0.0973f,0.9854f,0.0867f,0f,0f,0f,1f],start_interpolation: 0,interpolation_duration: 1}
$data merge entity $(bone_left_arm) {transformation: [0.9653f,0.2212f,0.139f,-0.4752f,-0.2358f,0.9668f,0.0986f,-0.7858f,-0.1126f,-0.128f,0.9854f,0.1457f,0f,0f,0f,1f],start_interpolation: 0,interpolation_duration: 1}
$data merge entity $(bone_right_arm) {transformation: [0.9575f,-0.2527f,0.139f,0.5007f,0.2405f,0.9656f,0.0986f,-0.7834f,-0.1592f,-0.061f,0.9854f,0.0078f,0f,0f,0f,1f],start_interpolation: 0,interpolation_duration: 1}