# This file was generated by Animated Java via MC-Build. It is not recommended to edit this file directly.
$data merge entity $(item_display_item_display) {transformation: [0f,0f,0f,0.0904f,0f,0f,0f,-0.3159f,0f,0f,0f,0.6273f,0f,0f,0f,1f],start_interpolation: 0,interpolation_duration: 2}
$data merge entity $(bone_emissive_head) {transformation: [0.9902f,-0.0503f,0.1306f,-0.0052f,0.0024f,0.9393f,0.343f,-0.0382f,-0.1399f,-0.3393f,0.9302f,-0.044f,0f,0f,0f,1f],start_interpolation: 0,interpolation_duration: 2}
$data merge entity $(bone_head) {transformation: [0.9902f,-0.0503f,0.1306f,-0.0062f,0.0024f,0.9393f,0.343f,-0.0187f,-0.1399f,-0.3393f,0.9302f,-0.0511f,0f,0f,0f,1f],start_interpolation: 0,interpolation_duration: 2}
$data merge entity $(bone_emissive_body) {transformation: [0.9902f,-0.0162f,0.139f,0.0152f,0.0024f,0.9951f,0.0986f,-0.5579f,-0.1399f,-0.0973f,0.9854f,0.0912f,0f,0f,0f,1f],start_interpolation: 0,interpolation_duration: 2}
$data merge entity $(bone_body) {transformation: [0.9902f,-0.0162f,0.139f,0.0144f,0.0024f,0.9951f,0.0986f,-0.5113f,-0.1399f,-0.0973f,0.9854f,0.0867f,0f,0f,0f,1f],start_interpolation: 0,interpolation_duration: 2}
$data merge entity $(bone_emissive_left_arm) {transformation: [0.9653f,0.2212f,0.139f,-0.4475f,-0.2358f,0.9668f,0.0986f,-0.29f,-0.1126f,-0.128f,0.9854f,0.1297f,0f,0f,0f,1f],start_interpolation: 0,interpolation_duration: 2}
$data merge entity $(bone_left_arm) {transformation: [0.9653f,0.2212f,0.139f,-0.4752f,-0.2358f,0.9668f,0.0986f,-0.4108f,-0.1126f,-0.128f,0.9854f,0.1457f,0f,0f,0f,1f],start_interpolation: 0,interpolation_duration: 2}
$data merge entity $(bone_emissive_right_arm) {transformation: [0.9575f,-0.2527f,0.139f,0.4691f,0.2405f,0.9656f,0.0986f,-0.2877f,-0.1592f,-0.061f,0.9854f,0.0001f,0f,0f,0f,1f],start_interpolation: 0,interpolation_duration: 2}
$data merge entity $(bone_right_arm) {transformation: [0.9575f,-0.2527f,0.139f,0.5007f,0.2405f,0.9656f,0.0986f,-0.4084f,-0.1592f,-0.061f,0.9854f,0.0078f,0f,0f,0f,1f],start_interpolation: 0,interpolation_duration: 2}