# This file was generated by Animated Java via MC-Build. It is not recommended to edit this file directly.
$data merge entity $(bone_head) {transformation: [0.9894f,-0.0511f,0.1356f,-0.0057f,0.0025f,0.9417f,0.3365f,-0.3947f,-0.1449f,-0.3326f,0.9319f,-0.0458f,0f,0f,0f,1f],start_interpolation: 0,interpolation_duration: 1}
$data merge entity $(bone_body) {transformation: [0.9894f,-0.0173f,0.1439f,0.0154f,0.0025f,0.9948f,0.1022f,-0.886f,-0.1449f,-0.1007f,0.9843f,0.0897f,0f,0f,0f,1f],start_interpolation: 0,interpolation_duration: 1}
$data merge entity $(bone_left_arm) {transformation: [0.967f,0.2103f,0.1439f,-0.4703f,-0.2259f,0.9688f,0.1022f,-0.7892f,-0.1179f,-0.1313f,0.9843f,0.1507f,0f,0f,0f,1f],start_interpolation: 0,interpolation_duration: 1}
$data merge entity $(bone_right_arm) {transformation: [0.9591f,-0.2439f,0.1439f,0.4977f,0.2308f,0.9676f,0.1022f,-0.7867f,-0.1642f,-0.0648f,0.9843f,0.0089f,0f,0f,0f,1f],start_interpolation: 0,interpolation_duration: 1}