# This file was generated by Animated Java via MC-Build. It is not recommended to edit this file directly.
$data merge entity $(bone_head) {transformation: [0.9903f,-0.047f,0.1305f,-0.0052f,0.0024f,0.9466f,0.3224f,-0.3954f,-0.1387f,-0.319f,0.9376f,-0.0438f,0f,0f,0f,1f],start_interpolation: 0,interpolation_duration: 1}
$data merge entity $(bone_body) {transformation: [0.9903f,-0.0159f,0.1378f,0.0142f,0.0024f,0.9952f,0.0977f,-0.8864f,-0.1387f,-0.0964f,0.9856f,0.0859f,0f,0f,0f,1f],start_interpolation: 0,interpolation_duration: 1}
$data merge entity $(bone_left_arm) {transformation: [0.9696f,0.2021f,0.1378f,-0.4682f,-0.2163f,0.9714f,0.0977f,-0.793f,-0.1141f,-0.1245f,0.9856f,0.1441f,0f,0f,0f,1f],start_interpolation: 0,interpolation_duration: 1}
$data merge entity $(bone_right_arm) {transformation: [0.9626f,-0.2331f,0.1378f,0.4936f,0.221f,0.9704f,0.0977f,-0.7907f,-0.1565f,-0.0636f,0.9856f,0.0094f,0f,0f,0f,1f],start_interpolation: 0,interpolation_duration: 1}