# This file was generated by Animated Java via MC-Build. It is not recommended to edit this file directly.
$data merge entity $(bone_head) {transformation: [0.9912f,-0.043f,0.1252f,-0.0047f,0.0023f,0.9513f,0.3082f,-0.3961f,-0.1324f,-0.3052f,0.943f,-0.0417f,0f,0f,0f,1f],start_interpolation: 0,interpolation_duration: 1}
$data merge entity $(bone_body) {transformation: [0.9912f,-0.0146f,0.1316f,0.013f,0.0023f,0.9956f,0.0933f,-0.8867f,-0.1324f,-0.0921f,0.9869f,0.0821f,0f,0f,0f,1f],start_interpolation: 0,interpolation_duration: 1}
$data merge entity $(bone_left_arm) {transformation: [0.9722f,0.1937f,0.1316f,-0.466f,-0.2067f,0.9739f,0.0933f,-0.7969f,-0.1101f,-0.1179f,0.9869f,0.1375f,0f,0f,0f,1f],start_interpolation: 0,interpolation_duration: 1}
$data merge entity $(bone_right_arm) {transformation: [0.966f,-0.2223f,0.1316f,0.4894f,0.2112f,0.973f,0.0933f,-0.7947f,-0.1488f,-0.0623f,0.9869f,0.0098f,0f,0f,0f,1f],start_interpolation: 0,interpolation_duration: 1}