# This file was generated by Animated Java via MC-Build. It is not recommended to edit this file directly.
$data merge entity $(item_display_item_display) {transformation: [0f,0f,0f,0.085f,0f,0f,0f,-0.3193f,0f,0f,0f,0.6242f,0f,0f,0f,1f],start_interpolation: 0,interpolation_duration: 2}
$data merge entity $(bone_emissive_head) {transformation: [0.9912f,-0.043f,0.1252f,-0.0038f,0.0023f,0.9513f,0.3082f,-0.0409f,-0.1324f,-0.3052f,0.943f,-0.0354f,0f,0f,0f,1f],start_interpolation: 0,interpolation_duration: 2}
$data merge entity $(bone_head) {transformation: [0.9912f,-0.043f,0.1252f,-0.0047f,0.0023f,0.9513f,0.3082f,-0.0211f,-0.1324f,-0.3052f,0.943f,-0.0417f,0f,0f,0f,1f],start_interpolation: 0,interpolation_duration: 2}
$data merge entity $(bone_emissive_body) {transformation: [0.9912f,-0.0146f,0.1316f,0.0137f,0.0023f,0.9956f,0.0933f,-0.5584f,-0.1324f,-0.0921f,0.9869f,0.0864f,0f,0f,0f,1f],start_interpolation: 0,interpolation_duration: 2}
$data merge entity $(bone_body) {transformation: [0.9912f,-0.0146f,0.1316f,0.013f,0.0023f,0.9956f,0.0933f,-0.5117f,-0.1324f,-0.0921f,0.9869f,0.0821f,0f,0f,0f,1f],start_interpolation: 0,interpolation_duration: 2}
$data merge entity $(bone_emissive_left_arm) {transformation: [0.9722f,0.1937f,0.1316f,-0.4418f,-0.2067f,0.9739f,0.0933f,-0.3002f,-0.1101f,-0.1179f,0.9869f,0.1227f,0f,0f,0f,1f],start_interpolation: 0,interpolation_duration: 2}
$data merge entity $(bone_left_arm) {transformation: [0.9722f,0.1937f,0.1316f,-0.466f,-0.2067f,0.9739f,0.0933f,-0.4219f,-0.1101f,-0.1179f,0.9869f,0.1375f,0f,0f,0f,1f],start_interpolation: 0,interpolation_duration: 2}
$data merge entity $(bone_emissive_right_arm) {transformation: [0.966f,-0.2223f,0.1316f,0.4616f,0.2112f,0.973f,0.0933f,-0.2981f,-0.1488f,-0.0623f,0.9869f,0.0021f,0f,0f,0f,1f],start_interpolation: 0,interpolation_duration: 2}
$data merge entity $(bone_right_arm) {transformation: [0.966f,-0.2223f,0.1316f,0.4894f,0.2112f,0.973f,0.0933f,-0.4197f,-0.1488f,-0.0623f,0.9869f,0.0098f,0f,0f,0f,1f],start_interpolation: 0,interpolation_duration: 2}