# This file was generated by Animated Java via MC-Build. It is not recommended to edit this file directly.
$data merge entity $(bone_head) {transformation: [0.992f,-0.0392f,0.1199f,-0.0042f,0.0022f,0.9558f,0.294f,-0.3968f,-0.1261f,-0.2914f,0.9483f,-0.0397f,0f,0f,0f,1f],start_interpolation: 0,interpolation_duration: 1}
$data merge entity $(bone_body) {transformation: [0.992f,-0.0134f,0.1254f,0.0119f,0.0022f,0.996f,0.0888f,-0.8871f,-0.1261f,-0.0878f,0.9881f,0.0782f,0f,0f,0f,1f],start_interpolation: 0,interpolation_duration: 1}
$data merge entity $(bone_left_arm) {transformation: [0.9746f,0.1853f,0.1254f,-0.4638f,-0.1971f,0.9764f,0.0888f,-0.8008f,-0.106f,-0.1113f,0.9881f,0.1309f,0f,0f,0f,1f],start_interpolation: 0,interpolation_duration: 1}
$data merge entity $(bone_right_arm) {transformation: [0.9693f,-0.2115f,0.1254f,0.4853f,0.2014f,0.9755f,0.0888f,-0.7987f,-0.1411f,-0.0608f,0.9881f,0.0102f,0f,0f,0f,1f],start_interpolation: 0,interpolation_duration: 1}