# This file was generated by Animated Java via MC-Build. It is not recommended to edit this file directly.
$data merge entity $(item_display_item_display) {transformation: [0f,0f,0f,0.0806f,0f,0f,0f,-0.3221f,0f,0f,0f,0.6217f,0f,0f,0f,1f],start_interpolation: 0,interpolation_duration: 2}
$data merge entity $(bone_emissive_head) {transformation: [0.992f,-0.0392f,0.1199f,-0.0034f,0.0022f,0.9558f,0.294f,-0.0417f,-0.1261f,-0.2914f,0.9483f,-0.0336f,0f,0f,0f,1f],start_interpolation: 0,interpolation_duration: 2}
$data merge entity $(bone_head) {transformation: [0.992f,-0.0392f,0.1199f,-0.0042f,0.0022f,0.9558f,0.294f,-0.0218f,-0.1261f,-0.2914f,0.9483f,-0.0397f,0f,0f,0f,1f],start_interpolation: 0,interpolation_duration: 2}
$data merge entity $(bone_emissive_body) {transformation: [0.992f,-0.0134f,0.1254f,0.0125f,0.0022f,0.996f,0.0888f,-0.5588f,-0.1261f,-0.0878f,0.9881f,0.0823f,0f,0f,0f,1f],start_interpolation: 0,interpolation_duration: 2}
$data merge entity $(bone_body) {transformation: [0.992f,-0.0134f,0.1254f,0.0119f,0.0022f,0.996f,0.0888f,-0.5121f,-0.1261f,-0.0878f,0.9881f,0.0782f,0f,0f,0f,1f],start_interpolation: 0,interpolation_duration: 2}
$data merge entity $(bone_emissive_left_arm) {transformation: [0.9746f,0.1853f,0.1254f,-0.4406f,-0.1971f,0.9764f,0.0888f,-0.3037f,-0.106f,-0.1113f,0.9881f,0.1169f,0f,0f,0f,1f],start_interpolation: 0,interpolation_duration: 2}
$data merge entity $(bone_left_arm) {transformation: [0.9746f,0.1853f,0.1254f,-0.4638f,-0.1971f,0.9764f,0.0888f,-0.4258f,-0.106f,-0.1113f,0.9881f,0.1309f,0f,0f,0f,1f],start_interpolation: 0,interpolation_duration: 2}
$data merge entity $(bone_emissive_right_arm) {transformation: [0.9693f,-0.2115f,0.1254f,0.4588f,0.2014f,0.9755f,0.0888f,-0.3017f,-0.1411f,-0.0608f,0.9881f,0.0026f,0f,0f,0f,1f],start_interpolation: 0,interpolation_duration: 2}
$data merge entity $(bone_right_arm) {transformation: [0.9693f,-0.2115f,0.1254f,0.4853f,0.2014f,0.9755f,0.0888f,-0.4237f,-0.1411f,-0.0608f,0.9881f,0.0102f,0f,0f,0f,1f],start_interpolation: 0,interpolation_duration: 2}