# This file was generated by Animated Java via MC-Build. It is not recommended to edit this file directly.
$data merge entity $(bone_head) {transformation: [0.9928f,-0.0355f,0.1145f,-0.0037f,0.0021f,0.9601f,0.2797f,-0.3975f,-0.1198f,-0.2774f,0.9532f,-0.0377f,0f,0f,0f,1f],start_interpolation: 0,interpolation_duration: 1}
$data merge entity $(bone_body) {transformation: [0.9928f,-0.0122f,0.1192f,0.0109f,0.0021f,0.9964f,0.0844f,-0.8874f,-0.1198f,-0.0835f,0.9893f,0.0744f,0f,0f,0f,1f],start_interpolation: 0,interpolation_duration: 1}
$data merge entity $(bone_left_arm) {transformation: [0.977f,0.1768f,0.1192f,-0.4615f,-0.1874f,0.9786f,0.0844f,-0.8046f,-0.1018f,-0.1048f,0.9893f,0.1243f,0f,0f,0f,1f],start_interpolation: 0,interpolation_duration: 1}
$data merge entity $(bone_right_arm) {transformation: [0.9724f,-0.2007f,0.1192f,0.4812f,0.1915f,0.9779f,0.0844f,-0.8026f,-0.1335f,-0.0592f,0.9893f,0.0105f,0f,0f,0f,1f],start_interpolation: 0,interpolation_duration: 1}