# This file was generated by Animated Java via MC-Build. It is not recommended to edit this file directly.
$data merge entity $(item_display_item_display) {transformation: [0f,0f,0f,0.0762f,0f,0f,0f,-0.3249f,0f,0f,0f,0.6191f,0f,0f,0f,1f],start_interpolation: 0,interpolation_duration: 2}
$data merge entity $(bone_emissive_head) {transformation: [0.9928f,-0.0355f,0.1145f,-0.003f,0.0021f,0.9601f,0.2797f,-0.0425f,-0.1198f,-0.2774f,0.9532f,-0.0319f,0f,0f,0f,1f],start_interpolation: 0,interpolation_duration: 2}
$data merge entity $(bone_head) {transformation: [0.9928f,-0.0355f,0.1145f,-0.0037f,0.0021f,0.9601f,0.2797f,-0.0225f,-0.1198f,-0.2774f,0.9532f,-0.0377f,0f,0f,0f,1f],start_interpolation: 0,interpolation_duration: 2}
$data merge entity $(bone_emissive_body) {transformation: [0.9928f,-0.0122f,0.1192f,0.0114f,0.0021f,0.9964f,0.0844f,-0.5592f,-0.1198f,-0.0835f,0.9893f,0.0783f,0f,0f,0f,1f],start_interpolation: 0,interpolation_duration: 2}
$data merge entity $(bone_body) {transformation: [0.9928f,-0.0122f,0.1192f,0.0109f,0.0021f,0.9964f,0.0844f,-0.5124f,-0.1198f,-0.0835f,0.9893f,0.0744f,0f,0f,0f,1f],start_interpolation: 0,interpolation_duration: 2}
$data merge entity $(bone_emissive_left_arm) {transformation: [0.977f,0.1768f,0.1192f,-0.4394f,-0.1874f,0.9786f,0.0844f,-0.3073f,-0.1018f,-0.1048f,0.9893f,0.1112f,0f,0f,0f,1f],start_interpolation: 0,interpolation_duration: 2}
$data merge entity $(bone_left_arm) {transformation: [0.977f,0.1768f,0.1192f,-0.4615f,-0.1874f,0.9786f,0.0844f,-0.4296f,-0.1018f,-0.1048f,0.9893f,0.1243f,0f,0f,0f,1f],start_interpolation: 0,interpolation_duration: 2}
$data merge entity $(bone_emissive_right_arm) {transformation: [0.9724f,-0.2007f,0.1192f,0.4561f,0.1915f,0.9779f,0.0844f,-0.3054f,-0.1335f,-0.0592f,0.9893f,0.0031f,0f,0f,0f,1f],start_interpolation: 0,interpolation_duration: 2}
$data merge entity $(bone_right_arm) {transformation: [0.9724f,-0.2007f,0.1192f,0.4812f,0.1915f,0.9779f,0.0844f,-0.4276f,-0.1335f,-0.0592f,0.9893f,0.0105f,0f,0f,0f,1f],start_interpolation: 0,interpolation_duration: 2}