# This file was generated by Animated Java via MC-Build. It is not recommended to edit this file directly.
$data merge entity $(item_display_item_display) {transformation: [0f,0f,0f,0.0719f,0f,0f,0f,-0.3276f,0f,0f,0f,0.6165f,0f,0f,0f,1f],start_interpolation: 0,interpolation_duration: 2}
$data merge entity $(bone_emissive_head) {transformation: [0.9935f,-0.032f,0.109f,-0.0026f,0.002f,0.9642f,0.2653f,-0.0434f,-0.1136f,-0.2634f,0.958f,-0.0301f,0f,0f,0f,1f],start_interpolation: 0,interpolation_duration: 2}
$data merge entity $(bone_head) {transformation: [0.9935f,-0.032f,0.109f,-0.0033f,0.002f,0.9642f,0.2653f,-0.0233f,-0.1136f,-0.2634f,0.958f,-0.0356f,0f,0f,0f,1f],start_interpolation: 0,interpolation_duration: 2}
$data merge entity $(bone_emissive_body) {transformation: [0.9935f,-0.011f,0.113f,0.0104f,0.002f,0.9968f,0.0799f,-0.5595f,-0.1136f,-0.0792f,0.9904f,0.0742f,0f,0f,0f,1f],start_interpolation: 0,interpolation_duration: 2}
$data merge entity $(bone_body) {transformation: [0.9935f,-0.011f,0.113f,0.0098f,0.002f,0.9968f,0.0799f,-0.5128f,-0.1136f,-0.0792f,0.9904f,0.0705f,0f,0f,0f,1f],start_interpolation: 0,interpolation_duration: 2}
$data merge entity $(bone_emissive_left_arm) {transformation: [0.9792f,0.1682f,0.113f,-0.4381f,-0.1777f,0.9808f,0.0799f,-0.3108f,-0.0974f,-0.0984f,0.9904f,0.1054f,0f,0f,0f,1f],start_interpolation: 0,interpolation_duration: 2}
$data merge entity $(bone_left_arm) {transformation: [0.9792f,0.1682f,0.113f,-0.4592f,-0.1777f,0.9808f,0.0799f,-0.4334f,-0.0974f,-0.0984f,0.9904f,0.1177f,0f,0f,0f,1f],start_interpolation: 0,interpolation_duration: 2}
$data merge entity $(bone_emissive_right_arm) {transformation: [0.9753f,-0.19f,0.113f,0.4533f,0.1816f,0.9801f,0.0799f,-0.3091f,-0.126f,-0.0574f,0.9904f,0.0035f,0f,0f,0f,1f],start_interpolation: 0,interpolation_duration: 2}
$data merge entity $(bone_right_arm) {transformation: [0.9753f,-0.19f,0.113f,0.4771f,0.1816f,0.9801f,0.0799f,-0.4316f,-0.126f,-0.0574f,0.9904f,0.0106f,0f,0f,0f,1f],start_interpolation: 0,interpolation_duration: 2}