# This file was generated by Animated Java via MC-Build. It is not recommended to edit this file directly.
$data merge entity $(bone_head) {transformation: [0.9942f,-0.0287f,0.1034f,-0.0029f,0.0019f,0.968f,0.2509f,-0.3991f,-0.1073f,-0.2492f,0.9625f,-0.0336f,0f,0f,0f,1f],start_interpolation: 0,interpolation_duration: 1}
$data merge entity $(bone_body) {transformation: [0.9942f,-0.01f,0.1068f,0.0089f,0.0019f,0.9971f,0.0755f,-0.8881f,-0.1073f,-0.0749f,0.9914f,0.0667f,0f,0f,0f,1f],start_interpolation: 0,interpolation_duration: 1}
$data merge entity $(bone_left_arm) {transformation: [0.9814f,0.1595f,0.1068f,-0.4567f,-0.168f,0.9829f,0.0755f,-0.8123f,-0.093f,-0.092f,0.9914f,0.1111f,0f,0f,0f,1f],start_interpolation: 0,interpolation_duration: 1}
$data merge entity $(bone_right_arm) {transformation: [0.978f,-0.1792f,0.1068f,0.473f,0.1717f,0.9823f,0.0755f,-0.8105f,-0.1185f,-0.0555f,0.9914f,0.0108f,0f,0f,0f,1f],start_interpolation: 0,interpolation_duration: 1}