# This file was generated by Animated Java via MC-Build. It is not recommended to edit this file directly.
$data merge entity $(bone_head) {transformation: [0.9949f,-0.0256f,0.0977f,-0.0025f,0.0018f,0.9717f,0.2364f,-0.3999f,-0.101f,-0.235f,0.9667f,-0.0316f,0f,0f,0f,1f],start_interpolation: 0,interpolation_duration: 1}
$data merge entity $(bone_body) {transformation: [0.9949f,-0.0089f,0.1006f,0.008f,0.0018f,0.9975f,0.071f,-0.8884f,-0.101f,-0.0705f,0.9924f,0.0628f,0f,0f,0f,1f],start_interpolation: 0,interpolation_duration: 1}
$data merge entity $(bone_left_arm) {transformation: [0.9834f,0.1508f,0.1006f,-0.4543f,-0.1583f,0.9848f,0.071f,-0.8161f,-0.0884f,-0.0858f,0.9924f,0.1045f,0f,0f,0f,1f],start_interpolation: 0,interpolation_duration: 1}
$data merge entity $(bone_right_arm) {transformation: [0.9806f,-0.1684f,0.1006f,0.4689f,0.1617f,0.9843f,0.071f,-0.8144f,-0.111f,-0.0534f,0.9924f,0.0108f,0f,0f,0f,1f],start_interpolation: 0,interpolation_duration: 1}