# This file was generated by Animated Java via MC-Build. It is not recommended to edit this file directly.
$data merge entity $(item_display_item_display) {transformation: [0f,0f,0f,0.0633f,0f,0f,0f,-0.3331f,0f,0f,0f,0.6111f,0f,0f,0f,1f],start_interpolation: 0,interpolation_duration: 2}
$data merge entity $(bone_emissive_head) {transformation: [0.9949f,-0.0256f,0.0977f,-0.002f,0.0018f,0.9717f,0.2364f,-0.0452f,-0.101f,-0.235f,0.9667f,-0.0267f,0f,0f,0f,1f],start_interpolation: 0,interpolation_duration: 2}
$data merge entity $(bone_head) {transformation: [0.9949f,-0.0256f,0.0977f,-0.0025f,0.0018f,0.9717f,0.2364f,-0.0249f,-0.101f,-0.235f,0.9667f,-0.0316f,0f,0f,0f,1f],start_interpolation: 0,interpolation_duration: 2}
$data merge entity $(bone_emissive_body) {transformation: [0.9949f,-0.0089f,0.1006f,0.0084f,0.0018f,0.9975f,0.071f,-0.5601f,-0.101f,-0.0705f,0.9924f,0.0661f,0f,0f,0f,1f],start_interpolation: 0,interpolation_duration: 2}
$data merge entity $(bone_body) {transformation: [0.9949f,-0.0089f,0.1006f,0.008f,0.0018f,0.9975f,0.071f,-0.5134f,-0.101f,-0.0705f,0.9924f,0.0628f,0f,0f,0f,1f],start_interpolation: 0,interpolation_duration: 2}
$data merge entity $(bone_emissive_left_arm) {transformation: [0.9834f,0.1508f,0.1006f,-0.4354f,-0.1583f,0.9848f,0.071f,-0.318f,-0.0884f,-0.0858f,0.9924f,0.0938f,0f,0f,0f,1f],start_interpolation: 0,interpolation_duration: 2}
$data merge entity $(bone_left_arm) {transformation: [0.9834f,0.1508f,0.1006f,-0.4543f,-0.1583f,0.9848f,0.071f,-0.4411f,-0.0884f,-0.0858f,0.9924f,0.1045f,0f,0f,0f,1f],start_interpolation: 0,interpolation_duration: 2}
$data merge entity $(bone_emissive_right_arm) {transformation: [0.9806f,-0.1684f,0.1006f,0.4478f,0.1617f,0.9843f,0.071f,-0.3164f,-0.111f,-0.0534f,0.9924f,0.0041f,0f,0f,0f,1f],start_interpolation: 0,interpolation_duration: 2}
$data merge entity $(bone_right_arm) {transformation: [0.9806f,-0.1684f,0.1006f,0.4689f,0.1617f,0.9843f,0.071f,-0.4394f,-0.111f,-0.0534f,0.9924f,0.0108f,0f,0f,0f,1f],start_interpolation: 0,interpolation_duration: 2}