# This file was generated by Animated Java via MC-Build. It is not recommended to edit this file directly.
$data merge entity $(bone_head) {transformation: [0.9955f,-0.0226f,0.092f,-0.0021f,0.0017f,0.9751f,0.2219f,-0.4008f,-0.0947f,-0.2207f,0.9707f,-0.0296f,0f,0f,0f,1f],start_interpolation: 0,interpolation_duration: 1}
$data merge entity $(bone_body) {transformation: [0.9955f,-0.008f,0.0944f,0.0071f,0.0017f,0.9978f,0.0666f,-0.8886f,-0.0947f,-0.0661f,0.9933f,0.0589f,0f,0f,0f,1f],start_interpolation: 0,interpolation_duration: 1}
$data merge entity $(bone_left_arm) {transformation: [0.9854f,0.1419f,0.0944f,-0.4517f,-0.1485f,0.9867f,0.0666f,-0.8199f,-0.0837f,-0.0796f,0.9933f,0.0979f,0f,0f,0f,1f],start_interpolation: 0,interpolation_duration: 1}
$data merge entity $(bone_right_arm) {transformation: [0.983f,-0.1577f,0.0944f,0.4648f,0.1518f,0.9862f,0.0666f,-0.8183f,-0.1036f,-0.0511f,0.9933f,0.0107f,0f,0f,0f,1f],start_interpolation: 0,interpolation_duration: 1}