# This file was generated by Animated Java via MC-Build. It is not recommended to edit this file directly.
$data merge entity $(item_display_item_display) {transformation: [0f,0f,0f,0.0591f,0f,0f,0f,-0.3359f,0f,0f,0f,0.6083f,0f,0f,0f,1f],start_interpolation: 0,interpolation_duration: 2}
$data merge entity $(bone_emissive_head) {transformation: [0.9955f,-0.0226f,0.092f,-0.0017f,0.0017f,0.9751f,0.2219f,-0.0461f,-0.0947f,-0.2207f,0.9707f,-0.025f,0f,0f,0f,1f],start_interpolation: 0,interpolation_duration: 2}
$data merge entity $(bone_head) {transformation: [0.9955f,-0.0226f,0.092f,-0.0021f,0.0017f,0.9751f,0.2219f,-0.0258f,-0.0947f,-0.2207f,0.9707f,-0.0296f,0f,0f,0f,1f],start_interpolation: 0,interpolation_duration: 2}
$data merge entity $(bone_emissive_body) {transformation: [0.9955f,-0.008f,0.0944f,0.0075f,0.0017f,0.9978f,0.0666f,-0.5604f,-0.0947f,-0.0661f,0.9933f,0.062f,0f,0f,0f,1f],start_interpolation: 0,interpolation_duration: 2}
$data merge entity $(bone_body) {transformation: [0.9955f,-0.008f,0.0944f,0.0071f,0.0017f,0.9978f,0.0666f,-0.5136f,-0.0947f,-0.0661f,0.9933f,0.0589f,0f,0f,0f,1f],start_interpolation: 0,interpolation_duration: 2}
$data merge entity $(bone_emissive_left_arm) {transformation: [0.9854f,0.1419f,0.0944f,-0.434f,-0.1485f,0.9867f,0.0666f,-0.3215f,-0.0837f,-0.0796f,0.9933f,0.0879f,0f,0f,0f,1f],start_interpolation: 0,interpolation_duration: 2}
$data merge entity $(bone_left_arm) {transformation: [0.9854f,0.1419f,0.0944f,-0.4517f,-0.1485f,0.9867f,0.0666f,-0.4449f,-0.0837f,-0.0796f,0.9933f,0.0979f,0f,0f,0f,1f],start_interpolation: 0,interpolation_duration: 2}
$data merge entity $(bone_emissive_right_arm) {transformation: [0.983f,-0.1577f,0.0944f,0.4451f,0.1518f,0.9862f,0.0666f,-0.3201f,-0.1036f,-0.0511f,0.9933f,0.0043f,0f,0f,0f,1f],start_interpolation: 0,interpolation_duration: 2}
$data merge entity $(bone_right_arm) {transformation: [0.983f,-0.1577f,0.0944f,0.4648f,0.1518f,0.9862f,0.0666f,-0.4433f,-0.1036f,-0.0511f,0.9933f,0.0107f,0f,0f,0f,1f],start_interpolation: 0,interpolation_duration: 2}