# This file was generated by Animated Java via MC-Build. It is not recommended to edit this file directly.
$data merge entity $(bone_head) {transformation: [0.9984f,0.0063f,-0.0557f,0.001f,0f,0.9937f,0.112f,-0.4073f,0.0561f,-0.1118f,0.9921f,-0.0187f,0f,0f,0f,1f],start_interpolation: 0,interpolation_duration: 1}
$data merge entity $(bone_body) {transformation: [0.9984f,0.0016f,-0.056f,-0.0014f,0f,0.9996f,0.028f,-0.8903f,0.0561f,-0.028f,0.998f,0.0249f,0f,0f,0f,1f],start_interpolation: 0,interpolation_duration: 1}
$data merge entity $(bone_left_arm) {transformation: [0.9942f,0.0919f,-0.056f,-0.4393f,-0.0905f,0.9955f,0.028f,-0.8422f,0.0584f,-0.0228f,0.998f,-0.001f,0f,0f,0f,1f],start_interpolation: 0,interpolation_duration: 1}
$data merge entity $(bone_right_arm) {transformation: [0.9945f,-0.0888f,-0.056f,0.4367f,0.0905f,0.9955f,0.028f,-0.8422f,0.0533f,-0.033f,0.998f,0.0482f,0f,0f,0f,1f],start_interpolation: 0,interpolation_duration: 1}