# This file was generated by Animated Java via MC-Build. It is not recommended to edit this file directly.
$data merge entity $(item_display_item_display) {transformation: [0f,0f,0f,0.0549f,0f,0f,0f,-0.3386f,0f,0f,0f,0.6056f,0f,0f,0f,1f],start_interpolation: 0,interpolation_duration: 2}
$data merge entity $(bone_emissive_head) {transformation: [0.9961f,-0.0198f,0.0862f,-0.0014f,0.0015f,0.9783f,0.2073f,-0.047f,-0.0884f,-0.2063f,0.9745f,-0.0232f,0f,0f,0f,1f],start_interpolation: 0,interpolation_duration: 2}
$data merge entity $(bone_head) {transformation: [0.9961f,-0.0198f,0.0862f,-0.0018f,0.0015f,0.9783f,0.2073f,-0.0267f,-0.0884f,-0.2063f,0.9745f,-0.0275f,0f,0f,0f,1f],start_interpolation: 0,interpolation_duration: 2}
$data merge entity $(bone_emissive_body) {transformation: [0.9961f,-0.007f,0.0881f,0.0066f,0.0015f,0.9981f,0.0622f,-0.5607f,-0.0884f,-0.0618f,0.9942f,0.0579f,0f,0f,0f,1f],start_interpolation: 0,interpolation_duration: 2}
$data merge entity $(bone_body) {transformation: [0.9961f,-0.007f,0.0881f,0.0063f,0.0015f,0.9981f,0.0622f,-0.5139f,-0.0884f,-0.0618f,0.9942f,0.055f,0f,0f,0f,1f],start_interpolation: 0,interpolation_duration: 2}
$data merge entity $(bone_emissive_left_arm) {transformation: [0.9872f,0.133f,0.0881f,-0.4325f,-0.1387f,0.9884f,0.0622f,-0.3251f,-0.0788f,-0.0736f,0.9942f,0.0821f,0f,0f,0f,1f],start_interpolation: 0,interpolation_duration: 2}
$data merge entity $(bone_left_arm) {transformation: [0.9872f,0.133f,0.0881f,-0.4491f,-0.1387f,0.9884f,0.0622f,-0.4486f,-0.0788f,-0.0736f,0.9942f,0.0913f,0f,0f,0f,1f],start_interpolation: 0,interpolation_duration: 2}
$data merge entity $(bone_emissive_right_arm) {transformation: [0.9852f,-0.1469f,0.0881f,0.4424f,0.1418f,0.9879f,0.0622f,-0.3237f,-0.0962f,-0.0487f,0.9942f,0.0045f,0f,0f,0f,1f],start_interpolation: 0,interpolation_duration: 2}
$data merge entity $(bone_right_arm) {transformation: [0.9852f,-0.1469f,0.0881f,0.4607f,0.1418f,0.9879f,0.0622f,-0.4472f,-0.0962f,-0.0487f,0.9942f,0.0106f,0f,0f,0f,1f],start_interpolation: 0,interpolation_duration: 2}