# This file was generated by Animated Java via MC-Build. It is not recommended to edit this file directly.
$data merge entity $(bone_head) {transformation: [0.9966f,-0.0172f,0.0803f,-0.0015f,0.0014f,0.9813f,0.1927f,-0.4026f,-0.0821f,-0.1919f,0.978f,-0.0255f,0f,0f,0f,1f],start_interpolation: 0,interpolation_duration: 1}
$data merge entity $(bone_body) {transformation: [0.9966f,-0.0062f,0.0819f,0.0055f,0.0014f,0.9983f,0.0577f,-0.8891f,-0.0821f,-0.0574f,0.995f,0.0511f,0f,0f,0f,1f],start_interpolation: 0,interpolation_duration: 1}
$data merge entity $(bone_left_arm) {transformation: [0.9889f,0.124f,0.0819f,-0.4465f,-0.1289f,0.99f,0.0577f,-0.8274f,-0.0739f,-0.0676f,0.995f,0.0847f,0f,0f,0f,1f],start_interpolation: 0,interpolation_duration: 1}
$data merge entity $(bone_right_arm) {transformation: [0.9873f,-0.1362f,0.0819f,0.4567f,0.1317f,0.9896f,0.0577f,-0.8261f,-0.0889f,-0.0462f,0.995f,0.0103f,0f,0f,0f,1f],start_interpolation: 0,interpolation_duration: 1}