# This file was generated by Animated Java via MC-Build. It is not recommended to edit this file directly.
$data merge entity $(item_display_item_display) {transformation: [0f,0f,0f,0.0466f,0f,0f,0f,-0.344f,0f,0f,0f,0.5999f,0f,0f,0f,1f],start_interpolation: 0,interpolation_duration: 2}
$data merge entity $(bone_emissive_head) {transformation: [0.9971f,-0.0148f,0.0744f,-0.0009f,0.0013f,0.984f,0.178f,-0.049f,-0.0758f,-0.1774f,0.9812f,-0.0198f,0f,0f,0f,1f],start_interpolation: 0,interpolation_duration: 2}
$data merge entity $(bone_head) {transformation: [0.9971f,-0.0148f,0.0744f,-0.0012f,0.0013f,0.984f,0.178f,-0.0285f,-0.0758f,-0.1774f,0.9812f,-0.0235f,0f,0f,0f,1f],start_interpolation: 0,interpolation_duration: 2}
$data merge entity $(bone_emissive_body) {transformation: [0.9971f,-0.0054f,0.0756f,0.005f,0.0013f,0.9986f,0.0533f,-0.5612f,-0.0758f,-0.053f,0.9957f,0.0497f,0f,0f,0f,1f],start_interpolation: 0,interpolation_duration: 2}
$data merge entity $(bone_body) {transformation: [0.9971f,-0.0054f,0.0756f,0.0048f,0.0013f,0.9986f,0.0533f,-0.5144f,-0.0758f,-0.053f,0.9957f,0.0472f,0f,0f,0f,1f],start_interpolation: 0,interpolation_duration: 2}
$data merge entity $(bone_emissive_left_arm) {transformation: [0.9905f,0.1149f,0.0756f,-0.4294f,-0.119f,0.9915f,0.0533f,-0.3322f,-0.0689f,-0.0618f,0.9957f,0.0705f,0f,0f,0f,1f],start_interpolation: 0,interpolation_duration: 2}
$data merge entity $(bone_left_arm) {transformation: [0.9905f,0.1149f,0.0756f,-0.4438f,-0.119f,0.9915f,0.0533f,-0.4561f,-0.0689f,-0.0618f,0.9957f,0.0782f,0f,0f,0f,1f],start_interpolation: 0,interpolation_duration: 2}
$data merge entity $(bone_emissive_right_arm) {transformation: [0.9892f,-0.1255f,0.0756f,0.437f,0.1217f,0.9911f,0.0533f,-0.3311f,-0.0816f,-0.0435f,0.9957f,0.0046f,0f,0f,0f,1f],start_interpolation: 0,interpolation_duration: 2}
$data merge entity $(bone_right_arm) {transformation: [0.9892f,-0.1255f,0.0756f,0.4527f,0.1217f,0.9911f,0.0533f,-0.455f,-0.0816f,-0.0435f,0.9957f,0.01f,0f,0f,0f,1f],start_interpolation: 0,interpolation_duration: 2}