# This file was generated by Animated Java via MC-Build. It is not recommended to edit this file directly.
$data merge entity $(bone_head) {transformation: [0.9971f,-0.0148f,0.0744f,-0.0012f,0.0013f,0.984f,0.178f,-0.4035f,-0.0758f,-0.1774f,0.9812f,-0.0235f,0f,0f,0f,1f],start_interpolation: 0,interpolation_duration: 1}
$data merge entity $(bone_body) {transformation: [0.9971f,-0.0054f,0.0756f,0.0048f,0.0013f,0.9986f,0.0533f,-0.8894f,-0.0758f,-0.053f,0.9957f,0.0472f,0f,0f,0f,1f],start_interpolation: 0,interpolation_duration: 1}
$data merge entity $(bone_left_arm) {transformation: [0.9905f,0.1149f,0.0756f,-0.4438f,-0.119f,0.9915f,0.0533f,-0.8311f,-0.0689f,-0.0618f,0.9957f,0.0782f,0f,0f,0f,1f],start_interpolation: 0,interpolation_duration: 1}
$data merge entity $(bone_right_arm) {transformation: [0.9892f,-0.1255f,0.0756f,0.4527f,0.1217f,0.9911f,0.0533f,-0.83f,-0.0816f,-0.0435f,0.9957f,0.01f,0f,0f,0f,1f],start_interpolation: 0,interpolation_duration: 1}