# This file was generated by Animated Java via MC-Build. It is not recommended to edit this file directly.
$data merge entity $(item_display_item_display) {transformation: [0f,0f,0f,0.0425f,0f,0f,0f,-0.3466f,0f,0f,0f,0.5969f,0f,0f,0f,1f],start_interpolation: 0,interpolation_duration: 2}
$data merge entity $(bone_emissive_head) {transformation: [0.9976f,-0.0125f,0.0684f,-0.0007f,0.0012f,0.9866f,0.1633f,-0.05f,-0.0695f,-0.1628f,0.9842f,-0.0181f,0f,0f,0f,1f],start_interpolation: 0,interpolation_duration: 2}
$data merge entity $(bone_head) {transformation: [0.9976f,-0.0125f,0.0684f,-0.001f,0.0012f,0.9866f,0.1633f,-0.0295f,-0.0695f,-0.1628f,0.9842f,-0.0215f,0f,0f,0f,1f],start_interpolation: 0,interpolation_duration: 2}
$data merge entity $(bone_emissive_body) {transformation: [0.9976f,-0.0046f,0.0694f,0.0043f,0.0012f,0.9988f,0.0488f,-0.5614f,-0.0695f,-0.0486f,0.9964f,0.0456f,0f,0f,0f,1f],start_interpolation: 0,interpolation_duration: 2}
$data merge entity $(bone_body) {transformation: [0.9976f,-0.0046f,0.0694f,0.0041f,0.0012f,0.9988f,0.0488f,-0.5146f,-0.0695f,-0.0486f,0.9964f,0.0433f,0f,0f,0f,1f],start_interpolation: 0,interpolation_duration: 2}
$data merge entity $(bone_emissive_left_arm) {transformation: [0.992f,0.1057f,0.0694f,-0.4278f,-0.1092f,0.9928f,0.0488f,-0.3358f,-0.0637f,-0.056f,0.9964f,0.0646f,0f,0f,0f,1f],start_interpolation: 0,interpolation_duration: 2}
$data merge entity $(bone_left_arm) {transformation: [0.992f,0.1057f,0.0694f,-0.441f,-0.1092f,0.9928f,0.0488f,-0.4599f,-0.0637f,-0.056f,0.9964f,0.0716f,0f,0f,0f,1f],start_interpolation: 0,interpolation_duration: 2}
$data merge entity $(bone_emissive_right_arm) {transformation: [0.991f,-0.1148f,0.0694f,0.4343f,0.1116f,0.9926f,0.0488f,-0.3347f,-0.0744f,-0.0406f,0.9964f,0.0045f,0f,0f,0f,1f],start_interpolation: 0,interpolation_duration: 2}
$data merge entity $(bone_right_arm) {transformation: [0.991f,-0.1148f,0.0694f,0.4487f,0.1116f,0.9926f,0.0488f,-0.4588f,-0.0744f,-0.0406f,0.9964f,0.0096f,0f,0f,0f,1f],start_interpolation: 0,interpolation_duration: 2}