# This file was generated by Animated Java via MC-Build. It is not recommended to edit this file directly.
$data merge entity $(bone_head) {transformation: [0.9976f,-0.0125f,0.0684f,-0.001f,0.0012f,0.9866f,0.1633f,-0.4045f,-0.0695f,-0.1628f,0.9842f,-0.0215f,0f,0f,0f,1f],start_interpolation: 0,interpolation_duration: 1}
$data merge entity $(bone_body) {transformation: [0.9976f,-0.0046f,0.0694f,0.0041f,0.0012f,0.9988f,0.0488f,-0.8896f,-0.0695f,-0.0486f,0.9964f,0.0433f,0f,0f,0f,1f],start_interpolation: 0,interpolation_duration: 1}
$data merge entity $(bone_left_arm) {transformation: [0.992f,0.1057f,0.0694f,-0.441f,-0.1092f,0.9928f,0.0488f,-0.8349f,-0.0637f,-0.056f,0.9964f,0.0716f,0f,0f,0f,1f],start_interpolation: 0,interpolation_duration: 1}
$data merge entity $(bone_right_arm) {transformation: [0.991f,-0.1148f,0.0694f,0.4487f,0.1116f,0.9926f,0.0488f,-0.8338f,-0.0744f,-0.0406f,0.9964f,0.0096f,0f,0f,0f,1f],start_interpolation: 0,interpolation_duration: 1}