# This file was generated by Animated Java via MC-Build. It is not recommended to edit this file directly.
$data merge entity $(bone_head) {transformation: [0.998f,-0.0105f,0.0623f,-0.0008f,0.0011f,0.9889f,0.1486f,-0.4054f,-0.0632f,-0.1482f,0.9869f,-0.0195f,0f,0f,0f,1f],start_interpolation: 0,interpolation_duration: 1}
$data merge entity $(bone_body) {transformation: [0.998f,-0.0039f,0.0631f,0.0035f,0.0011f,0.999f,0.0444f,-0.8897f,-0.0632f,-0.0442f,0.997f,0.0394f,0f,0f,0f,1f],start_interpolation: 0,interpolation_duration: 1}
$data merge entity $(bone_left_arm) {transformation: [0.9933f,0.0964f,0.0631f,-0.4381f,-0.0993f,0.9941f,0.0444f,-0.8386f,-0.0584f,-0.0504f,0.997f,0.0651f,0f,0f,0f,1f],start_interpolation: 0,interpolation_duration: 1}
$data merge entity $(bone_right_arm) {transformation: [0.9926f,-0.1042f,0.0631f,0.4447f,0.1015f,0.9938f,0.0444f,-0.8376f,-0.0673f,-0.0377f,0.997f,0.0092f,0f,0f,0f,1f],start_interpolation: 0,interpolation_duration: 1}