# This file was generated by Animated Java via MC-Build. It is not recommended to edit this file directly.
$data merge entity $(item_display_item_display) {transformation: [0f,0f,0f,0.0344f,0f,0f,0f,-0.3519f,0f,0f,0f,0.591f,0f,0f,0f,1f],start_interpolation: 0,interpolation_duration: 2}
$data merge entity $(bone_emissive_head) {transformation: [0.9984f,-0.0086f,0.0562f,-0.0004f,0.001f,0.991f,0.1338f,-0.0521f,-0.0569f,-0.1335f,0.9894f,-0.0147f,0f,0f,0f,1f],start_interpolation: 0,interpolation_duration: 2}
$data merge entity $(bone_head) {transformation: [0.9984f,-0.0086f,0.0562f,-0.0006f,0.001f,0.991f,0.1338f,-0.0314f,-0.0569f,-0.1335f,0.9894f,-0.0175f,0f,0f,0f,1f],start_interpolation: 0,interpolation_duration: 2}
$data merge entity $(bone_emissive_body) {transformation: [0.9984f,-0.0033f,0.0568f,0.0031f,0.001f,0.9992f,0.0399f,-0.5618f,-0.0569f,-0.0398f,0.9976f,0.0373f,0f,0f,0f,1f],start_interpolation: 0,interpolation_duration: 2}
$data merge entity $(bone_body) {transformation: [0.9984f,-0.0033f,0.0568f,0.0029f,0.001f,0.9992f,0.0399f,-0.5149f,-0.0569f,-0.0398f,0.9976f,0.0355f,0f,0f,0f,1f],start_interpolation: 0,interpolation_duration: 2}
$data merge entity $(bone_emissive_left_arm) {transformation: [0.9946f,0.0871f,0.0568f,-0.4244f,-0.0894f,0.9952f,0.0399f,-0.3429f,-0.053f,-0.0448f,0.9976f,0.0529f,0f,0f,0f,1f],start_interpolation: 0,interpolation_duration: 2}
$data merge entity $(bone_left_arm) {transformation: [0.9946f,0.0871f,0.0568f,-0.4352f,-0.0894f,0.9952f,0.0399f,-0.4673f,-0.053f,-0.0448f,0.9976f,0.0585f,0f,0f,0f,1f],start_interpolation: 0,interpolation_duration: 2}
$data merge entity $(bone_emissive_right_arm) {transformation: [0.994f,-0.0936f,0.0568f,0.429f,0.0914f,0.995f,0.0399f,-0.3421f,-0.0602f,-0.0345f,0.9976f,0.0043f,0f,0f,0f,1f],start_interpolation: 0,interpolation_duration: 2}
$data merge entity $(bone_right_arm) {transformation: [0.994f,-0.0936f,0.0568f,0.4407f,0.0914f,0.995f,0.0399f,-0.4664f,-0.0602f,-0.0345f,0.9976f,0.0086f,0f,0f,0f,1f],start_interpolation: 0,interpolation_duration: 2}