# This file was generated by Animated Java via MC-Build. It is not recommended to edit this file directly.
$data merge entity $(bone_head) {transformation: [0.9984f,-0.0086f,0.0562f,-0.0006f,0.001f,0.991f,0.1338f,-0.4064f,-0.0569f,-0.1335f,0.9894f,-0.0175f,0f,0f,0f,1f],start_interpolation: 0,interpolation_duration: 1}
$data merge entity $(bone_body) {transformation: [0.9984f,-0.0033f,0.0568f,0.0029f,0.001f,0.9992f,0.0399f,-0.8899f,-0.0569f,-0.0398f,0.9976f,0.0355f,0f,0f,0f,1f],start_interpolation: 0,interpolation_duration: 1}
$data merge entity $(bone_left_arm) {transformation: [0.9946f,0.0871f,0.0568f,-0.4352f,-0.0894f,0.9952f,0.0399f,-0.8423f,-0.053f,-0.0448f,0.9976f,0.0585f,0f,0f,0f,1f],start_interpolation: 0,interpolation_duration: 1}
$data merge entity $(bone_right_arm) {transformation: [0.994f,-0.0936f,0.0568f,0.4407f,0.0914f,0.995f,0.0399f,-0.8414f,-0.0602f,-0.0345f,0.9976f,0.0086f,0f,0f,0f,1f],start_interpolation: 0,interpolation_duration: 1}