# This file was generated by Animated Java via MC-Build. It is not recommended to edit this file directly.
$data merge entity $(bone_head) {transformation: [0.9987f,-0.0069f,0.0501f,-0.0004f,0.0009f,0.9929f,0.119f,-0.4075f,-0.0506f,-0.1188f,0.9916f,-0.0155f,0f,0f,0f,1f],start_interpolation: 0,interpolation_duration: 1}
$data merge entity $(bone_body) {transformation: [0.9987f,-0.0027f,0.0505f,0.0024f,0.0009f,0.9994f,0.0355f,-0.8901f,-0.0506f,-0.0354f,0.9981f,0.0315f,0f,0f,0f,1f],start_interpolation: 0,interpolation_duration: 1}
$data merge entity $(bone_left_arm) {transformation: [0.9957f,0.0777f,0.0505f,-0.4323f,-0.0795f,0.9962f,0.0355f,-0.846f,-0.0475f,-0.0394f,0.9981f,0.052f,0f,0f,0f,1f],start_interpolation: 0,interpolation_duration: 1}
$data merge entity $(bone_right_arm) {transformation: [0.9953f,-0.083f,0.0505f,0.4368f,0.0813f,0.9961f,0.0355f,-0.8452f,-0.0532f,-0.0312f,0.9981f,0.008f,0f,0f,0f,1f],start_interpolation: 0,interpolation_duration: 1}