# This file was generated by Animated Java via MC-Build. It is not recommended to edit this file directly.
$data merge entity $(item_display_item_display) {transformation: [0f,0f,0f,0.0304f,0f,0f,0f,-0.3546f,0f,0f,0f,0.588f,0f,0f,0f,1f],start_interpolation: 0,interpolation_duration: 2}
$data merge entity $(bone_emissive_head) {transformation: [0.9987f,-0.0069f,0.0501f,-0.0003f,0.0009f,0.9929f,0.119f,-0.0532f,-0.0506f,-0.1188f,0.9916f,-0.0131f,0f,0f,0f,1f],start_interpolation: 0,interpolation_duration: 2}
$data merge entity $(bone_head) {transformation: [0.9987f,-0.0069f,0.0501f,-0.0004f,0.0009f,0.9929f,0.119f,-0.0325f,-0.0506f,-0.1188f,0.9916f,-0.0155f,0f,0f,0f,1f],start_interpolation: 0,interpolation_duration: 2}
$data merge entity $(bone_emissive_body) {transformation: [0.9987f,-0.0027f,0.0505f,0.0025f,0.0009f,0.9994f,0.0355f,-0.5619f,-0.0506f,-0.0354f,0.9981f,0.0332f,0f,0f,0f,1f],start_interpolation: 0,interpolation_duration: 2}
$data merge entity $(bone_body) {transformation: [0.9987f,-0.0027f,0.0505f,0.0024f,0.0009f,0.9994f,0.0355f,-0.5151f,-0.0506f,-0.0354f,0.9981f,0.0315f,0f,0f,0f,1f],start_interpolation: 0,interpolation_duration: 2}
$data merge entity $(bone_emissive_left_arm) {transformation: [0.9957f,0.0777f,0.0505f,-0.4226f,-0.0795f,0.9962f,0.0355f,-0.3465f,-0.0475f,-0.0394f,0.9981f,0.047f,0f,0f,0f,1f],start_interpolation: 0,interpolation_duration: 2}
$data merge entity $(bone_left_arm) {transformation: [0.9957f,0.0777f,0.0505f,-0.4323f,-0.0795f,0.9962f,0.0355f,-0.471f,-0.0475f,-0.0394f,0.9981f,0.052f,0f,0f,0f,1f],start_interpolation: 0,interpolation_duration: 2}
$data merge entity $(bone_emissive_right_arm) {transformation: [0.9953f,-0.083f,0.0505f,0.4264f,0.0813f,0.9961f,0.0355f,-0.3457f,-0.0532f,-0.0312f,0.9981f,0.0041f,0f,0f,0f,1f],start_interpolation: 0,interpolation_duration: 2}
$data merge entity $(bone_right_arm) {transformation: [0.9953f,-0.083f,0.0505f,0.4368f,0.0813f,0.9961f,0.0355f,-0.4702f,-0.0532f,-0.0312f,0.9981f,0.008f,0f,0f,0f,1f],start_interpolation: 0,interpolation_duration: 2}