# This file was generated by Animated Java via MC-Build. It is not recommended to edit this file directly.
$data merge entity $(item_display_item_display) {transformation: [0f,0f,0f,0.0265f,0f,0f,0f,-0.3572f,0f,0f,0f,0.5849f,0f,0f,0f,1f],start_interpolation: 0,interpolation_duration: 2}
$data merge entity $(bone_emissive_head) {transformation: [0.999f,-0.0054f,0.0439f,-0.0002f,0.0008f,0.9946f,0.1042f,-0.0543f,-0.0442f,-0.104f,0.9936f,-0.0114f,0f,0f,0f,1f],start_interpolation: 0,interpolation_duration: 2}
$data merge entity $(bone_head) {transformation: [0.999f,-0.0054f,0.0439f,-0.0003f,0.0008f,0.9946f,0.1042f,-0.0335f,-0.0442f,-0.104f,0.9936f,-0.0136f,0f,0f,0f,1f],start_interpolation: 0,interpolation_duration: 2}
$data merge entity $(bone_emissive_body) {transformation: [0.999f,-0.0021f,0.0442f,0.002f,0.0008f,0.9995f,0.0311f,-0.562f,-0.0442f,-0.031f,0.9985f,0.0291f,0f,0f,0f,1f],start_interpolation: 0,interpolation_duration: 2}
$data merge entity $(bone_body) {transformation: [0.999f,-0.0021f,0.0442f,0.0019f,0.0008f,0.9995f,0.0311f,-0.5152f,-0.0442f,-0.031f,0.9985f,0.0276f,0f,0f,0f,1f],start_interpolation: 0,interpolation_duration: 2}
$data merge entity $(bone_emissive_left_arm) {transformation: [0.9967f,0.0682f,0.0442f,-0.4207f,-0.0696f,0.9971f,0.0311f,-0.35f,-0.042f,-0.034f,0.9985f,0.0412f,0f,0f,0f,1f],start_interpolation: 0,interpolation_duration: 2}
$data merge entity $(bone_left_arm) {transformation: [0.9967f,0.0682f,0.0442f,-0.4292f,-0.0696f,0.9971f,0.0311f,-0.4747f,-0.042f,-0.034f,0.9985f,0.0454f,0f,0f,0f,1f],start_interpolation: 0,interpolation_duration: 2}
$data merge entity $(bone_emissive_right_arm) {transformation: [0.9964f,-0.0725f,0.0442f,0.4238f,0.0712f,0.997f,0.0311f,-0.3494f,-0.0463f,-0.0278f,0.9985f,0.0038f,0f,0f,0f,1f],start_interpolation: 0,interpolation_duration: 2}
$data merge entity $(bone_right_arm) {transformation: [0.9964f,-0.0725f,0.0442f,0.4329f,0.0712f,0.997f,0.0311f,-0.474f,-0.0463f,-0.0278f,0.9985f,0.0072f,0f,0f,0f,1f],start_interpolation: 0,interpolation_duration: 2}