# This file was generated by Animated Java via MC-Build. It is not recommended to edit this file directly.
$data merge entity $(bone_head) {transformation: [0.999f,-0.0054f,0.0439f,-0.0003f,0.0008f,0.9946f,0.1042f,-0.4085f,-0.0442f,-0.104f,0.9936f,-0.0136f,0f,0f,0f,1f],start_interpolation: 0,interpolation_duration: 1}
$data merge entity $(bone_body) {transformation: [0.999f,-0.0021f,0.0442f,0.0019f,0.0008f,0.9995f,0.0311f,-0.8902f,-0.0442f,-0.031f,0.9985f,0.0276f,0f,0f,0f,1f],start_interpolation: 0,interpolation_duration: 1}
$data merge entity $(bone_left_arm) {transformation: [0.9967f,0.0682f,0.0442f,-0.4292f,-0.0696f,0.9971f,0.0311f,-0.8497f,-0.042f,-0.034f,0.9985f,0.0454f,0f,0f,0f,1f],start_interpolation: 0,interpolation_duration: 1}
$data merge entity $(bone_right_arm) {transformation: [0.9964f,-0.0725f,0.0442f,0.4329f,0.0712f,0.997f,0.0311f,-0.849f,-0.0463f,-0.0278f,0.9985f,0.0072f,0f,0f,0f,1f],start_interpolation: 0,interpolation_duration: 1}