# This file was generated by Animated Java via MC-Build. It is not recommended to edit this file directly.
$data merge entity $(bone_head) {transformation: [0.9993f,-0.0041f,0.0377f,-0.0002f,0.0007f,0.996f,0.0893f,-0.4096f,-0.0379f,-0.0892f,0.9953f,-0.0116f,0f,0f,0f,1f],start_interpolation: 0,interpolation_duration: 1}
$data merge entity $(bone_body) {transformation: [0.9993f,-0.0017f,0.0379f,0.0015f,0.0007f,0.9996f,0.0266f,-0.8903f,-0.0379f,-0.0266f,0.9989f,0.0237f,0f,0f,0f,1f],start_interpolation: 0,interpolation_duration: 1}
$data merge entity $(bone_left_arm) {transformation: [0.9976f,0.0587f,0.0379f,-0.4261f,-0.0597f,0.9979f,0.0266f,-0.8533f,-0.0363f,-0.0288f,0.9989f,0.0389f,0f,0f,0f,1f],start_interpolation: 0,interpolation_duration: 1}
$data merge entity $(bone_right_arm) {transformation: [0.9974f,-0.062f,0.0379f,0.429f,0.061f,0.9978f,0.0266f,-0.8528f,-0.0395f,-0.0242f,0.9989f,0.0065f,0f,0f,0f,1f],start_interpolation: 0,interpolation_duration: 1}