# This file was generated by Animated Java via MC-Build. It is not recommended to edit this file directly.
$data merge entity $(bone_head) {transformation: [0.9995f,-0.0029f,0.0315f,-0.0001f,0.0006f,0.9972f,0.0745f,-0.4107f,-0.0316f,-0.0744f,0.9967f,-0.0096f,0f,0f,0f,1f],start_interpolation: 0,interpolation_duration: 1}
$data merge entity $(bone_body) {transformation: [0.9995f,-0.0013f,0.0316f,0.0011f,0.0006f,0.9998f,0.0222f,-0.8904f,-0.0316f,-0.0222f,0.9993f,0.0197f,0f,0f,0f,1f],start_interpolation: 0,interpolation_duration: 1}
$data merge entity $(bone_left_arm) {transformation: [0.9983f,0.049f,0.0316f,-0.423f,-0.0498f,0.9985f,0.0222f,-0.857f,-0.0305f,-0.0237f,0.9993f,0.0324f,0f,0f,0f,1f],start_interpolation: 0,interpolation_duration: 1}
$data merge entity $(bone_right_arm) {transformation: [0.9982f,-0.0516f,0.0316f,0.4251f,0.0509f,0.9985f,0.0222f,-0.8565f,-0.0327f,-0.0205f,0.9993f,0.0056f,0f,0f,0f,1f],start_interpolation: 0,interpolation_duration: 1}