# This file was generated by Animated Java via MC-Build. It is not recommended to edit this file directly.
$data merge entity $(bone_left_foot) {transformation: [-0.9994f,-0.0338f,-0.0072f,0.1475f,-0.0346f,0.9776f,0.2078f,-1.3083f,0f,0.2079f,-0.9781f,0f,0f,0f,0f,1f],start_interpolation: 0,interpolation_duration: 1}
$data merge entity $(bone_right_foot) {transformation: [-0.9994f,-0.0338f,0.0072f,-0.1648f,-0.0346f,0.9776f,-0.2078f,-1.3191f,0f,-0.2079f,-0.9781f,0f,0f,0f,0f,1f],start_interpolation: 0,interpolation_duration: 1}
$data merge entity $(bone_antenna) {transformation: [-0.9994f,-0.0346f,0f,-0.0033f,-0.0346f,0.9994f,0f,-0.5631f,0f,0f,-1f,0f,0f,0f,0f,1f],start_interpolation: 0,interpolation_duration: 1}
$data merge entity $(bone_nose) {transformation: [-1f,-0.0084f,0f,-0.0259f,-0.0084f,1f,0f,-0.814f,0f,0f,-1f,0.1875f,0f,0f,0f,1f],start_interpolation: 0,interpolation_duration: 1}
$data merge entity $(bone_head) {transformation: [-0.9994f,-0.0346f,0f,0.0075f,-0.0346f,0.9994f,0f,-0.8754f,0f,0f,-1f,0f,0f,0f,0f,1f],start_interpolation: 0,interpolation_duration: 1}
$data merge entity $(bone_left_arm) {transformation: [-0.9994f,-0.017f,-0.0301f,-0.3339f,-0.0346f,0.4921f,0.8698f,-0.9497f,0f,0.8704f,-0.4924f,0f,0f,0f,0f,1f],start_interpolation: 0,interpolation_duration: 1}
$data merge entity $(bone_right_arm) {transformation: [-0.9994f,0.0178f,0.0296f,0.2907f,-0.0346f,-0.5147f,-0.8567f,-0.9282f,0f,-0.8572f,0.515f,0f,0f,0f,0f,1f],start_interpolation: 0,interpolation_duration: 1}
$data merge entity $(bone_body) {transformation: [-0.9994f,-0.0346f,0f,0.0313f,-0.0346f,0.9994f,0f,-1.5625f,0f,0f,-1f,0f,0f,0f,0f,1f],start_interpolation: 0,interpolation_duration: 1}