# This file was generated by Animated Java via MC-Build. It is not recommended to edit this file directly.
$data merge entity $(bone_left_foot) {transformation: [-0.9992f,-0.04f,-0.0096f,0.1458f,-0.0412f,0.9715f,0.2332f,-1.3076f,0f,0.2334f,-0.9724f,0f,0f,0f,0f,1f],start_interpolation: 0,interpolation_duration: 1}
$data merge entity $(bone_right_foot) {transformation: [-0.9992f,-0.04f,0.0096f,-0.1664f,-0.0412f,0.9715f,-0.2332f,-1.3204f,0f,-0.2334f,-0.9724f,0f,0f,0f,0f,1f],start_interpolation: 0,interpolation_duration: 1}
$data merge entity $(bone_antenna) {transformation: [-0.9992f,-0.0412f,0f,-0.0099f,-0.0412f,0.9992f,0f,-0.5633f,0f,0f,-1f,0f,0f,0f,0f,1f],start_interpolation: 0,interpolation_duration: 1}
$data merge entity $(bone_nose) {transformation: [-1f,-0.0063f,0f,-0.0309f,-0.0063f,1f,0f,-0.8144f,0f,0f,-1f,0.1875f,0f,0f,0f,1f],start_interpolation: 0,interpolation_duration: 1}
$data merge entity $(bone_head) {transformation: [-0.9992f,-0.0412f,0f,0.0029f,-0.0412f,0.9992f,0f,-0.8756f,0f,0f,-1f,0f,0f,0f,0f,1f],start_interpolation: 0,interpolation_duration: 1}
$data merge entity $(bone_left_arm) {transformation: [-0.9992f,-0.0308f,-0.0273f,-0.3379f,-0.0412f,0.7483f,0.6621f,-0.9522f,0f,0.6626f,-0.749f,0f,0f,0f,0f,1f],start_interpolation: 0,interpolation_duration: 1}
$data merge entity $(bone_right_arm) {transformation: [-0.9992f,0.0306f,0.0276f,0.2865f,-0.0412f,-0.7425f,-0.6686f,-0.9264f,0f,-0.6691f,0.7431f,0f,0f,0f,0f,1f],start_interpolation: 0,interpolation_duration: 1}
$data merge entity $(bone_body) {transformation: [-0.9992f,-0.0412f,0f,0.0313f,-0.0412f,0.9992f,0f,-1.5625f,0f,0f,-1f,0f,0f,0f,0f,1f],start_interpolation: 0,interpolation_duration: 1}