# This file was generated by Animated Java via MC-Build. It is not recommended to edit this file directly.
$data merge entity $(bone_left_foot) {transformation: [-0.9999f,-0.0128f,-0.002f,0.153f,-0.0129f,0.9876f,0.1564f,-1.3109f,0f,0.1564f,-0.9877f,0f,0f,0f,0f,1f],start_interpolation: 0,interpolation_duration: 2}
$data merge entity $(bone_right_foot) {transformation: [-0.9999f,-0.0128f,0.002f,-0.1595f,-0.0129f,0.9876f,-0.1564f,-1.3149f,0f,-0.1564f,-0.9877f,0f,0f,0f,0f,1f],start_interpolation: 0,interpolation_duration: 2}
$data merge entity $(bone_antenna) {transformation: [-0.9999f,-0.0129f,0f,0.0183f,-0.0129f,0.9999f,0f,-0.5626f,0f,0f,-1f,0f,0f,0f,0f,1f],start_interpolation: 0,interpolation_duration: 2}
$data merge entity $(bone_nose) {transformation: [-1f,-0.0042f,0f,-0.0097f,-0.0042f,1f,0f,-0.813f,0f,0f,-1f,0.1875f,0f,0f,0f,1f],start_interpolation: 0,interpolation_duration: 2}
$data merge entity $(bone_head) {transformation: [-0.9999f,-0.0129f,0f,0.0224f,-0.0129f,0.9999f,0f,-0.8751f,0f,0f,-1f,0f,0f,0f,0f,1f],start_interpolation: 0,interpolation_duration: 2}
$data merge entity $(bone_left_arm) {transformation: [-0.9999f,-0.0084f,0.0098f,-0.3205f,-0.0129f,0.6494f,-0.7603f,-0.942f,0f,-0.7604f,-0.6494f,0f,0f,0f,0f,1f],start_interpolation: 0,interpolation_duration: 2}
$data merge entity $(bone_right_arm) {transformation: [-0.9999f,0.0083f,-0.0099f,0.3044f,-0.0129f,-0.6427f,0.766f,-0.9339f,0f,0.766f,0.6428f,0f,0f,0f,0f,1f],start_interpolation: 0,interpolation_duration: 2}
$data merge entity $(bone_body) {transformation: [-0.9999f,-0.0129f,0f,0.0313f,-0.0129f,0.9999f,0f,-1.5625f,0f,0f,-1f,0f,0f,0f,0f,1f],start_interpolation: 0,interpolation_duration: 2}