# This file was generated by Animated Java via MC-Build. It is not recommended to edit this file directly.
$data merge entity $(bone_left_foot) {transformation: [-0.9999f,0.0128f,0.0013f,0.1595f,0.0129f,0.9944f,0.1045f,-1.3141f,0f,0.1045f,-0.9945f,0f,0f,0f,0f,1f],start_interpolation: 0,interpolation_duration: 2}
$data merge entity $(bone_right_foot) {transformation: [-0.9999f,0.0128f,-0.0013f,-0.153f,0.0129f,0.9944f,-0.1045f,-1.3101f,0f,-0.1045f,-0.9945f,0f,0f,0f,0f,1f],start_interpolation: 0,interpolation_duration: 2}
$data merge entity $(bone_antenna) {transformation: [-0.9999f,0.0129f,0f,0.0442f,0.0129f,0.9999f,0f,-0.5626f,0f,0f,-1f,0f,0f,0f,0f,1f],start_interpolation: 0,interpolation_duration: 2}
$data merge entity $(bone_nose) {transformation: [-1f,0.0042f,0f,0.0097f,0.0042f,1f,0f,-0.8122f,0f,0f,-1f,0.1875f,0f,0f,0f,1f],start_interpolation: 0,interpolation_duration: 2}
$data merge entity $(bone_head) {transformation: [-0.9999f,0.0129f,0f,0.0401f,0.0129f,0.9999f,0f,-0.8751f,0f,0f,-1f,0f,0f,0f,0f,1f],start_interpolation: 0,interpolation_duration: 2}
$data merge entity $(bone_left_arm) {transformation: [-0.9999f,0.0009f,-0.0129f,-0.3044f,0.0129f,0.0698f,-0.9975f,-0.9331f,0f,-0.9976f,-0.0698f,0f,0f,0f,0f,1f],start_interpolation: 0,interpolation_duration: 2}
$data merge entity $(bone_right_arm) {transformation: [-0.9999f,-0.0005f,0.0129f,0.3205f,0.0129f,-0.0371f,0.9992f,-0.9412f,0f,0.9993f,0.0371f,0f,0f,0f,0f,1f],start_interpolation: 0,interpolation_duration: 2}
$data merge entity $(bone_body) {transformation: [-0.9999f,0.0129f,0f,0.0313f,0.0129f,0.9999f,0f,-1.5625f,0f,0f,-1f,0f,0f,0f,0f,1f],start_interpolation: 0,interpolation_duration: 2}