# This file was generated by Animated Java via MC-Build. It is not recommended to edit this file directly.
$data merge entity $(bone_left_foot) {transformation: [-0.9997f,0.0247f,0.0019f,0.1624f,0.0248f,0.9966f,0.0784f,-1.3157f,0f,0.0785f,-0.9969f,0f,0f,0f,0f,1f],start_interpolation: 0,interpolation_duration: 1}
$data merge entity $(bone_right_foot) {transformation: [-0.9997f,0.0247f,-0.0019f,-0.15f,0.0248f,0.9966f,-0.0784f,-1.3079f,0f,-0.0785f,-0.9969f,0f,0f,0f,0f,1f],start_interpolation: 0,interpolation_duration: 1}
$data merge entity $(bone_antenna) {transformation: [-0.9997f,0.0248f,0f,0.056f,0.0248f,0.9997f,0f,-0.5628f,0f,0f,-1f,0f,0f,0f,0f,1f],start_interpolation: 0,interpolation_duration: 1}
$data merge entity $(bone_nose) {transformation: [-1f,0.0073f,0f,0.0186f,0.0073f,1f,0f,-0.812f,0f,0f,-1f,0.1875f,0f,0f,0f,1f],start_interpolation: 0,interpolation_duration: 1}
$data merge entity $(bone_head) {transformation: [-0.9997f,0.0248f,0f,0.0483f,0.0248f,0.9997f,0f,-0.8752f,0f,0f,-1f,0f,0f,0f,0f,1f],start_interpolation: 0,interpolation_duration: 1}
$data merge entity $(bone_left_arm) {transformation: [-0.9997f,-0.0062f,-0.024f,-0.2969f,0.0248f,-0.2503f,-0.9679f,-0.9292f,0f,-0.9681f,0.2504f,0f,0f,0f,0f,1f],start_interpolation: 0,interpolation_duration: 1}
$data merge entity $(bone_right_arm) {transformation: [-0.9997f,0.0072f,0.0237f,0.3279f,0.0248f,0.2922f,0.956f,-0.9447f,0f,0.9563f,-0.2923f,0f,0f,0f,0f,1f],start_interpolation: 0,interpolation_duration: 1}
$data merge entity $(bone_body) {transformation: [-0.9997f,0.0248f,0f,0.0313f,0.0248f,0.9997f,0f,-1.5625f,0f,0f,-1f,0f,0f,0f,0f,1f],start_interpolation: 0,interpolation_duration: 1}