# This file was generated by Animated Java via MC-Build. It is not recommended to edit this file directly.
$data merge entity $(bone_left_foot) {transformation: [-0.9994f,-0.0338f,0.0072f,0.1475f,-0.0346f,0.9776f,-0.2078f,-1.3083f,0f,-0.2079f,-0.9781f,0f,0f,0f,0f,1f],start_interpolation: 0,interpolation_duration: 2}
$data merge entity $(bone_right_foot) {transformation: [-0.9994f,-0.0338f,-0.0072f,-0.1648f,-0.0346f,0.9776f,0.2078f,-1.3191f,0f,0.2079f,-0.9781f,0f,0f,0f,0f,1f],start_interpolation: 0,interpolation_duration: 2}
$data merge entity $(bone_antenna) {transformation: [-0.9994f,-0.0346f,0f,-0.0033f,-0.0346f,0.9994f,0f,-0.5631f,0f,0f,-1f,0f,0f,0f,0f,1f],start_interpolation: 0,interpolation_duration: 2}
$data merge entity $(bone_nose) {transformation: [-1f,-0.0084f,0f,-0.0259f,-0.0084f,1f,0f,-0.814f,0f,0f,-1f,0.1875f,0f,0f,0f,1f],start_interpolation: 0,interpolation_duration: 2}
$data merge entity $(bone_head) {transformation: [-0.9994f,-0.0346f,0f,0.0075f,-0.0346f,0.9994f,0f,-0.8754f,0f,0f,-1f,0f,0f,0f,0f,1f],start_interpolation: 0,interpolation_duration: 2}
$data merge entity $(bone_left_arm) {transformation: [-0.9994f,-0.0183f,-0.0293f,-0.3339f,-0.0346f,0.5296f,0.8475f,-0.9497f,0f,0.848f,-0.5299f,0f,0f,0f,0f,1f],start_interpolation: 0,interpolation_duration: 2}
$data merge entity $(bone_right_arm) {transformation: [-0.9994f,0.0189f,0.0289f,0.2907f,-0.0346f,-0.5469f,-0.8365f,-0.9282f,0f,-0.837f,0.5473f,0f,0f,0f,0f,1f],start_interpolation: 0,interpolation_duration: 2}
$data merge entity $(bone_body) {transformation: [-0.9994f,-0.0346f,0f,0.0313f,-0.0346f,0.9994f,0f,-1.5625f,0f,0f,-1f,0f,0f,0f,0f,1f],start_interpolation: 0,interpolation_duration: 2}