# This file was generated by Animated Java via MC-Build. It is not recommended to edit this file directly.
$data merge entity $(bone_body) {transformation: [-1.04f,0f,0f,0f,0f,0.92f,0f,0f,0f,0f,-1.04f,0f,0f,0f,0f,1f],start_interpolation: 0,interpolation_duration: 1}
$data merge entity $(bone_stingers_1) {transformation: [-1f,0f,0f,0f,0f,0.9986f,0.0523f,0.0225f,0f,0.0523f,-0.9986f,0f,0f,0f,0f,1f],start_interpolation: 0,interpolation_duration: 1}
$data merge entity $(bone_stingers_2) {transformation: [-0.9986f,-0.0523f,0f,0f,-0.0523f,0.9986f,0f,0.0225f,0f,0f,-1f,0f,0f,0f,0f,1f],start_interpolation: 0,interpolation_duration: 1}
$data merge entity $(bone_stingers_3) {transformation: [-1f,0f,0f,0f,0f,0.9986f,-0.0523f,0.0225f,0f,-0.0523f,-0.9986f,0f,0f,0f,0f,1f],start_interpolation: 0,interpolation_duration: 1}
$data merge entity $(bone_stingers_4) {transformation: [-0.9986f,0.0523f,0f,0f,0.0523f,0.9986f,0f,0.0225f,0f,0f,-1f,0f,0f,0f,0f,1f],start_interpolation: 0,interpolation_duration: 1}