# This file was generated by Animated Java via MC-Build. It is not recommended to edit this file directly.
$data merge entity $(bone_body) {transformation: [-1.0575f,0f,0f,0f,0f,0.885f,0f,0f,0f,0f,-1.0575f,0f,0f,0f,0f,1f],start_interpolation: 0,interpolation_duration: 2}
$data merge entity $(bone_stingers_1) {transformation: [-1f,0f,0f,0f,0f,0.9972f,0.0752f,0.0323f,0f,0.0752f,-0.9972f,0f,0f,0f,0f,1f],start_interpolation: 0,interpolation_duration: 2}
$data merge entity $(bone_stingers_2) {transformation: [-0.9972f,-0.0752f,0f,0f,-0.0752f,0.9972f,0f,0.0323f,0f,0f,-1f,0f,0f,0f,0f,1f],start_interpolation: 0,interpolation_duration: 2}
$data merge entity $(bone_stingers_3) {transformation: [-1f,0f,0f,0f,0f,0.9972f,-0.0752f,0.0323f,0f,-0.0752f,-0.9972f,0f,0f,0f,0f,1f],start_interpolation: 0,interpolation_duration: 2}
$data merge entity $(bone_stingers_4) {transformation: [-0.9972f,0.0752f,0f,0f,0.0752f,0.9972f,0f,0.0323f,0f,0f,-1f,0f,0f,0f,0f,1f],start_interpolation: 0,interpolation_duration: 2}