# This file was generated by Animated Java via MC-Build. It is not recommended to edit this file directly.
$data merge entity $(bone_body) {transformation: [-1.0625f,0f,0f,0f,0f,0.875f,0f,0f,0f,0f,-1.0625f,0f,0f,0f,0f,1f],start_interpolation: 0,interpolation_duration: 1}
$data merge entity $(bone_stingers_1) {transformation: [-1f,0f,0f,0f,0f,0.9967f,0.0817f,0.0352f,0f,0.0817f,-0.9967f,0f,0f,0f,0f,1f],start_interpolation: 0,interpolation_duration: 1}
$data merge entity $(bone_stingers_2) {transformation: [-0.9967f,-0.0817f,0f,0f,-0.0817f,0.9967f,0f,0.0352f,0f,0f,-1f,0f,0f,0f,0f,1f],start_interpolation: 0,interpolation_duration: 1}
$data merge entity $(bone_stingers_3) {transformation: [-1f,0f,0f,0f,0f,0.9967f,-0.0817f,0.0352f,0f,-0.0817f,-0.9967f,0f,0f,0f,0f,1f],start_interpolation: 0,interpolation_duration: 1}
$data merge entity $(bone_stingers_4) {transformation: [-0.9967f,0.0817f,0f,0f,0.0817f,0.9967f,0f,0.0352f,0f,0f,-1f,0f,0f,0f,0f,1f],start_interpolation: 0,interpolation_duration: 1}