# This file was generated by Animated Java via MC-Build. It is not recommended to edit this file directly.
$data merge entity $(bone_body) {transformation: [-1.09f,0f,0f,0f,0f,0.82f,0f,0f,0f,0f,-1.09f,0f,0f,0f,0f,1f],start_interpolation: 0,interpolation_duration: 1}
$data merge entity $(bone_stingers_1) {transformation: [-1f,0f,0f,0f,0f,0.9931f,0.1175f,0.0506f,0f,0.1175f,-0.9931f,0f,0f,0f,0f,1f],start_interpolation: 0,interpolation_duration: 1}
$data merge entity $(bone_stingers_2) {transformation: [-0.9931f,-0.1175f,0f,0f,-0.1175f,0.9931f,0f,0.0506f,0f,0f,-1f,0f,0f,0f,0f,1f],start_interpolation: 0,interpolation_duration: 1}
$data merge entity $(bone_stingers_3) {transformation: [-1f,0f,0f,0f,0f,0.9931f,-0.1175f,0.0506f,0f,-0.1175f,-0.9931f,0f,0f,0f,0f,1f],start_interpolation: 0,interpolation_duration: 1}
$data merge entity $(bone_stingers_4) {transformation: [-0.9931f,0.1175f,0f,0f,0.1175f,0.9931f,0f,0.0506f,0f,0f,-1f,0f,0f,0f,0f,1f],start_interpolation: 0,interpolation_duration: 1}