# This file was generated by Animated Java via MC-Build. It is not recommended to edit this file directly.
$data merge entity $(bone_body) {transformation: [-1.0725f,0f,0f,0f,0f,0.855f,0f,0f,0f,0f,-1.0725f,0f,0f,0f,0f,1f],start_interpolation: 0,interpolation_duration: 1}
$data merge entity $(bone_stingers_1) {transformation: [-1f,0f,0f,0f,0f,0.9955f,0.0948f,0.0408f,0f,0.0948f,-0.9955f,0f,0f,0f,0f,1f],start_interpolation: 0,interpolation_duration: 1}
$data merge entity $(bone_stingers_2) {transformation: [-0.9955f,-0.0948f,0f,0f,-0.0948f,0.9955f,0f,0.0408f,0f,0f,-1f,0f,0f,0f,0f,1f],start_interpolation: 0,interpolation_duration: 1}
$data merge entity $(bone_stingers_3) {transformation: [-1f,0f,0f,0f,0f,0.9955f,-0.0948f,0.0408f,0f,-0.0948f,-0.9955f,0f,0f,0f,0f,1f],start_interpolation: 0,interpolation_duration: 1}
$data merge entity $(bone_stingers_4) {transformation: [-0.9955f,0.0948f,0f,0f,0.0948f,0.9955f,0f,0.0408f,0f,0f,-1f,0f,0f,0f,0f,1f],start_interpolation: 0,interpolation_duration: 1}