# This file was generated by Animated Java via MC-Build. It is not recommended to edit this file directly.
$data merge entity $(bone_left_foot) { transformation: [-0.9990482215818578f,0.043619387365336f,1.2246467991473532e-16f,0.16703587453906624f,0.043619387365336f,0.9990482215818578f,0f,-1.3181903680252025f,-1.223481206754078e-16f,5.341834311772723e-18f,-1f,2.0455994909704633e-17f,0f,0f,0f,1f], start_interpolation: 0, interpolation_duration: 1 }
$data merge entity $(bone_right_foot) { transformation: [-0.9990482215818578f,0.043619387365336f,1.2246467991473532e-16f,-0.14516669470526433f,0.043619387365336f,0.9990482215818578f,0f,-1.304559309473535f,-1.223481206754078e-16f,5.341834311772723e-18f,-1f,-1.7777792801360303e-17f,0f,0f,0f,1f], start_interpolation: 0, interpolation_duration: 1 }
$data merge entity $(bone_antenna) { transformation: [-0.9990482215818578f,0.043619387365336f,1.2246467991473532e-16f,0.07486938736533601f,0.043619387365336f,0.9990482215818578f,0f,-0.5634517784181422f,-1.223481206754078e-16f,5.341834311772723e-18f,-1f,9.168855559108203e-18f,0f,0f,0f,1f], start_interpolation: 0, interpolation_duration: 1 }
$data merge entity $(bone_nose) { transformation: [-1.0000000000000002f,0f,1.2246467991473532e-16f,0.03274428359956892f,0f,1.0000000000000002f,0f,-0.8118507279584399f,-1.2246467991473535e-16f,0f,-1f,0.1875f,0f,0f,0f,1f], start_interpolation: 0, interpolation_duration: 1 }
$data merge entity $(bone_head) { transformation: [-0.9990482215818578f,0.043619387365336f,1.2246467991473532e-16f,0.0612383288136685f,0.043619387365336f,0.9990482215818578f,0f,-0.8756543476624727f,-1.223481206754078e-16f,5.341834311772723e-18f,-1f,7.499532336679227e-18f,0f,0f,0f,1f], start_interpolation: 0, interpolation_duration: 1 }
$data merge entity $(bone_left_arm) { transformation: [-0.9990482215818578f,-0.03953259043497204f,-0.01843434966653263f,-0.28491070906542865f,0.043619387365336f,-0.9054451828447544f,-0.4222160228000617f,-0.9231006971045047f,-1.223481206754078e-16f,-0.4226182617406993f,0.90630778703665f,-3.4891498789978e-17f,0f,0f,0f,1f], start_interpolation: 0, interpolation_duration: 1 }
$data merge entity $(bone_right_arm) { transformation: [-0.9990482215818578f,0.042585433717795176f,0.009440963361570007f,0.3394944294232325f,0.043619387365336f,0.9753667896506382f,0.21623361138472555f,-0.9503628142078396f,-1.223481206754078e-16f,0.21643961393810288f,-0.9762960071199334f,4.157607663215187e-17f,0f,0f,0f,1f], start_interpolation: 0, interpolation_duration: 1 }
$data merge entity $(bone_body) { transformation: [-0.9990482215818578f,0.043619387365336f,1.2246467991473532e-16f,0.03125f,0.043619387365336f,0.9990482215818578f,0f,-1.5625f,-1.223481206754078e-16f,5.341834311772723e-18f,-1f,3.827021247335479e-18f,0f,0f,0f,1f], start_interpolation: 0, interpolation_duration: 1 }