# This file was generated by Animated Java via MC-Build. It is not recommended to edit this file directly.
$data merge entity $(bone_left_foot) { transformation: [-0.9994029483549729f,0.03450329092126137f,0.0018082408551401482f,0.16481302888798968f,0.03455064137447228f,0.998033301348076f,0.05230470897417491f,-1.3169680930830658f,-1.223915621761345e-16f,0.052335956242943835f,-0.9986295347545738f,2.0183774828545683e-17f,0f,0f,0f,1f], start_interpolation: 0, interpolation_duration: 1 }
$data merge entity $(bone_right_foot) { transformation: [-0.9994029483549729f,0.034503290921261386f,-0.0018082408551399036f,-0.14750039247293933f,0.03455064137447228f,0.998033301348076f,-0.05230470897417491f,-1.3061710176535433f,-1.223915621761345e-16f,-0.05233595624294382f,-0.9986295347545738f,-1.806358835149635e-17f,0f,0f,0f,1f], start_interpolation: 0, interpolation_duration: 1 }
$data merge entity $(bone_antenna) { transformation: [-0.9994029483549729f,0.03455064137447228f,1.2246467991473532e-16f,0.06580064137447228f,0.03455064137447228f,0.9994029483549729f,0f,-0.5630970516450271f,-1.223915621761345e-16f,4.231233236773559e-18f,-1f,8.058254484109038e-18f,0f,0f,0f,1f], start_interpolation: 0, interpolation_duration: 1 }
$data merge entity $(bone_nose) { transformation: [-0.9999649082784806f,0.008377482414770623f,1.2246467991473532e-16f,0.025931638894761282f,0.008377482414770623f,0.9999649082784806f,0f,-0.811868081190818f,-1.224603824182918e-16f,1.0259457024162088e-18f,-1f,0.1875f,0f,0f,0f,1f], start_interpolation: 0, interpolation_duration: 1 }
$data merge entity $(bone_head) { transformation: [-0.9994029483549729f,0.03455064137447228f,1.2246467991473532e-16f,0.05500356594494969f,0.03455064137447228f,0.9994029483549729f,0f,-0.8754104730059561f,-1.223915621761345e-16f,4.231233236773559e-18f,-1f,6.7359940976173e-18f,0f,0f,0f,1f], start_interpolation: 0, interpolation_duration: 1 }
$data merge entity $(bone_left_arm) { transformation: [-0.9994029483549729f,-0.034025739497124695f,0.005999655911900649f,-0.29070061263797675f,0.03455064137447228f,-0.9842197719232367f,0.17354450073679872f,-0.9259963743056671f,-1.223915621761345e-16f,0.17364817766693072f,0.9848077530122081f,-3.560055747772728e-17f,0f,0f,0f,1f], start_interpolation: 0, interpolation_duration: 1 }
$data merge entity $(bone_right_arm) { transformation: [-0.9994029483549729f,0.03236262489616326f,-0.012099889636588819f,0.33392623008388134f,0.03455064137447228f,0.9361129475769557f,-0.34999828936638555f,-0.9475905251647122f,-1.223915621761345e-16f,-0.35020738125946715f,-0.9366721892483977f,4.089416888235678e-17f,0f,0f,0f,1f], start_interpolation: 0, interpolation_duration: 1 }
$data merge entity $(bone_body) { transformation: [-0.9994029483549729f,0.03455064137447228f,1.2246467991473532e-16f,0.03125f,0.03455064137447228f,0.9994029483549729f,0f,-1.5625f,-1.223915621761345e-16f,4.231233236773559e-18f,-1f,3.827021247335479e-18f,0f,0f,0f,1f], start_interpolation: 0, interpolation_duration: 1 }