# This file was generated by Animated Java via MC-Build. It is not recommended to edit this file directly.
$data merge entity $(bone_left_foot) { transformation: [-0.9991518213376787f,-0.040040369409147424f,-0.009612842200857426f,0.14584944660212612f,-0.04117812426033481f,0.9715451769793122f,0.233247360479465f,-1.3075647791330385f,-1.2236080798634363e-16f,0.23344536385590542f,-0.9723699203976766f,1.7861405793870658e-17f,0f,0f,0f,1f], start_interpolation: 0, interpolation_duration: 1 }
$data merge entity $(bone_right_foot) { transformation: [-0.9991518213376787f,-0.04004036940914737f,0.009612842200857665f,-0.16638549756589846f,-0.04117812426033481f,0.9715451769793122f,-0.233247360479465f,-1.320432942964393f,-1.2236080798634363e-16f,-0.23344536385590542f,-0.9723699203976766f,-2.0376346701861726e-17f,0f,0f,0f,1f], start_interpolation: 0, interpolation_duration: 1 }
$data merge entity $(bone_antenna) { transformation: [-0.9991518213376787f,-0.04117812426033481f,1.2246467991473532e-16f,-0.009928124260334813f,-0.04117812426033481f,0.9991518213376787f,0f,-0.5633481786623213f,-1.2236080798634363e-16f,-5.0428658070311e-18f,-1f,-1.2158445596956215e-18f,0f,0f,0f,1f], start_interpolation: 0, interpolation_duration: 1 }
$data merge entity $(bone_nose) { transformation: [-0.9999802608561372f,-0.00628314396555895f,1.2246467991473532e-16f,-0.03085708761205359f,-0.00628314396555895f,0.9999802608561372f,0f,-0.8144229503798764f,-1.2246226256680038e-16f,-7.694632146003771e-19f,-1f,0.1875f,0f,0f,0f,1f], start_interpolation: 0, interpolation_duration: 1 }
$data merge entity $(bone_head) { transformation: [-0.9991518213376787f,-0.04117812426033481f,1.2246467991473532e-16f,0.0029400395710198167f,-0.04117812426033481f,0.9991518213376787f,0f,-0.8755831228303459f,-1.2236080798634363e-16f,-5.0428658070311e-18f,-1f,3.6005100500159746e-19f,0f,0f,0f,1f], start_interpolation: 0, interpolation_duration: 1 }
$data merge entity $(bone_left_arm) { transformation: [-0.9991518213376787f,-0.03084059173613823f,-0.027285450682816598f,-0.33794476624753633f,-0.04117812426033481f,0.7483204725276054f,0.6620580280296147f,-0.952185091878441f,-1.2236080798634363e-16f,0.6626200482157376f,-0.7489557207890021f,-4.138629762736458e-17f,0f,0f,0f,1f], start_interpolation: 0, interpolation_duration: 1 }
$data merge entity $(bone_right_arm) { transformation: [-0.9991518213376787f,0.030601309966933034f,0.02755354325503818f,0.28652512208851283f,-0.04117812426033481f,-0.7425145058934094f,-0.6685630640562392f,-0.9264487642157317f,-1.2236080798634363e-16f,-0.6691306063588589f,0.7431448254773938f,3.5089207364100185e-17f,0f,0f,0f,1f], start_interpolation: 0, interpolation_duration: 1 }
$data merge entity $(bone_body) { transformation: [-0.9991518213376787f,-0.04117812426033481f,1.2246467991473532e-16f,0.03125f,-0.04117812426033481f,0.9991518213376787f,0f,-1.5625f,-1.2236080798634363e-16f,-5.0428658070311e-18f,-1f,3.827021247335479e-18f,0f,0f,0f,1f], start_interpolation: 0, interpolation_duration: 1 }