# This file was generated by Animated Java via MC-Build. It is not recommended to edit this file directly.
$data merge entity $(bone_left_foot) { transformation: [-0.9996929004370153f,0.024704746328632614f,0.0019443057027327345f,0.16240689713156406f,0.024781138307748612f,0.9966111808556066f,0.0784350009738347f,-1.3156744171792147f,-1.2242707106505246e-16f,0.07845909572784489f,-0.996917333733128f,1.9889108673162342e-17f,0f,0f,0f,1f], start_interpolation: 0, interpolation_duration: 1 }
$data merge entity $(bone_right_foot) { transformation: [-0.9996929004370153f,0.024704746328632635f,-0.0019443057027324904f,-0.14999713425500322f,0.024781138307748612f,0.9966111808556066f,-0.0784350009738347f,-1.3079303114580432f,-1.2242707106505246e-16f,-0.07845909572784489f,-0.996917333733128f,-1.836935103466655e-17f,0f,0f,0f,1f], start_interpolation: 0, interpolation_duration: 1 }
$data merge entity $(bone_antenna) { transformation: [-0.9996929004370153f,0.024781138307748612f,1.2246467991473532e-16f,0.05603113830774861f,0.024781138307748612f,0.9996929004370153f,0f,-0.5628070995629846f,-1.2242707106505246e-16f,3.0348141707812195e-18f,-1f,6.861835418116698e-18f,0f,0f,0f,1f], start_interpolation: 0, interpolation_duration: 1 }
$data merge entity $(bone_nose) { transformation: [-0.9999731328638828f,0.0073303172094605976f,1.2246467991473532e-16f,0.018595450592154703f,0.0073303172094605976f,0.9999731328638828f,0f,-0.8119559141001214f,-1.224613896395105e-16f,8.977049507300676e-19f,-1f,0.1875f,0f,0f,0f,1f], start_interpolation: 0, interpolation_duration: 1 }
$data merge entity $(bone_head) { transformation: [-0.9996929004370153f,0.024781138307748612f,1.2246467991473532e-16f,0.04828703258657717f,0.024781138307748612f,0.9996929004370153f,0f,-0.8752111309495519f,-1.2242707106505246e-16f,3.0348141707812195e-18f,-1f,5.913455989747567e-18f,0f,0f,0f,1f], start_interpolation: 0, interpolation_duration: 1 }
$data merge entity $(bone_left_arm) { transformation: [-0.9996929004370153f,-0.006204701509967665f,-0.02399180057853038f,-0.29690622308288117f,0.024781138307748612f,-0.25030311246461673f,-0.9678503226608428f,-0.9291734209335768f,-1.2242707106505246e-16f,-0.9681476403781076f,0.25038000405444194f,-3.636052557453804e-17f,0f,0f,0f,1f], start_interpolation: 0, interpolation_duration: 1 }
$data merge entity $(bone_right_arm) { transformation: [-0.9996929004370153f,0.00724447642015521f,0.02369857331624798f,0.32790183969025344f,0.024781138307748612f,0.2922485462400298f,0.9560212771715707f,-0.9446616323759197f,-1.2242707106505246e-16f,0.9563149610781936f,-0.2923383232113317f,4.0156393841119743e-17f,0f,0f,0f,1f], start_interpolation: 0, interpolation_duration: 1 }
$data merge entity $(bone_body) { transformation: [-0.9996929004370153f,0.024781138307748612f,1.2246467991473532e-16f,0.03125f,0.024781138307748612f,0.9996929004370153f,0f,-1.5625f,-1.2242707106505246e-16f,3.0348141707812195e-18f,-1f,3.827021247335479e-18f,0f,0f,0f,1f], start_interpolation: 0, interpolation_duration: 1 }