# This file was generated by Animated Java via MC-Build. It is not recommended to edit this file directly.
$data merge entity $(bone_left_foot) { transformation: [-0.9994029483549729f,0.03450329092126132f,0.0018082408551401477f,0.16481302888798968f,0.03455064137447223f,0.998033301348076f,0.052304708974174975f,-1.3169680930830658f,-1.223915621761345e-16f,0.0523359562429439f,-0.9986295347545738f,2.018377482854568e-17f,0f,0f,0f,1f], start_interpolation: 0, interpolation_duration: 1 }
$data merge entity $(bone_right_foot) { transformation: [-0.9994029483549729f,0.03450329092126134f,-0.0018082408551399031f,-0.14750039247293933f,0.03455064137447223f,0.998033301348076f,-0.052304708974174975f,-1.3061710176535433f,-1.223915621761345e-16f,-0.05233595624294388f,-0.9986295347545738f,-1.8063588351496352e-17f,0f,0f,0f,1f], start_interpolation: 0, interpolation_duration: 1 }
$data merge entity $(bone_antenna) { transformation: [-0.9994029483549729f,0.03455064137447223f,1.2246467991473532e-16f,0.06580064137447222f,0.03455064137447223f,0.9994029483549729f,0f,-0.5630970516450271f,-1.223915621761345e-16f,4.231233236773553e-18f,-1f,8.058254484109031e-18f,0f,0f,0f,1f], start_interpolation: 0, interpolation_duration: 1 }
$data merge entity $(bone_nose) { transformation: [-0.9999649082784806f,0.008377482414770591f,1.2246467991473532e-16f,0.025931638894761244f,0.008377482414770591f,0.9999649082784806f,0f,-0.811868081190818f,-1.224603824182918e-16f,1.0259457024162045e-18f,-1f,0.1875f,0f,0f,0f,1f], start_interpolation: 0, interpolation_duration: 1 }
$data merge entity $(bone_head) { transformation: [-0.9994029483549729f,0.03455064137447223f,1.2246467991473532e-16f,0.05500356594494966f,0.03455064137447223f,0.9994029483549729f,0f,-0.8754104730059561f,-1.223915621761345e-16f,4.231233236773553e-18f,-1f,6.735994097617296e-18f,0f,0f,0f,1f], start_interpolation: 0, interpolation_duration: 1 }
$data merge entity $(bone_left_arm) { transformation: [-0.9994029483549729f,-0.018817627977342693f,-0.028976606024407374f,-0.2907006126379768f,0.03455064137447223f,-0.5443138573832246f,-0.8381698383031969f,-0.9259963743056671f,-1.223915621761345e-16f,-0.8386705679454245f,0.5446390350150263f,-3.560055747772729e-17f,0f,0f,0f,1f], start_interpolation: 0, interpolation_duration: 1 }
$data merge entity $(bone_right_arm) { transformation: [-0.9994029483549729f,0.02036782973400124f,0.027908750085127918f,0.3339262300838813f,0.03455064137447223f,0.5891545938939595f,0.8072813126006674f,-0.9475905251647122f,-1.223915621761345e-16f,0.8077635891803805f,-0.5895065597552156f,4.0894168882356776e-17f,0f,0f,0f,1f], start_interpolation: 0, interpolation_duration: 1 }
$data merge entity $(bone_body) { transformation: [-0.9994029483549729f,0.03455064137447223f,1.2246467991473532e-16f,0.03125f,0.03455064137447223f,0.9994029483549729f,0f,-1.5625f,-1.223915621761345e-16f,4.231233236773553e-18f,-1f,3.827021247335479e-18f,0f,0f,0f,1f], start_interpolation: 0, interpolation_duration: 1 }