# This file was generated by Animated Java via MC-Build. It is not recommended to edit this file directly.
$data merge entity $(bone_left_foot) { transformation: [-0.9999165969098341f,0.01284432725499841f,-0.00134999319363857f,0.15946834396381032f,0.012915077400324224f,0.9944389491689619f,-0.10451974527080665f,-1.314135235447582f,-1.2245446598199425e-16f,-0.10452846326765346f,-0.9945218953682733f,1.9529239700060944e-17f,0f,0f,0f,1f], start_interpolation: 0, interpolation_duration: 1 }
$data merge entity $(bone_right_foot) { transformation: [-0.9999165969098341f,0.012844327254998386f,0.0013499931936388138f,-0.15300559257051283f,0.012915077400324224f,0.9944389491689619f,0.10451974527080665f,-1.3100992737599806f,-1.2245446598199425e-16f,0.10452846326765346f,-0.9945218953682733f,-1.873778091931226e-17f,0f,0f,0f,1f], start_interpolation: 0, interpolation_duration: 1 }
$data merge entity $(bone_antenna) { transformation: [-0.9999165969098341f,0.012915077400324224f,1.2246467991473532e-16f,0.04416507740032422f,0.012915077400324224f,0.9999165969098341f,0f,-0.562583403090166f,-1.2245446598199425e-16f,1.581640819904738e-18f,-1f,5.408662067240217e-18f,0f,0f,0f,1f], start_interpolation: 0, interpolation_duration: 1 }
$data merge entity $(bone_nose) { transformation: [-0.9999912270311377f,0.004188777955403893f,1.2246467991473532e-16f,0.009688914396810824f,0.004188777955403893f,0.9999912270311377f,0f,-0.8121589561488642f,-1.224636055359117e-16f,5.129773515424371e-19f,-1f,0.1875f,0f,0f,0f,1f], start_interpolation: 0, interpolation_duration: 1 }
$data merge entity $(bone_head) { transformation: [-0.9999165969098341f,0.012915077400324224f,1.2246467991473532e-16f,0.0401291157127229f,0.012915077400324224f,0.9999165969098341f,0f,-0.8750573396244891f,-1.2245446598199425e-16f,1.581640819904738e-18f,-1f,4.914399311019986e-18f,0f,0f,0f,1f], start_interpolation: 0, interpolation_duration: 1 }
$data merge entity $(bone_left_arm) { transformation: [-0.9999165969098341f,-0.008641873572050627f,0.0095977729406909f,-0.30439940681255284f,0.012915077400324224f,-0.6690747987985636f,0.7430828449025084f,-0.9331125690749923f,-1.2245446598199425e-16f,0.743144825477394f,0.6691306063588585f,-3.7278175921534584e-17f,0f,0f,0f,1f], start_interpolation: 0, interpolation_duration: 1 }
$data merge entity $(bone_right_arm) { transformation: [-0.9999165969098341f,0.008537850010907653f,-0.009690425245963651f,0.32054846625609346f,0.012915077400324224f,0.6610210425544146f,-0.7502562109546435f,-0.9411844924501949f,-1.2245446598199425e-16f,-0.7503187898603273f,-0.6610761783505241f,3.9255865317211824e-17f,0f,0f,0f,1f], start_interpolation: 0, interpolation_duration: 1 }
$data merge entity $(bone_body) { transformation: [-0.9999165969098341f,0.012915077400324224f,1.2246467991473532e-16f,0.03125f,0.012915077400324224f,0.9999165969098341f,0f,-1.5625f,-1.2245446598199425e-16f,1.581640819904738e-18f,-1f,3.827021247335479e-18f,0f,0f,0f,1f], start_interpolation: 0, interpolation_duration: 1 }