# This file was generated by Animated Java via MC-Build. It is not recommended to edit this file directly.
$data merge entity $(bone_left_foot) { transformation: [-1f,1.5984848350717833e-17f,1.2141697760125282e-16f,0.15625f,0f,0.9914448613738104f,-0.13052619222005157f,-1.3125f,-1.2246467991473532e-16f,-0.13052619222005157f,-0.9914448613738104f,1.9135106236677395e-17f,0f,0f,0f,1f], start_interpolation: 0, interpolation_duration: 1 }
$data merge entity $(bone_right_foot) { transformation: [-1f,-1.5984848350717833e-17f,1.2141697760125282e-16f,-0.15625f,0f,0.9914448613738104f,0.13052619222005157f,-1.3125f,-1.2246467991473532e-16f,0.13052619222005157f,-0.9914448613738104f,-1.9135106236677392e-17f,0f,0f,0f,1f], start_interpolation: 0, interpolation_duration: 1 }
$data merge entity $(bone_antenna) { transformation: [-1f,0f,1.2246467991473532e-16f,0.03125f,0f,1f,0f,-0.5625f,-1.2246467991473532e-16f,0f,-1f,3.827021247335479e-18f,0f,0f,0f,1f], start_interpolation: 0, interpolation_duration: 1 }
$data merge entity $(bone_nose) { transformation: [-1f,0f,1.2246467991473532e-16f,-2.0816681711721685e-17f,0f,1f,0f,-0.8125f,-1.2246467991473532e-16f,0f,-1f,0.1875f,0f,0f,0f,1f], start_interpolation: 0, interpolation_duration: 1 }
$data merge entity $(bone_head) { transformation: [-1f,0f,1.2246467991473532e-16f,0.03125f,0f,1f,0f,-0.875f,-1.2246467991473532e-16f,0f,-1f,3.827021247335479e-18f,0f,0f,0f,1f], start_interpolation: 0, interpolation_duration: 1 }
$data merge entity $(bone_left_arm) { transformation: [-1f,-1.109906930436754e-16f,-5.175581015019665e-17f,-0.3125f,0f,-0.42261826174069994f,0.9063077870366496f,-0.9375f,-1.2246467991473532e-16f,0.9063077870366496f,0.42261826174069994f,-3.827021247335479e-17f,0f,0f,0f,1f], start_interpolation: 0, interpolation_duration: 1 }
$data merge entity $(bone_right_arm) { transformation: [-1f,1.106999045202381e-16f,5.237488869514422e-17f,0.3125f,0f,0.4276734216886833f,-0.9039333185479412f,-0.9375f,-1.2246467991473532e-16f,-0.9039333185479412f,-0.4276734216886833f,3.827021247335479e-17f,0f,0f,0f,1f], start_interpolation: 0, interpolation_duration: 1 }
$data merge entity $(bone_body) { transformation: [-1f,0f,1.2246467991473532e-16f,0.03125f,0f,1f,0f,-1.5625f,-1.2246467991473532e-16f,0f,-1f,3.827021247335479e-18f,0f,0f,0f,1f], start_interpolation: 0, interpolation_duration: 1 }