# This file was generated by Animated Java via MC-Build. It is not recommended to edit this file directly.
$data merge entity $(bone_left_foot) { transformation: [-0.9999165969098341f,-0.012756071366183964f,0.0020203632240730143f,0.15301080526364821f,-0.012915077400324208f,0.9876059643354114f,-0.15642141792243808f,-1.310906466097501f,-1.2245446598199425e-16f,-0.15643446504023087f,-0.9876883405951378f,1.8738419290108578e-17f,0f,0f,0f,1f], start_interpolation: 0, interpolation_duration: 1 }
$data merge entity $(bone_right_foot) { transformation: [-0.9999165969098341f,-0.012756071366184002f,-0.0020203632240727723f,-0.15946313127067493f,-0.012915077400324208f,0.9876059643354114f,0.15642141792243808f,-1.3149424277851023f,-1.2245446598199425e-16f,0.15643446504023087f,-0.9876883405951378f,-1.9528601329264626e-17f,0f,0f,0f,1f], start_interpolation: 0, interpolation_duration: 1 }
$data merge entity $(bone_antenna) { transformation: [-0.9999165969098341f,-0.012915077400324208f,1.2246467991473532e-16f,0.01833492259967579f,-0.012915077400324208f,0.9999165969098341f,0f,-0.562583403090166f,-1.2245446598199425e-16f,-1.5816408199047362e-18f,-1f,2.2453804274307427e-18f,0f,0f,0f,1f], start_interpolation: 0, interpolation_duration: 1 }
$data merge entity $(bone_nose) { transformation: [-0.9999912270311377f,-0.004188777955403877f,1.2246467991473532e-16f,-0.009683701703675496f,-0.004188777955403877f,0.9999912270311377f,0f,-0.8129661484863846f,-1.224636055359117e-16f,-5.129773515424354e-19f,-1f,0.1875f,0f,0f,0f,1f], start_interpolation: 0, interpolation_duration: 1 }
$data merge entity $(bone_head) { transformation: [-0.9999165969098341f,-0.012915077400324208f,1.2246467991473532e-16f,0.022370884287277105f,-0.012915077400324208f,0.9999165969098341f,0f,-0.8750573396244891f,-1.2245446598199425e-16f,-1.5816408199047362e-18f,-1f,2.739643183650973e-18f,0f,0f,0f,1f], start_interpolation: 0, interpolation_duration: 1 }
$data merge entity $(bone_left_arm) { transformation: [-0.9999165969098341f,0.0013499931936385694f,-0.012844327254998397f,-0.3205432535629581f,-0.012915077400324208f,-0.10451974527080672f,0.994438949168962f,-0.9419916847877151f,-1.2245446598199425e-16f,0.9945218953682734f,0.10452846326765353f,-3.925522694641551e-17f,0f,0f,0f,1f], start_interpolation: 0, interpolation_duration: 1 }
$data merge entity $(bone_right_arm) { transformation: [-0.9999165969098341f,-0.0013096349539258377f,0.01284850499255928f,0.3044046195056882f,-0.012915077400324208f,0.10139511252878282f,-0.9947623997372533f,-0.9339197614125125f,-1.2245446598199425e-16f,-0.9948453729155917f,-0.10140356989986632f,3.72788142923309e-17f,0f,0f,0f,1f], start_interpolation: 0, interpolation_duration: 1 }
$data merge entity $(bone_body) { transformation: [-0.9999165969098341f,-0.012915077400324208f,1.2246467991473532e-16f,0.03125f,-0.012915077400324208f,0.9999165969098341f,0f,-1.5625f,-1.2245446598199425e-16f,-1.5816408199047362e-18f,-1f,3.827021247335479e-18f,0f,0f,0f,1f], start_interpolation: 0, interpolation_duration: 1 }