# This file was generated by Animated Java via MC-Build. It is not recommended to edit this file directly.
$data merge entity $(bone_left_foot) { transformation: [-0.9994029483549729f,-0.033795626964254144f,0.00718348226700467f,0.14753770820075357f,-0.03455064137447223f,0.9775635960997082f,-0.20778755680073613f,-1.3083304327394478f,-1.223915621761345e-16f,-0.20791169081775923f,-0.9781476007338057f,1.8068158210158905e-17f,0f,0f,0f,1f], start_interpolation: 0, interpolation_duration: 1 }
$data merge entity $(bone_right_foot) { transformation: [-0.9994029483549729f,-0.0337956269642542f,-0.00718348226700443f,-0.16477571316017547f,-0.03455064137447223f,0.9775635960997082f,0.20778755680073613f,-1.3191275081689704f,-1.223915621761345e-16f,0.20791169081775923f,-0.9781476007338057f,-2.0179204969883128e-17f,0f,0f,0f,1f], start_interpolation: 0, interpolation_duration: 1 }
$data merge entity $(bone_antenna) { transformation: [-0.9994029483549729f,-0.03455064137447223f,1.2246467991473532e-16f,-0.0033006413744722293f,-0.03455064137447223f,0.9994029483549729f,0f,-0.5630970516450271f,-1.223915621761345e-16f,-4.231233236773553e-18f,-1f,-4.042119894380739e-19f,0f,0f,0f,1f], start_interpolation: 0, interpolation_duration: 1 }
$data merge entity $(bone_nose) { transformation: [-0.9999649082784806f,-0.008377482414770591f,1.2246467991473532e-16f,-0.0258943231669471f,-0.008377482414770591f,0.9999649082784806f,0f,-0.8140274962767226f,-1.224603824182918e-16f,-1.0259457024162045e-18f,-1f,0.1875f,0f,0f,0f,1f], start_interpolation: 0, interpolation_duration: 1 }
$data merge entity $(bone_head) { transformation: [-0.9994029483549729f,-0.03455064137447223f,1.2246467991473532e-16f,0.0074964340550503425f,-0.03455064137447223f,0.9994029483549729f,0f,-0.8754104730059561f,-1.223915621761345e-16f,-4.231233236773553e-18f,-1f,9.180483970536614e-19f,0f,0f,0f,1f], start_interpolation: 0, interpolation_duration: 1 }
$data merge entity $(bone_left_arm) { transformation: [-0.9994029483549729f,-0.018309050455945722f,-0.029300605638604572f,-0.3338889143560671f,-0.03455064137447223f,0.5296028750647619f,0.8475417676455543f,-0.9497499402506168f,-1.223915621761345e-16f,0.8480480961564266f,-0.5299192642332039f,-4.0889599023694227e-17f,0f,0f,0f,1f], start_interpolation: 0, interpolation_duration: 1 }
$data merge entity $(bone_right_arm) { transformation: [-0.9994029483549729f,0.018908567659016867f,0.028917345806138122f,0.290737928365791f,-0.03455064137447223f,-0.5469443551792676f,-0.8364556925014903f,-0.9281557893915716f,-1.223915621761345e-16f,-0.8369553980987395f,0.5472711042923613f,3.560512733638984e-17f,0f,0f,0f,1f], start_interpolation: 0, interpolation_duration: 1 }
$data merge entity $(bone_body) { transformation: [-0.9994029483549729f,-0.03455064137447223f,1.2246467991473532e-16f,0.03125f,-0.03455064137447223f,0.9994029483549729f,0f,-1.5625f,-1.223915621761345e-16f,-4.231233236773553e-18f,-1f,3.827021247335479e-18f,0f,0f,0f,1f], start_interpolation: 0, interpolation_duration: 1 }