# This file was generated by Animated Java via MC-Build. It is not recommended to edit this file directly.
$data merge entity $(bone_left_foot) { transformation: [-0.9996929004370153f,0.024704746328632596f,-0.0019443057027324889f,0.16240689713156406f,0.024781138307748574f,0.9966111808556066f,-0.07843500097383475f,-1.3156744171792147f,-1.2242707106505246e-16f,-0.07845909572784494f,-0.996917333733128f,1.988910867316234e-17f,0f,0f,0f,1f], start_interpolation: 0, interpolation_duration: 1 }
$data merge entity $(bone_right_foot) { transformation: [-0.9996929004370153f,0.024704746328632576f,0.001944305702732733f,-0.14999713425500324f,0.024781138307748574f,0.9966111808556066f,0.07843500097383475f,-1.3079303114580434f,-1.2242707106505246e-16f,0.07845909572784494f,-0.996917333733128f,-1.8369351034666552e-17f,0f,0f,0f,1f], start_interpolation: 0, interpolation_duration: 1 }
$data merge entity $(bone_antenna) { transformation: [-0.9996929004370153f,0.024781138307748574f,1.2246467991473532e-16f,0.05603113830774857f,0.024781138307748574f,0.9996929004370153f,0f,-0.5628070995629846f,-1.2242707106505246e-16f,3.034814170781215e-18f,-1f,6.861835418116694e-18f,0f,0f,0f,1f], start_interpolation: 0, interpolation_duration: 1 }
$data merge entity $(bone_nose) { transformation: [-0.9999731328638828f,0.007330317209460577f,1.2246467991473532e-16f,0.018595450592154675f,0.007330317209460577f,0.9999731328638828f,0f,-0.8119559141001214f,-1.224613896395105e-16f,8.977049507300652e-19f,-1f,0.1875f,0f,0f,0f,1f], start_interpolation: 0, interpolation_duration: 1 }
$data merge entity $(bone_head) { transformation: [-0.9996929004370153f,0.024781138307748574f,1.2246467991473532e-16f,0.04828703258657714f,0.024781138307748574f,0.9996929004370153f,0f,-0.8752111309495519f,-1.2242707106505246e-16f,3.034814170781215e-18f,-1f,5.913455989747564e-18f,0f,0f,0f,1f], start_interpolation: 0, interpolation_duration: 1 }
$data merge entity $(bone_left_arm) { transformation: [-0.9996929004370153f,-0.004090067548196099f,-0.024441279902635157f,-0.29690622308288117f,0.024781138307748574f,-0.16499691981304587f,-0.9859827136600213f,-0.9291734209335768f,-1.2242707106505246e-16f,-0.9862856015372315f,0.16504760586067735f,-3.6360525574538045e-17f,0f,0f,0f,1f], start_interpolation: 0, interpolation_duration: 1 }
$data merge entity $(bone_right_arm) { transformation: [-0.9996929004370153f,0.009881455827122361f,0.022725792539852012f,0.32790183969025344f,0.024781138307748574f,0.3986266132604378f,0.91677844563705f,-0.9446616323759197f,-1.2242707106505246e-16f,0.9170600743851244f,-0.3987490689252453f,4.0156393841119743e-17f,0f,0f,0f,1f], start_interpolation: 0, interpolation_duration: 1 }
$data merge entity $(bone_body) { transformation: [-0.9996929004370153f,0.024781138307748574f,1.2246467991473532e-16f,0.03125f,0.024781138307748574f,0.9996929004370153f,0f,-1.5625f,-1.2242707106505246e-16f,3.034814170781215e-18f,-1f,3.827021247335479e-18f,0f,0f,0f,1f], start_interpolation: 0, interpolation_duration: 1 }