# This file was generated by Animated Java via MC-Build. It is not recommended to edit this file directly.
$data merge entity $(bone_body) {transformation: [-0.9995f,0.0315f,0.0053f,0f,0.0318f,0.9962f,0.0812f,-0.1322f,-0.0028f,0.0813f,-0.9967f,0f,0f,0f,0f,1f],start_interpolation: 0,interpolation_duration: 1}
$data merge entity $(bone_wing_1) {transformation: [-0.7379f,-0.615f,-0.2782f,0.0253f,-0.6009f,0.7862f,-0.1442f,-0.1237f,0.3074f,0.0607f,-0.9496f,0.0008f,0f,0f,0f,1f],start_interpolation: 0,interpolation_duration: 1}
$data merge entity $(bone_wing_2) {transformation: [-0.6964f,0.6634f,0.2736f,-0.0247f,0.6466f,0.7455f,-0.1618f,-0.1221f,-0.3113f,0.0643f,-0.9481f,0.0007f,0f,0f,0f,1f],start_interpolation: 0,interpolation_duration: 1}