# This file was generated by Animated Java via MC-Build. It is not recommended to edit this file directly.
$data merge entity $(bone_body) {transformation: [-0.9895f,0.1438f,0.0146f,0f,0.144f,0.9895f,0.0138f,-0.1083f,-0.0125f,0.0157f,-0.9998f,0f,0f,0f,0f,1f],start_interpolation: 0,interpolation_duration: 1}
$data merge entity $(bone_wing_1) {transformation: [-0.9975f,-0.0151f,-0.0687f,0.0261f,-0.016f,0.9998f,0.0125f,-0.1026f,0.0685f,0.0135f,-0.9976f,0.0005f,0f,0f,0f,1f],start_interpolation: 0,interpolation_duration: 1}
$data merge entity $(bone_wing_2) {transformation: [-0.9496f,0.2992f,0.094f,-0.0234f,0.2995f,0.954f,-0.0112f,-0.0954f,-0.0931f,0.0175f,-0.9955f,-0.0002f,0f,0f,0f,1f],start_interpolation: 0,interpolation_duration: 1}