# This file was generated by Animated Java via MC-Build. It is not recommended to edit this file directly.
$data merge entity $(bone_body) {transformation: [-0.9773f,0.2115f,0.0096f,0f,0.2109f,0.9766f,-0.0428f,-0.0881f,-0.0184f,-0.0398f,-0.999f,0f,0f,0f,0f,1f],start_interpolation: 0,interpolation_duration: 2}
$data merge entity $(bone_wing_1) {transformation: [-0.8626f,0.4843f,0.146f,0.0264f,0.4709f,0.8743f,-0.1178f,-0.0842f,-0.1847f,-0.0328f,-0.9822f,0.0001f,0f,0f,0f,1f],start_interpolation: 0,interpolation_duration: 2}
$data merge entity $(bone_wing_2) {transformation: [-0.9861f,-0.0793f,-0.1462f,-0.0225f,-0.072f,0.9959f,-0.0547f,-0.0737f,0.1499f,-0.0434f,-0.9877f,-0.0008f,0f,0f,0f,1f],start_interpolation: 0,interpolation_duration: 2}