# This file was generated by Animated Java via MC-Build. It is not recommended to edit this file directly.
$data merge entity $(bone_body) {transformation: [-0.9659f,0.2588f,0f,0f,0.2578f,0.9623f,-0.0872f,-0.0719f,-0.0226f,-0.0842f,-0.9962f,0f,0f,0f,0f,1f],start_interpolation: 0,interpolation_duration: 1}
$data merge entity $(bone_wing_1) {transformation: [-0.572f,0.7934f,0.2082f,0.0266f,0.7129f,0.6064f,-0.3522f,-0.0693f,-0.4057f,-0.0531f,-0.9125f,-0.0002f,0f,0f,0f,1f],start_interpolation: 0,interpolation_duration: 1}
$data merge entity $(bone_wing_2) {transformation: [-0.8682f,-0.3827f,-0.316f,-0.0217f,-0.3284f,0.9204f,-0.2123f,-0.0564f,0.3721f,-0.0805f,-0.9247f,-0.0014f,0f,0f,0f,1f],start_interpolation: 0,interpolation_duration: 1}