# This file was generated by Animated Java via MC-Build. It is not recommended to edit this file directly.
$data merge entity $(bone_body) {transformation: [-0.9675f,0.2529f,0.0015f,0f,0.252f,0.9643f,-0.0813f,-0.074f,-0.022f,-0.0783f,-0.9967f,0f,0f,0f,0f,1f],start_interpolation: 0,interpolation_duration: 1}
$data merge entity $(bone_wing_1) {transformation: [-0.6164f,0.7593f,0.2084f,0.0266f,0.6916f,0.6486f,-0.3178f,-0.0713f,-0.3764f,-0.0518f,-0.925f,-0.0002f,0f,0f,0f,1f],start_interpolation: 0,interpolation_duration: 1}
$data merge entity $(bone_wing_2) {transformation: [-0.8908f,-0.3438f,-0.2972f,-0.0218f,-0.2991f,0.9359f,-0.1861f,-0.0587f,0.3421f,-0.0769f,-0.9365f,-0.0013f,0f,0f,0f,1f],start_interpolation: 0,interpolation_duration: 1}