# This file was generated by Animated Java via MC-Build. It is not recommended to edit this file directly.
$data merge entity $(bone_body) {transformation: [-0.9943f,-0.1056f,-0.0137f,0f,-0.1061f,0.9935f,0.0416f,-0.1182f,0.0092f,0.0428f,-0.999f,0f,0f,0f,0f,1f],start_interpolation: 0,interpolation_duration: 1}
$data merge entity $(bone_wing_1) {transformation: [-0.8639f,-0.4667f,-0.1894f,0.0239f,-0.4657f,0.8834f,-0.0522f,-0.1062f,0.1917f,0.0431f,-0.9805f,0.0002f,0f,0f,0f,1f],start_interpolation: 0,interpolation_duration: 1}
$data merge entity $(bone_wing_2) {transformation: [-0.9461f,0.2705f,0.1782f,-0.0258f,0.2727f,0.962f,-0.013f,-0.1115f,-0.175f,0.0363f,-0.9839f,0.0006f,0f,0f,0f,1f],start_interpolation: 0,interpolation_duration: 1}