# This file was generated by Animated Java via MC-Build. It is not recommended to edit this file directly.
$data merge entity $(bone_body) {transformation: [-0.9977f,0.0674f,0.0103f,0f,0.0679f,0.9956f,0.065f,-0.1265f,-0.0059f,0.0656f,-0.9978f,0f,0f,0f,0f,1f],start_interpolation: 0,interpolation_duration: 2}
$data merge entity $(bone_wing_1) {transformation: [-0.8425f,-0.4777f,-0.249f,0.0256f,-0.4742f,0.877f,-0.0782f,-0.1189f,0.2557f,0.0522f,-0.9653f,0.0008f,0f,0f,0f,1f],start_interpolation: 0,interpolation_duration: 2}
$data merge entity $(bone_wing_2) {transformation: [-0.7674f,0.5915f,0.2474f,-0.0243f,0.5838f,0.8041f,-0.112f,-0.1155f,-0.2652f,0.0585f,-0.9624f,0.0005f,0f,0f,0f,1f],start_interpolation: 0,interpolation_duration: 2}