# This file was generated by Animated Java via MC-Build. It is not recommended to edit this file directly.
$data merge entity $(bone_body) {transformation: [-1f,0f,0f,0f,0f,0.9962f,0.0872f,-0.1344f,0f,0.0872f,-0.9962f,0f,0f,0f,0f,1f],start_interpolation: 0,interpolation_duration: 2}
$data merge entity $(bone_wing_1) {transformation: [-0.6812f,-0.6756f,-0.2821f,0.025f,-0.6551f,0.7345f,-0.177f,-0.125f,0.3268f,0.0643f,-0.9429f,0.0008f,0f,0f,0f,1f],start_interpolation: 0,interpolation_duration: 2}
$data merge entity $(bone_wing_2) {transformation: [-0.6812f,0.6756f,0.2821f,-0.025f,0.6551f,0.7345f,-0.177f,-0.125f,-0.3268f,0.0643f,-0.9429f,0.0008f,0f,0f,0f,1f],start_interpolation: 0,interpolation_duration: 2}