# This file was generated by Animated Java via MC-Build. It is not recommended to edit this file directly.
$data merge entity $(bone_body) {transformation: [-0.9836f,-0.1799f,-0.0131f,0f,-0.1797f,0.9836f,-0.0154f,-0.0979f,0.0156f,-0.0128f,-0.9998f,0f,0f,0f,0f,1f],start_interpolation: 0,interpolation_duration: 1}
$data merge entity $(bone_wing_1) {transformation: [-0.9938f,-0.1084f,0.0264f,0.0229f,-0.1088f,0.994f,-0.011f,-0.0842f,-0.0251f,-0.0139f,-0.9996f,-0.0005f,0f,0f,0f,1f],start_interpolation: 0,interpolation_duration: 1}
$data merge entity $(bone_wing_2) {transformation: [-0.9668f,-0.2504f,-0.0515f,-0.0263f,-0.2494f,0.9681f,-0.0253f,-0.0932f,0.0562f,-0.0116f,-0.9984f,0.0003f,0f,0f,0f,1f],start_interpolation: 0,interpolation_duration: 1}