# This file was generated by Animated Java via MC-Build. It is not recommended to edit this file directly.
$data merge entity $(bone_head) {transformation: [-1f,0f,0f,0f,0f,0.7547f,-0.6561f,-0.0812f,0f,-0.6561f,-0.7547f,-0.0312f,0f,0f,0f,1f],start_interpolation: 0,interpolation_duration: 2}
$data merge entity $(bone_front_right_foot) {transformation: [-0.7071f,0f,-0.7071f,-0.0812f,0f,1f,0f,-0.0625f,0.7071f,0f,-0.7071f,-0.1125f,0f,0f,0f,1f],start_interpolation: 0,interpolation_duration: 2}
$data merge entity $(bone_front_left_foot) {transformation: [-0.8192f,0f,0.5736f,0.0563f,0f,1f,0f,-0.0625f,-0.5736f,0f,-0.8192f,-0.1125f,0f,0f,0f,1f],start_interpolation: 0,interpolation_duration: 2}
$data merge entity $(item_display_item_display) {transformation: [-0.1314f,-0.0711f,0.0137f,0.0125f,-0.069f,0.1316f,0.0207f,-0.0562f,-0.0218f,0.0118f,-0.1479f,0.0625f,0f,0f,0f,1f],start_interpolation: 0,interpolation_duration: 2}