# This file was generated by Animated Java via MC-Build. It is not recommended to edit this file directly.
$data merge entity $(bone_body) {transformation: [-1f,0f,0f,0f,0f,0.9272f,-0.3746f,-0.15f,0f,-0.3746f,-0.9272f,0.005f,0f,0f,0f,1f],start_interpolation: 0,interpolation_duration: 1}
$data merge entity $(bone_head) {transformation: [-1f,0f,0f,0f,0f,0.9593f,-0.2823f,-0.145f,0f,-0.2823f,-0.9593f,-0.0125f,0f,0f,0f,1f],start_interpolation: 0,interpolation_duration: 1}
$data merge entity $(bone_1) {transformation: [-1f,0f,0f,0f,0f,0.9976f,-0.0698f,-0.195f,0f,-0.0698f,-0.9976f,0.0025f,0f,0f,0f,1f],start_interpolation: 0,interpolation_duration: 1}
$data merge entity $(bone_2) {transformation: [-1f,0f,0f,0f,0f,0.9965f,0.0837f,-0.2225f,0f,0.0837f,-0.9965f,-0.01f,0f,0f,0f,1f],start_interpolation: 0,interpolation_duration: 1}
$data merge entity $(bone_3) {transformation: [-1f,0f,0f,0f,0f,0.9668f,0.2554f,-0.2625f,0f,0.2554f,-0.9668f,-0.0306f,0f,0f,0f,1f],start_interpolation: 0,interpolation_duration: 1}
$data merge entity $(bone_4) {transformation: [-1f,0f,0f,0f,0f,0.9135f,0.4067f,-0.3031f,0f,0.4067f,-0.9135f,-0.0612f,0f,0f,0f,1f],start_interpolation: 0,interpolation_duration: 1}
$data merge entity $(bone_front_right_foot) {transformation: [-0.9511f,0f,-0.309f,-0.0325f,0f,1f,0f,-0.1375f,0.309f,0f,-0.9511f,-0.045f,0f,0f,0f,1f],start_interpolation: 0,interpolation_duration: 1}
$data merge entity $(bone_front_left_foot) {transformation: [-0.9703f,0f,0.2419f,0.0225f,0f,1f,0f,-0.1375f,-0.2419f,0f,-0.9703f,-0.045f,0f,0f,0f,1f],start_interpolation: 0,interpolation_duration: 1}
$data merge entity $(item_display_item_display) {transformation: [-0.0588f,-0.0118f,0.0022f,0.005f,-0.0117f,0.0588f,0.0033f,-0.0975f,-0.0028f,0.0028f,-0.0599f,0.0625f,0f,0f,0f,1f],start_interpolation: 0,interpolation_duration: 1}