# This file was generated by Animated Java via MC-Build. It is not recommended to edit this file directly.
$data merge entity $(bone_head) {transformation: [-0.9999f,0.0109f,-0.0007f,0f,0.0088f,0.7688f,-0.6394f,-0.0812f,-0.0064f,-0.6393f,-0.7689f,-0.0312f,0f,0f,0f,1f],start_interpolation: 0,interpolation_duration: 2}
$data merge entity $(bone_front_right_foot) {transformation: [-0.7071f,-0.0231f,-0.7067f,-0.0812f,0f,0.9995f,-0.0327f,-0.0625f,0.7071f,-0.0231f,-0.7067f,-0.1125f,0f,0f,0f,1f],start_interpolation: 0,interpolation_duration: 2}
$data merge entity $(bone_front_left_foot) {transformation: [-0.8192f,0.0188f,0.5733f,0.0563f,0f,0.9995f,-0.0327f,-0.0625f,-0.5736f,-0.0268f,-0.8187f,-0.1125f,0f,0f,0f,1f],start_interpolation: 0,interpolation_duration: 2}
$data merge entity $(item_display_item_display) {transformation: [-0.1314f,-0.0705f,0.016f,0.0125f,-0.0689f,0.1322f,0.0164f,-0.0516f,-0.0217f,0.007f,-0.1482f,0.0625f,0f,0f,0f,1f],start_interpolation: 0,interpolation_duration: 2}