# This file was generated by Animated Java via MC-Build. It is not recommended to edit this file directly.
$data merge entity $(bone_head) {transformation: [-0.9998f,0.0218f,-0.001f,0f,0.0177f,0.7825f,-0.6224f,-0.0812f,-0.0128f,-0.6223f,-0.7827f,-0.0312f,0f,0f,0f,1f],start_interpolation: 0,interpolation_duration: 2}
$data merge entity $(bone_front_right_foot) {transformation: [-0.7071f,-0.0462f,-0.7056f,-0.0812f,0f,0.9979f,-0.0654f,-0.0625f,0.7071f,-0.0462f,-0.7056f,-0.1125f,0f,0f,0f,1f],start_interpolation: 0,interpolation_duration: 2}
$data merge entity $(bone_front_left_foot) {transformation: [-0.8192f,0.0375f,0.5723f,0.0563f,0f,0.9979f,-0.0654f,-0.0625f,-0.5736f,-0.0536f,-0.8174f,-0.1125f,0f,0f,0f,1f],start_interpolation: 0,interpolation_duration: 2}
$data merge entity $(item_display_item_display) {transformation: [-0.1315f,-0.0699f,0.0182f,0.0125f,-0.0689f,0.1327f,0.012f,-0.0469f,-0.0217f,0.0021f,-0.1484f,0.0625f,0f,0f,0f,1f],start_interpolation: 0,interpolation_duration: 2}