# This file was generated by Animated Java via MC-Build. It is not recommended to edit this file directly.
$data merge entity $(bone_head) {transformation: [-0.9995f,0.0327f,-0.0007f,0f,0.0265f,0.7956f,-0.6052f,-0.0812f,-0.0192f,-0.6049f,-0.7961f,-0.0312f,0f,0f,0f,1f],start_interpolation: 0,interpolation_duration: 1}
$data merge entity $(bone_front_right_foot) {transformation: [-0.7071f,-0.0693f,-0.7037f,-0.0812f,0f,0.9952f,-0.098f,-0.0625f,0.7071f,-0.0693f,-0.7037f,-0.1125f,0f,0f,0f,1f],start_interpolation: 0,interpolation_duration: 1}
$data merge entity $(bone_front_left_foot) {transformation: [-0.8192f,0.0562f,0.5708f,0.0563f,0f,0.9952f,-0.098f,-0.0625f,-0.5736f,-0.0803f,-0.8152f,-0.1125f,0f,0f,0f,1f],start_interpolation: 0,interpolation_duration: 1}
$data merge entity $(item_display_item_display) {transformation: [-0.1314f,-0.0693f,0.0205f,0.0125f,-0.0689f,0.133f,0.0077f,-0.0422f,-0.0218f,-0.0027f,-0.1484f,0.0625f,0f,0f,0f,1f],start_interpolation: 0,interpolation_duration: 1}