# This file was generated by Animated Java via MC-Build. It is not recommended to edit this file directly.
$data merge entity $(bone_head) {transformation: [-0.999f,0.0436f,0f,0f,0.0353f,0.8082f,-0.5878f,-0.0812f,-0.0256f,-0.5872f,-0.809f,-0.0312f,0f,0f,0f,1f],start_interpolation: 0,interpolation_duration: 2}
$data merge entity $(bone_front_right_foot) {transformation: [-0.7071f,-0.0923f,-0.7011f,-0.0812f,0f,0.9914f,-0.1305f,-0.0625f,0.7071f,-0.0923f,-0.7011f,-0.1125f,0f,0f,0f,1f],start_interpolation: 0,interpolation_duration: 2}
$data merge entity $(bone_front_left_foot) {transformation: [-0.8192f,0.0749f,0.5687f,0.0563f,0f,0.9914f,-0.1305f,-0.0625f,-0.5736f,-0.1069f,-0.8121f,-0.1125f,0f,0f,0f,1f],start_interpolation: 0,interpolation_duration: 2}
$data merge entity $(item_display_item_display) {transformation: [-0.1314f,-0.0687f,0.0228f,0.0125f,-0.069f,0.1331f,0.0033f,-0.0375f,-0.0218f,-0.0076f,-0.1482f,0.0625f,0f,0f,0f,1f],start_interpolation: 0,interpolation_duration: 2}