# This file was generated by Animated Java via MC-Build. It is not recommended to edit this file directly.
$data merge entity $(bone_body) {transformation: [-1f,0f,0f,0f,0f,0.5736f,-0.8192f,-0.0937f,0f,-0.8192f,-0.5736f,0.0125f,0f,0f,0f,1f],start_interpolation: 0,interpolation_duration: 1}
$data merge entity $(bone_head) {transformation: [-1f,0f,0f,0f,0f,0.7547f,-0.6561f,-0.0812f,0f,-0.6561f,-0.7547f,-0.0312f,0f,0f,0f,1f],start_interpolation: 0,interpolation_duration: 1}
$data merge entity $(bone_1) {transformation: [-1f,0f,0f,0f,0f,0.9848f,-0.1736f,-0.2062f,0f,-0.1736f,-0.9848f,0.0063f,0f,0f,0f,1f],start_interpolation: 0,interpolation_duration: 1}
$data merge entity $(bone_2) {transformation: [-1f,0f,0f,0f,0f,0.9781f,0.2079f,-0.275f,0f,0.2079f,-0.9781f,-0.025f,0f,0f,0f,1f],start_interpolation: 0,interpolation_duration: 1}
$data merge entity $(bone_3) {transformation: [-1f,0f,0f,0f,0f,0.7986f,0.6018f,-0.3594f,0f,0.6018f,-0.7986f,-0.1031f,0f,0f,0f,1f],start_interpolation: 0,interpolation_duration: 1}
$data merge entity $(bone_4) {transformation: [-1f,0f,0f,0f,0f,0.5f,0.866f,-0.4187f,0f,0.866f,-0.5f,-0.2187f,0f,0f,0f,1f],start_interpolation: 0,interpolation_duration: 1}
$data merge entity $(bone_front_right_foot) {transformation: [-0.7071f,0f,-0.7071f,-0.0812f,0f,1f,0f,-0.0625f,0.7071f,0f,-0.7071f,-0.1125f,0f,0f,0f,1f],start_interpolation: 0,interpolation_duration: 1}
$data merge entity $(bone_front_left_foot) {transformation: [-0.8192f,0f,0.5736f,0.0563f,0f,1f,0f,-0.0625f,-0.5736f,0f,-0.8192f,-0.1125f,0f,0f,0f,1f],start_interpolation: 0,interpolation_duration: 1}
$data merge entity $(item_display_item_display) {transformation: [-0.1314f,-0.0711f,0.0137f,0.0125f,-0.069f,0.1316f,0.0207f,-0.0562f,-0.0218f,0.0118f,-0.1479f,0.0625f,0f,0f,0f,1f],start_interpolation: 0,interpolation_duration: 1}