# This file was generated by Animated Java via MC-Build. It is not recommended to edit this file directly.
$data merge entity $(bone_head) {transformation: [-0.9996f,-0.0291f,0.0008f,0f,-0.0235f,0.7913f,-0.611f,-0.0812f,0.0171f,-0.6107f,-0.7916f,-0.0312f,0f,0f,0f,1f],start_interpolation: 0,interpolation_duration: 1}
$data merge entity $(bone_front_right_foot) {transformation: [-0.7071f,-0.0616f,-0.7044f,-0.0812f,0f,0.9962f,-0.0872f,-0.0625f,0.7071f,-0.0616f,-0.7044f,-0.1125f,0f,0f,0f,1f],start_interpolation: 0,interpolation_duration: 1}
$data merge entity $(bone_front_left_foot) {transformation: [-0.8192f,0.05f,0.5714f,0.0563f,0f,0.9962f,-0.0872f,-0.0625f,-0.5736f,-0.0714f,-0.816f,-0.1125f,0f,0f,0f,1f],start_interpolation: 0,interpolation_duration: 1}
$data merge entity $(item_display_item_display) {transformation: [-0.1314f,-0.0695f,0.0198f,0.0125f,-0.0689f,0.1329f,0.0091f,-0.0438f,-0.0217f,-0.0011f,-0.1484f,0.0625f,0f,0f,0f,1f],start_interpolation: 0,interpolation_duration: 1}