# This file was generated by Animated Java via MC-Build. It is not recommended to edit this file directly.
$data merge entity $(bone_head) {transformation: [-0.9999f,-0.0145f,0.0008f,0f,-0.0118f,0.7734f,-0.6337f,-0.0812f,0.0085f,-0.6337f,-0.7735f,-0.0312f,0f,0f,0f,1f],start_interpolation: 0,interpolation_duration: 2}
$data merge entity $(bone_front_right_foot) {transformation: [-0.7071f,-0.0308f,-0.7064f,-0.0812f,0f,0.999f,-0.0436f,-0.0625f,0.7071f,-0.0308f,-0.7064f,-0.1125f,0f,0f,0f,1f],start_interpolation: 0,interpolation_duration: 2}
$data merge entity $(bone_front_left_foot) {transformation: [-0.8192f,0.025f,0.573f,0.0563f,0f,0.999f,-0.0436f,-0.0625f,-0.5736f,-0.0357f,-0.8184f,-0.1125f,0f,0f,0f,1f],start_interpolation: 0,interpolation_duration: 2}
$data merge entity $(item_display_item_display) {transformation: [-0.1314f,-0.0703f,0.0167f,0.0125f,-0.0689f,0.1324f,0.0149f,-0.05f,-0.0217f,0.0054f,-0.1483f,0.0625f,0f,0f,0f,1f],start_interpolation: 0,interpolation_duration: 2}