# This file was generated by Animated Java via MC-Build. It is not recommended to edit this file directly.
$data merge entity $(bone_body) {transformation: [-1f,0f,0f,0f,0f,0.7193f,-0.6947f,-0.1125f,0f,-0.6947f,-0.7193f,0.01f,0f,0f,0f,1f],start_interpolation: 0,interpolation_duration: 2}
$data merge entity $(bone_head) {transformation: [-1f,0f,0f,0f,0f,0.8406f,-0.5417f,-0.1025f,0f,-0.5417f,-0.8406f,-0.025f,0f,0f,0f,1f],start_interpolation: 0,interpolation_duration: 2}
$data merge entity $(bone_1) {transformation: [-1f,0f,0f,0f,0f,0.9903f,-0.1392f,-0.2025f,0f,-0.1392f,-0.9903f,0.005f,0f,0f,0f,1f],start_interpolation: 0,interpolation_duration: 2}
$data merge entity $(bone_2) {transformation: [-1f,0f,0f,0f,0f,0.986f,0.1668f,-0.2575f,0f,0.1668f,-0.986f,-0.02f,0f,0f,0f,1f],start_interpolation: 0,interpolation_duration: 2}
$data merge entity $(bone_3) {transformation: [-1f,0f,0f,0f,0f,0.8695f,0.4939f,-0.3312f,0f,0.4939f,-0.8695f,-0.0762f,0f,0f,0f,1f],start_interpolation: 0,interpolation_duration: 2}
$data merge entity $(bone_4) {transformation: [-1f,0f,0f,0f,0f,0.6691f,0.7431f,-0.3912f,0f,0.7431f,-0.6691f,-0.1625f,0f,0f,0f,1f],start_interpolation: 0,interpolation_duration: 2}
$data merge entity $(bone_front_right_foot) {transformation: [-0.809f,0f,-0.5878f,-0.065f,0f,1f,0f,-0.0875f,0.5878f,0f,-0.809f,-0.09f,0f,0f,0f,1f],start_interpolation: 0,interpolation_duration: 2}
$data merge entity $(bone_front_left_foot) {transformation: [-0.8829f,0f,0.4695f,0.045f,0f,1f,0f,-0.0875f,-0.4695f,0f,-0.8829f,-0.09f,0f,0f,0f,1f],start_interpolation: 0,interpolation_duration: 2}
$data merge entity $(item_display_item_display) {transformation: [-0.1104f,-0.0462f,0.0087f,0.01f,-0.0452f,0.1104f,0.0133f,-0.07f,-0.0132f,0.0089f,-0.1189f,0.0625f,0f,0f,0f,1f],start_interpolation: 0,interpolation_duration: 2}