# This file was generated by Animated Java via MC-Build. It is not recommended to edit this file directly.
$data merge entity $(bone_body) {transformation: [-1f,0f,0f,0f,0f,0.8387f,-0.5446f,-0.1313f,0f,-0.5446f,-0.8387f,0.0075f,0f,0f,0f,1f],start_interpolation: 0,interpolation_duration: 2}
$data merge entity $(bone_head) {transformation: [-1f,0f,0f,0f,0f,0.9092f,-0.4163f,-0.1238f,0f,-0.4163f,-0.9092f,-0.0187f,0f,0f,0f,1f],start_interpolation: 0,interpolation_duration: 2}
$data merge entity $(bone_1) {transformation: [-1f,0f,0f,0f,0f,0.9945f,-0.1045f,-0.1987f,0f,-0.1045f,-0.9945f,0.0037f,0f,0f,0f,1f],start_interpolation: 0,interpolation_duration: 2}
$data merge entity $(bone_2) {transformation: [-1f,0f,0f,0f,0f,0.9921f,0.1253f,-0.24f,0f,0.1253f,-0.9921f,-0.015f,0f,0f,0f,1f],start_interpolation: 0,interpolation_duration: 2}
$data merge entity $(bone_3) {transformation: [-1f,0f,0f,0f,0f,0.9259f,0.3778f,-0.2956f,0f,0.3778f,-0.9259f,-0.0512f,0f,0f,0f,1f],start_interpolation: 0,interpolation_duration: 2}
$data merge entity $(bone_4) {transformation: [-1f,0f,0f,0f,0f,0.809f,0.5878f,-0.3531f,0f,0.5878f,-0.809f,-0.1031f,0f,0f,0f,1f],start_interpolation: 0,interpolation_duration: 2}
$data merge entity $(bone_front_right_foot) {transformation: [-0.891f,0f,-0.454f,-0.0487f,0f,1f,0f,-0.1125f,0.454f,0f,-0.891f,-0.0675f,0f,0f,0f,1f],start_interpolation: 0,interpolation_duration: 2}
$data merge entity $(bone_front_left_foot) {transformation: [-0.9336f,0f,0.3584f,0.0337f,0f,1f,0f,-0.1125f,-0.3584f,0f,-0.9336f,-0.0675f,0f,0f,0f,1f],start_interpolation: 0,interpolation_duration: 2}
$data merge entity $(item_display_item_display) {transformation: [-0.0859f,-0.0263f,0.0049f,0.0075f,-0.0259f,0.0859f,0.0075f,-0.0838f,-0.0069f,0.0057f,-0.0896f,0.0625f,0f,0f,0f,1f],start_interpolation: 0,interpolation_duration: 2}