# This file was generated by Animated Java via MC-Build. It is not recommended to edit this file directly.
$data merge entity $(bone_body) {transformation: [-1.0073f,0f,0f,0f,0f,1.0073f,0f,-0.1875f,0f,0f,-1.0073f,0f,0f,0f,0f,1f],start_interpolation: 0,interpolation_duration: 2}
$data merge entity $(bone_head) {transformation: [-0.9997f,0.0028f,0.0253f,0f,0.0022f,0.9997f,-0.0252f,-0.1875f,-0.0254f,-0.0251f,-0.9994f,0f,0f,0f,0f,1f],start_interpolation: 0,interpolation_duration: 2}
$data merge entity $(bone_1) {transformation: [-0.975f,0f,-0.2221f,0.028f,0f,1f,0f,-0.1875f,0.2221f,0f,-0.975f,0.0028f,0f,0f,0f,1f],start_interpolation: 0,interpolation_duration: 2}
$data merge entity $(bone_2) {transformation: [-0.9999f,0f,0.0128f,-0.0175f,0f,1f,0f,-0.1875f,-0.0128f,0f,-0.9999f,0.0086f,0f,0f,0f,1f],start_interpolation: 0,interpolation_duration: 2}
$data merge entity $(bone_3) {transformation: [-0.9387f,0f,-0.3448f,0.074f,0f,1f,0f,-0.1875f,0.3448f,0f,-0.9387f,0.0015f,0f,0f,0f,1f],start_interpolation: 0,interpolation_duration: 2}
$data merge entity $(bone_4) {transformation: [-0.998f,0f,-0.064f,-0.0112f,0f,1f,0f,-0.1875f,0.064f,0f,-0.998f,0.0217f,0f,0f,0f,1f],start_interpolation: 0,interpolation_duration: 2}