# This file was generated by Animated Java via MC-Build. It is not recommended to edit this file directly.
$data merge entity $(bone_body) {transformation: [-1.008f,0f,0f,0f,0f,1.008f,0f,-0.1875f,0f,0f,-1.008f,0f,0f,0f,0f,1f],start_interpolation: 0,interpolation_duration: 1}
$data merge entity $(bone_head) {transformation: [-0.9996f,0.0032f,0.0276f,0f,0.0024f,0.9996f,-0.0275f,-0.1875f,-0.0277f,-0.0274f,-0.9992f,0f,0f,0f,0f,1f],start_interpolation: 0,interpolation_duration: 1}
$data merge entity $(bone_1) {transformation: [-0.9703f,0f,-0.2419f,0.0305f,0f,1f,0f,-0.1875f,0.2419f,0f,-0.9703f,0.0029f,0f,0f,0f,1f],start_interpolation: 0,interpolation_duration: 1}
$data merge entity $(bone_2) {transformation: [-0.9999f,0f,0.014f,-0.019f,0f,1f,0f,-0.1875f,-0.014f,0f,-0.9999f,0.0098f,0f,0f,0f,1f],start_interpolation: 0,interpolation_duration: 1}
$data merge entity $(bone_3) {transformation: [-0.9272f,0f,-0.3746f,0.0808f,0f,1f,0f,-0.1875f,0.3746f,0f,-0.9272f,0.0009f,0f,0f,0f,1f],start_interpolation: 0,interpolation_duration: 1}
$data merge entity $(bone_4) {transformation: [-0.9976f,0f,-0.0698f,-0.0119f,0f,1f,0f,-0.1875f,0.0698f,0f,-0.9976f,0.024f,0f,0f,0f,1f],start_interpolation: 0,interpolation_duration: 1}