# This file was generated by Animated Java via MC-Build. It is not recommended to edit this file directly.
$data merge entity $(bone_body) {transformation: [-1.0087f,0f,0f,0f,0f,1.0087f,0f,-0.1875f,0f,0f,-1.0087f,0f,0f,0f,0f,1f],start_interpolation: 0,interpolation_duration: 1}
$data merge entity $(bone_head) {transformation: [-0.9995f,0.0035f,0.0299f,0f,0.0026f,0.9996f,-0.0298f,-0.1875f,-0.03f,-0.0297f,-0.9991f,0f,0f,0f,0f,1f],start_interpolation: 0,interpolation_duration: 1}
$data merge entity $(bone_1) {transformation: [-0.9652f,0f,-0.2616f,0.0331f,0f,1f,0f,-0.1875f,0.2616f,0f,-0.9652f,0.0029f,0f,0f,0f,1f],start_interpolation: 0,interpolation_duration: 1}
$data merge entity $(bone_2) {transformation: [-0.9999f,0f,0.0151f,-0.0204f,0f,1f,0f,-0.1875f,-0.0151f,0f,-0.9999f,0.0111f,0f,0f,0f,1f],start_interpolation: 0,interpolation_duration: 1}
$data merge entity $(bone_3) {transformation: [-0.9147f,0f,-0.4041f,0.0875f,0f,1f,0f,-0.1875f,0.4041f,0f,-0.9147f,0.0001f,0f,0f,0f,1f],start_interpolation: 0,interpolation_duration: 1}
$data merge entity $(bone_4) {transformation: [-0.9971f,0f,-0.0756f,-0.0126f,0f,1f,0f,-0.1875f,0.0756f,0f,-0.9971f,0.0263f,0f,0f,0f,1f],start_interpolation: 0,interpolation_duration: 1}