# This file was generated by Animated Java via MC-Build. It is not recommended to edit this file directly.
$data merge entity $(bone_body) {transformation: [-1.0093f,0f,0f,0f,0f,1.0093f,0f,-0.1875f,0f,0f,-1.0093f,0f,0f,0f,0f,1f],start_interpolation: 0,interpolation_duration: 1}
$data merge entity $(bone_head) {transformation: [-0.9995f,0.0038f,0.0322f,0f,0.0028f,0.9995f,-0.0321f,-0.1875f,-0.0323f,-0.0319f,-0.999f,0f,0f,0f,0f,1f],start_interpolation: 0,interpolation_duration: 1}
$data merge entity $(bone_1) {transformation: [-0.9596f,0f,-0.2812f,0.0357f,0f,1f,0f,-0.1875f,0.2812f,0f,-0.9596f,0.0029f,0f,0f,0f,1f],start_interpolation: 0,interpolation_duration: 1}
$data merge entity $(bone_2) {transformation: [-0.9999f,0f,0.0163f,-0.0218f,0f,1f,0f,-0.1875f,-0.0163f,0f,-0.9999f,0.0124f,0f,0f,0f,1f],start_interpolation: 0,interpolation_duration: 1}
$data merge entity $(bone_3) {transformation: [-0.9013f,0f,-0.4331f,0.0942f,0f,1f,0f,-0.1875f,0.4331f,0f,-0.9013f,-0.0008f,0f,0f,0f,1f],start_interpolation: 0,interpolation_duration: 1}
$data merge entity $(bone_4) {transformation: [-0.9967f,0f,-0.0814f,-0.0133f,0f,1f,0f,-0.1875f,0.0814f,0f,-0.9967f,0.0287f,0f,0f,0f,1f],start_interpolation: 0,interpolation_duration: 1}