# This file was generated by Animated Java via MC-Build. It is not recommended to edit this file directly.
$data merge entity $(bone_body) {transformation: [-1.01f,0f,0f,0f,0f,1.01f,0f,-0.1875f,0f,0f,-1.01f,0f,0f,0f,0f,1f],start_interpolation: 0,interpolation_duration: 2}
$data merge entity $(bone_head) {transformation: [-0.9994f,0.0042f,0.0344f,0f,0.003f,0.9994f,-0.0343f,-0.1875f,-0.0346f,-0.0342f,-0.9988f,0f,0f,0f,0f,1f],start_interpolation: 0,interpolation_duration: 2}
$data merge entity $(bone_1) {transformation: [-0.9537f,0f,-0.3007f,0.0383f,0f,1f,0f,-0.1875f,0.3007f,0f,-0.9537f,0.0029f,0f,0f,0f,1f],start_interpolation: 0,interpolation_duration: 2}
$data merge entity $(bone_2) {transformation: [-0.9998f,0f,0.0175f,-0.0233f,0f,1f,0f,-0.1875f,-0.0175f,0f,-0.9998f,0.0138f,0f,0f,0f,1f],start_interpolation: 0,interpolation_duration: 2}
$data merge entity $(bone_3) {transformation: [-0.887f,0f,-0.4617f,0.1009f,0f,1f,0f,-0.1875f,0.4617f,0f,-0.887f,-0.0018f,0f,0f,0f,1f],start_interpolation: 0,interpolation_duration: 2}
$data merge entity $(bone_4) {transformation: [-0.9962f,0f,-0.0872f,-0.0138f,0f,1f,0f,-0.1875f,0.0872f,0f,-0.9962f,0.0311f,0f,0f,0f,1f],start_interpolation: 0,interpolation_duration: 2}