# This file was generated by Animated Java via MC-Build. It is not recommended to edit this file directly.
$data merge entity $(bone_body) {transformation: [-1.0093f,0f,0f,0f,0f,1.0093f,0f,-0.1875f,0f,0f,-1.0093f,0f,0f,0f,0f,1f],start_interpolation: 0,interpolation_duration: 2}
$data merge entity $(bone_head) {transformation: [-0.9993f,0.0045f,0.0367f,0f,0.0032f,0.9993f,-0.0366f,-0.1875f,-0.0369f,-0.0365f,-0.9987f,0f,0f,0f,0f,1f],start_interpolation: 0,interpolation_duration: 2}
$data merge entity $(bone_1) {transformation: [-0.9596f,0f,-0.2812f,0.0357f,0f,1f,0f,-0.1875f,0.2812f,0f,-0.9596f,0.0029f,0f,0f,0f,1f],start_interpolation: 0,interpolation_duration: 2}
$data merge entity $(bone_2) {transformation: [-0.9999f,0f,0.0163f,-0.0218f,0f,1f,0f,-0.1875f,-0.0163f,0f,-0.9999f,0.0124f,0f,0f,0f,1f],start_interpolation: 0,interpolation_duration: 2}
$data merge entity $(bone_3) {transformation: [-0.9013f,0f,-0.4331f,0.0942f,0f,1f,0f,-0.1875f,0.4331f,0f,-0.9013f,-0.0008f,0f,0f,0f,1f],start_interpolation: 0,interpolation_duration: 2}
$data merge entity $(bone_4) {transformation: [-0.9967f,0f,-0.0814f,-0.0133f,0f,1f,0f,-0.1875f,0.0814f,0f,-0.9967f,0.0287f,0f,0f,0f,1f],start_interpolation: 0,interpolation_duration: 2}