# This file was generated by Animated Java via MC-Build. It is not recommended to edit this file directly.
$data merge entity $(bone_body) {transformation: [-1.008f,0f,0f,0f,0f,1.008f,0f,-0.1875f,0f,0f,-1.008f,0f,0f,0f,0f,1f],start_interpolation: 0,interpolation_duration: 2}
$data merge entity $(bone_head) {transformation: [-0.9991f,0.0053f,0.0413f,0f,0.0036f,0.9991f,-0.0412f,-0.1875f,-0.0415f,-0.0411f,-0.9983f,0f,0f,0f,0f,1f],start_interpolation: 0,interpolation_duration: 2}
$data merge entity $(bone_1) {transformation: [-0.9703f,0f,-0.2419f,0.0305f,0f,1f,0f,-0.1875f,0.2419f,0f,-0.9703f,0.0029f,0f,0f,0f,1f],start_interpolation: 0,interpolation_duration: 2}
$data merge entity $(bone_2) {transformation: [-0.9999f,0f,0.014f,-0.019f,0f,1f,0f,-0.1875f,-0.014f,0f,-0.9999f,0.0098f,0f,0f,0f,1f],start_interpolation: 0,interpolation_duration: 2}
$data merge entity $(bone_3) {transformation: [-0.9272f,0f,-0.3746f,0.0808f,0f,1f,0f,-0.1875f,0.3746f,0f,-0.9272f,0.0009f,0f,0f,0f,1f],start_interpolation: 0,interpolation_duration: 2}
$data merge entity $(bone_4) {transformation: [-0.9976f,0f,-0.0698f,-0.0119f,0f,1f,0f,-0.1875f,0.0698f,0f,-0.9976f,0.024f,0f,0f,0f,1f],start_interpolation: 0,interpolation_duration: 2}