# This file was generated by Animated Java via MC-Build. It is not recommended to edit this file directly.
$data merge entity $(bone_body) {transformation: [-1.0067f,0f,0f,0f,0f,1.0067f,0f,-0.1875f,0f,0f,-1.0067f,0f,0f,0f,0f,1f],start_interpolation: 0,interpolation_duration: 1}
$data merge entity $(bone_head) {transformation: [-0.9992f,0.005f,0.0396f,0f,0.0035f,0.9992f,-0.0396f,-0.1875f,-0.0398f,-0.0394f,-0.9984f,0f,0f,0f,0f,1f],start_interpolation: 0,interpolation_duration: 1}
$data merge entity $(bone_1) {transformation: [-0.9793f,0f,-0.2022f,0.0254f,0f,1f,0f,-0.1875f,0.2022f,0f,-0.9793f,0.0027f,0f,0f,0f,1f],start_interpolation: 0,interpolation_duration: 1}
$data merge entity $(bone_2) {transformation: [-0.9999f,0f,0.0116f,-0.016f,0f,1f,0f,-0.1875f,-0.0116f,0f,-0.9999f,0.0075f,0f,0f,0f,1f],start_interpolation: 0,interpolation_duration: 1}
$data merge entity $(bone_3) {transformation: [-0.9492f,0f,-0.3145f,0.0673f,0f,1f,0f,-0.1875f,0.3145f,0f,-0.9492f,0.002f,0f,0f,0f,1f],start_interpolation: 0,interpolation_duration: 1}
$data merge entity $(bone_4) {transformation: [-0.9983f,0f,-0.0581f,-0.0104f,0f,1f,0f,-0.1875f,0.0581f,0f,-0.9983f,0.0195f,0f,0f,0f,1f],start_interpolation: 0,interpolation_duration: 1}