# This file was generated by Animated Java via MC-Build. It is not recommended to edit this file directly.
$data merge entity $(bone_body) {transformation: [-1.0013f,0f,0f,0f,0f,1.0013f,0f,-0.1875f,0f,0f,-1.0013f,0f,0f,0f,0f,1f],start_interpolation: 0,interpolation_duration: 2}
$data merge entity $(bone_head) {transformation: [-1f,-0.0004f,-0.0049f,0f,-0.0004f,1f,-0.0048f,-0.1875f,0.0049f,-0.0048f,-1f,0f,0f,0f,0f,1f],start_interpolation: 0,interpolation_duration: 2}
$data merge entity $(bone_1) {transformation: [-0.9992f,0f,0.0407f,-0.005f,0f,1f,0f,-0.1875f,-0.0407f,0f,-0.9992f,0f,0f,0f,0f,1f],start_interpolation: 0,interpolation_duration: 2}
$data merge entity $(bone_2) {transformation: [-1f,0f,-0.0023f,0.0033f,0f,1f,0f,-0.1875f,0.0023f,0f,-1f,0.001f,0f,0f,0f,1f],start_interpolation: 0,interpolation_duration: 2}
$data merge entity $(bone_3) {transformation: [-0.998f,0f,0.064f,-0.0133f,0f,1f,0f,-0.1875f,-0.064f,0f,-0.998f,-0.0002f,0f,0f,0f,1f],start_interpolation: 0,interpolation_duration: 2}
$data merge entity $(bone_4) {transformation: [-0.9999f,0f,0.0116f,0.0024f,0f,1f,0f,-0.1875f,-0.0116f,0f,-0.9999f,0.0035f,0f,0f,0f,1f],start_interpolation: 0,interpolation_duration: 2}