# This file was generated by Animated Java via MC-Build. It is not recommended to edit this file directly.
$data merge entity $(bone_body) {transformation: [-1.004f,0f,0f,0f,0f,1.004f,0f,-0.1875f,0f,0f,-1.004f,0f,0f,0f,0f,1f],start_interpolation: 0,interpolation_duration: 2}
$data merge entity $(bone_head) {transformation: [-0.9999f,-0.0015f,-0.0146f,0f,-0.0013f,0.9999f,-0.0145f,-0.1875f,0.0146f,-0.0145f,-0.9998f,0f,0f,0f,0f,1f],start_interpolation: 0,interpolation_duration: 2}
$data merge entity $(bone_1) {transformation: [-0.9925f,0f,0.1219f,-0.015f,0f,1f,0f,-0.1875f,-0.1219f,0f,-0.9925f,-0.0003f,0f,0f,0f,1f],start_interpolation: 0,interpolation_duration: 2}
$data merge entity $(bone_2) {transformation: [-1f,0f,-0.007f,0.0098f,0f,1f,0f,-0.1875f,0.007f,0f,-1f,0.0039f,0f,0f,0f,1f],start_interpolation: 0,interpolation_duration: 2}
$data merge entity $(bone_3) {transformation: [-0.9816f,0f,0.1908f,-0.0399f,0f,1f,0f,-0.1875f,-0.1908f,0f,-0.9816f,-0.0021f,0f,0f,0f,1f],start_interpolation: 0,interpolation_duration: 2}
$data merge entity $(bone_4) {transformation: [-0.9994f,0f,0.0349f,0.0068f,0f,1f,0f,-0.1875f,-0.0349f,0f,-0.9994f,0.0112f,0f,0f,0f,1f],start_interpolation: 0,interpolation_duration: 2}