# This file was generated by Animated Java via MC-Build. It is not recommended to edit this file directly.
$data merge entity $(bone_body) {transformation: [-1.0053f,0f,0f,0f,0f,1.0053f,0f,-0.1875f,0f,0f,-1.0053f,0f,0f,0f,0f,1f],start_interpolation: 0,interpolation_duration: 1}
$data merge entity $(bone_head) {transformation: [-0.9998f,-0.0021f,-0.0194f,0f,-0.0017f,0.9998f,-0.0193f,-0.1875f,0.0195f,-0.0193f,-0.9996f,0f,0f,0f,0f,1f],start_interpolation: 0,interpolation_duration: 1}
$data merge entity $(bone_1) {transformation: [-0.9868f,0f,0.1622f,-0.02f,0f,1f,0f,-0.1875f,-0.1622f,0f,-0.9868f,-0.0006f,0f,0f,0f,1f],start_interpolation: 0,interpolation_duration: 1}
$data merge entity $(bone_2) {transformation: [-1f,0f,-0.0093f,0.0129f,0f,1f,0f,-0.1875f,0.0093f,0f,-1f,0.0058f,0f,0f,0f,1f],start_interpolation: 0,interpolation_duration: 1}
$data merge entity $(bone_3) {transformation: [-0.9674f,0f,0.2532f,-0.0532f,0f,1f,0f,-0.1875f,-0.2532f,0f,-0.9674f,-0.0037f,0f,0f,0f,1f],start_interpolation: 0,interpolation_duration: 1}
$data merge entity $(bone_4) {transformation: [-0.9989f,0f,0.0465f,0.0087f,0f,1f,0f,-0.1875f,-0.0465f,0f,-0.9989f,0.0154f,0f,0f,0f,1f],start_interpolation: 0,interpolation_duration: 1}