# This file was generated by Animated Java via MC-Build. It is not recommended to edit this file directly.
$data merge entity $(bone_body) {transformation: [-1.008f,0f,0f,0f,0f,1.008f,0f,-0.1875f,0f,0f,-1.008f,0f,0f,0f,0f,1f],start_interpolation: 0,interpolation_duration: 1}
$data merge entity $(bone_head) {transformation: [-0.9996f,-0.0034f,-0.0291f,0f,-0.0025f,0.9996f,-0.029f,-0.1875f,0.0292f,-0.0289f,-0.9992f,0f,0f,0f,0f,1f],start_interpolation: 0,interpolation_duration: 1}
$data merge entity $(bone_1) {transformation: [-0.9703f,0f,0.2419f,-0.0299f,0f,1f,0f,-0.1875f,-0.2419f,0f,-0.9703f,-0.0014f,0f,0f,0f,1f],start_interpolation: 0,interpolation_duration: 1}
$data merge entity $(bone_2) {transformation: [-0.9999f,0f,-0.014f,0.0189f,0f,1f,0f,-0.1875f,0.014f,0f,-0.9999f,0.0105f,0f,0f,0f,1f],start_interpolation: 0,interpolation_duration: 1}
$data merge entity $(bone_3) {transformation: [-0.9272f,0f,0.3746f,-0.0794f,0f,1f,0f,-0.1875f,-0.3746f,0f,-0.9272f,-0.0084f,0f,0f,0f,1f],start_interpolation: 0,interpolation_duration: 1}
$data merge entity $(bone_4) {transformation: [-0.9976f,0f,0.0698f,0.0119f,0f,1f,0f,-0.1875f,-0.0698f,0f,-0.9976f,0.0247f,0f,0f,0f,1f],start_interpolation: 0,interpolation_duration: 1}