# This file was generated by Animated Java via MC-Build. It is not recommended to edit this file directly.
$data merge entity $(bone_body) {transformation: [-1.0087f,0f,0f,0f,0f,1.0087f,0f,-0.1875f,0f,0f,-1.0087f,0f,0f,0f,0f,1f],start_interpolation: 0,interpolation_duration: 2}
$data merge entity $(bone_head) {transformation: [-0.9995f,-0.0037f,-0.0315f,0f,-0.0027f,0.9995f,-0.0314f,-0.1875f,0.0316f,-0.0313f,-0.999f,0f,0f,0f,0f,1f],start_interpolation: 0,interpolation_duration: 2}
$data merge entity $(bone_1) {transformation: [-0.9652f,0f,0.2616f,-0.0324f,0f,1f,0f,-0.1875f,-0.2616f,0f,-0.9652f,-0.0016f,0f,0f,0f,1f],start_interpolation: 0,interpolation_duration: 2}
$data merge entity $(bone_2) {transformation: [-0.9999f,0f,-0.0151f,0.0204f,0f,1f,0f,-0.1875f,0.0151f,0f,-0.9999f,0.0119f,0f,0f,0f,1f],start_interpolation: 0,interpolation_duration: 2}
$data merge entity $(bone_3) {transformation: [-0.9147f,0f,0.4041f,-0.0859f,0f,1f,0f,-0.1875f,-0.4041f,0f,-0.9147f,-0.0098f,0f,0f,0f,1f],start_interpolation: 0,interpolation_duration: 2}
$data merge entity $(bone_4) {transformation: [-0.9971f,0f,0.0756f,0.0126f,0f,1f,0f,-0.1875f,-0.0756f,0f,-0.9971f,0.0271f,0f,0f,0f,1f],start_interpolation: 0,interpolation_duration: 2}