# This file was generated by Animated Java via MC-Build. It is not recommended to edit this file directly.
$data merge entity $(bone_body) {transformation: [-1.0093f,0f,0f,0f,0f,1.0093f,0f,-0.1875f,0f,0f,-1.0093f,0f,0f,0f,0f,1f],start_interpolation: 0,interpolation_duration: 1}
$data merge entity $(bone_head) {transformation: [-0.9994f,-0.0041f,-0.0339f,0f,-0.003f,0.9994f,-0.0338f,-0.1875f,0.0341f,-0.0337f,-0.9989f,0f,0f,0f,0f,1f],start_interpolation: 0,interpolation_duration: 1}
$data merge entity $(bone_1) {transformation: [-0.9596f,0f,0.2812f,-0.0348f,0f,1f,0f,-0.1875f,-0.2812f,0f,-0.9596f,-0.0019f,0f,0f,0f,1f],start_interpolation: 0,interpolation_duration: 1}
$data merge entity $(bone_2) {transformation: [-0.9999f,0f,-0.0163f,0.0218f,0f,1f,0f,-0.1875f,0.0163f,0f,-0.9999f,0.0133f,0f,0f,0f,1f],start_interpolation: 0,interpolation_duration: 1}
$data merge entity $(bone_3) {transformation: [-0.9013f,0f,0.4331f,-0.0924f,0f,1f,0f,-0.1875f,-0.4331f,0f,-0.9013f,-0.0114f,0f,0f,0f,1f],start_interpolation: 0,interpolation_duration: 1}
$data merge entity $(bone_4) {transformation: [-0.9967f,0f,0.0814f,0.0132f,0f,1f,0f,-0.1875f,-0.0814f,0f,-0.9967f,0.0296f,0f,0f,0f,1f],start_interpolation: 0,interpolation_duration: 1}