# This file was generated by Animated Java via MC-Build. It is not recommended to edit this file directly.
$data merge entity $(bone_body) {transformation: [-1.01f,0f,0f,0f,0f,1.01f,0f,-0.1875f,0f,0f,-1.01f,0f,0f,0f,0f,1f],start_interpolation: 0,interpolation_duration: 2}
$data merge entity $(bone_head) {transformation: [-0.9993f,-0.0045f,-0.0364f,0f,-0.0032f,0.9993f,-0.0363f,-0.1875f,0.0365f,-0.0361f,-0.9987f,0f,0f,0f,0f,1f],start_interpolation: 0,interpolation_duration: 2}
$data merge entity $(bone_1) {transformation: [-0.9537f,0f,0.3007f,-0.0373f,0f,1f,0f,-0.1875f,-0.3007f,0f,-0.9537f,-0.0022f,0f,0f,0f,1f],start_interpolation: 0,interpolation_duration: 2}
$data merge entity $(bone_2) {transformation: [-0.9998f,0f,-0.0175f,0.0232f,0f,1f,0f,-0.1875f,0.0175f,0f,-0.9998f,0.0148f,0f,0f,0f,1f],start_interpolation: 0,interpolation_duration: 2}
$data merge entity $(bone_3) {transformation: [-0.887f,0f,0.4617f,-0.0989f,0f,1f,0f,-0.1875f,-0.4617f,0f,-0.887f,-0.013f,0f,0f,0f,1f],start_interpolation: 0,interpolation_duration: 2}
$data merge entity $(bone_4) {transformation: [-0.9962f,0f,0.0872f,0.0137f,0f,1f,0f,-0.1875f,-0.0872f,0f,-0.9962f,0.0322f,0f,0f,0f,1f],start_interpolation: 0,interpolation_duration: 2}