# This file was generated by Animated Java via MC-Build. It is not recommended to edit this file directly.
$data merge entity $(bone_body) {transformation: [-1.0073f,0f,0f,0f,0f,1.0073f,0f,-0.1875f,0f,0f,-1.0073f,0f,0f,0f,0f,1f],start_interpolation: 0,interpolation_duration: 2}
$data merge entity $(bone_head) {transformation: [-0.9992f,-0.0051f,-0.04f,0f,-0.0035f,0.9992f,-0.0399f,-0.1875f,0.0401f,-0.0397f,-0.9984f,0f,0f,0f,0f,1f],start_interpolation: 0,interpolation_duration: 2}
$data merge entity $(bone_1) {transformation: [-0.975f,0f,0.2221f,-0.0274f,0f,1f,0f,-0.1875f,-0.2221f,0f,-0.975f,-0.0012f,0f,0f,0f,1f],start_interpolation: 0,interpolation_duration: 2}
$data merge entity $(bone_2) {transformation: [-0.9999f,0f,-0.0128f,0.0174f,0f,1f,0f,-0.1875f,0.0128f,0f,-0.9999f,0.0092f,0f,0f,0f,1f],start_interpolation: 0,interpolation_duration: 2}
$data merge entity $(bone_3) {transformation: [-0.9387f,0f,0.3448f,-0.0729f,0f,1f,0f,-0.1875f,-0.3448f,0f,-0.9387f,-0.007f,0f,0f,0f,1f],start_interpolation: 0,interpolation_duration: 2}
$data merge entity $(bone_4) {transformation: [-0.998f,0f,0.064f,0.0111f,0f,1f,0f,-0.1875f,-0.064f,0f,-0.998f,0.0223f,0f,0f,0f,1f],start_interpolation: 0,interpolation_duration: 2}