# This file was generated by Animated Java via MC-Build. It is not recommended to edit this file directly.
$data merge entity $(bone_body) {transformation: [-1.0033f,0f,0f,0f,0f,1.0033f,0f,-0.1875f,0f,0f,-1.0033f,0f,0f,0f,0f,1f],start_interpolation: 0,interpolation_duration: 2}
$data merge entity $(bone_head) {transformation: [-0.9999f,0.0011f,0.0115f,0f,0.001f,0.9999f,-0.0114f,-0.1875f,-0.0115f,-0.0114f,-0.9999f,0f,0f,0f,0f,1f],start_interpolation: 0,interpolation_duration: 2}
$data merge entity $(bone_1) {transformation: [-0.9948f,0f,-0.1016f,0.0126f,0f,1f,0f,-0.1875f,0.1016f,0f,-0.9948f,0.0017f,0f,0f,0f,1f],start_interpolation: 0,interpolation_duration: 2}
$data merge entity $(bone_2) {transformation: [-1f,0f,0.0058f,-0.0082f,0f,1f,0f,-0.1875f,-0.0058f,0f,-1f,0.0029f,0f,0f,0f,1f],start_interpolation: 0,interpolation_duration: 2}
$data merge entity $(bone_3) {transformation: [-0.9872f,0f,-0.1593f,0.0335f,0f,1f,0f,-0.1875f,0.1593f,0f,-0.9872f,0.0026f,0f,0f,0f,1f],start_interpolation: 0,interpolation_duration: 2}
$data merge entity $(bone_4) {transformation: [-0.9996f,0f,-0.0291f,-0.0057f,0f,1f,0f,-0.1875f,0.0291f,0f,-0.9996f,0.009f,0f,0f,0f,1f],start_interpolation: 0,interpolation_duration: 2}