# This file was generated by Animated Java via MC-Build. It is not recommended to edit this file directly.
$data merge entity $(bone_body) {transformation: [-1.006f,0f,0f,0f,0f,1.006f,0f,-0.1875f,0f,0f,-1.006f,0f,0f,0f,0f,1f],start_interpolation: 0,interpolation_duration: 1}
$data merge entity $(bone_head) {transformation: [-0.9995f,-0.0039f,-0.0327f,0f,-0.0029f,0.9995f,-0.0326f,-0.1875f,0.0328f,-0.0325f,-0.9989f,0f,0f,0f,0f,1f],start_interpolation: 0,interpolation_duration: 1}
$data merge entity $(bone_1) {transformation: [-0.9833f,0f,0.1822f,-0.0225f,0f,1f,0f,-0.1875f,-0.1822f,0f,-0.9833f,-0.0008f,0f,0f,0f,1f],start_interpolation: 0,interpolation_duration: 1}
$data merge entity $(bone_2) {transformation: [-0.9999f,0f,-0.0105f,0.0144f,0f,1f,0f,-0.1875f,0.0105f,0f,-0.9999f,0.0069f,0f,0f,0f,1f],start_interpolation: 0,interpolation_duration: 1}
$data merge entity $(bone_3) {transformation: [-0.9588f,0f,0.284f,-0.0598f,0f,1f,0f,-0.1875f,-0.284f,0f,-0.9588f,-0.0047f,0f,0f,0f,1f],start_interpolation: 0,interpolation_duration: 1}
$data merge entity $(bone_4) {transformation: [-0.9986f,0f,0.0523f,0.0095f,0f,1f,0f,-0.1875f,-0.0523f,0f,-0.9986f,0.0177f,0f,0f,0f,1f],start_interpolation: 0,interpolation_duration: 1}