# This file was generated by Animated Java via MC-Build. It is not recommended to edit this file directly.
$data merge entity $(bone_body) {transformation: [-1.0047f,0f,0f,0f,0f,1.0047f,0f,-0.1875f,0f,0f,-1.0047f,0f,0f,0f,0f,1f],start_interpolation: 0,interpolation_duration: 1}
$data merge entity $(bone_head) {transformation: [-0.9997f,-0.0029f,-0.0255f,0f,-0.0022f,0.9997f,-0.0254f,-0.1875f,0.0255f,-0.0253f,-0.9994f,0f,0f,0f,0f,1f],start_interpolation: 0,interpolation_duration: 1}
$data merge entity $(bone_1) {transformation: [-0.9899f,0f,0.1421f,-0.0175f,0f,1f,0f,-0.1875f,-0.1421f,0f,-0.9899f,-0.0005f,0f,0f,0f,1f],start_interpolation: 0,interpolation_duration: 1}
$data merge entity $(bone_2) {transformation: [-1f,0f,-0.0081f,0.0114f,0f,1f,0f,-0.1875f,0.0081f,0f,-1f,0.0048f,0f,0f,0f,1f],start_interpolation: 0,interpolation_duration: 1}
$data merge entity $(bone_3) {transformation: [-0.975f,0f,0.2221f,-0.0466f,0f,1f,0f,-0.1875f,-0.2221f,0f,-0.975f,-0.0028f,0f,0f,0f,1f],start_interpolation: 0,interpolation_duration: 1}
$data merge entity $(bone_4) {transformation: [-0.9992f,0f,0.0407f,0.0077f,0f,1f,0f,-0.1875f,-0.0407f,0f,-0.9992f,0.0133f,0f,0f,0f,1f],start_interpolation: 0,interpolation_duration: 1}