# This file was generated by Animated Java via MC-Build. It is not recommended to edit this file directly.
$data merge entity $(bone_body) {transformation: [-1.0033f,0f,0f,0f,0f,1.0033f,0f,-0.1875f,0f,0f,-1.0033f,0f,0f,0f,0f,1f],start_interpolation: 0,interpolation_duration: 1}
$data merge entity $(bone_head) {transformation: [-0.9998f,-0.0019f,-0.0182f,0f,-0.0016f,0.9998f,-0.0181f,-0.1875f,0.0182f,-0.0181f,-0.9997f,0f,0f,0f,0f,1f],start_interpolation: 0,interpolation_duration: 1}
$data merge entity $(bone_1) {transformation: [-0.9948f,0f,0.1016f,-0.0125f,0f,1f,0f,-0.1875f,-0.1016f,0f,-0.9948f,-0.0002f,0f,0f,0f,1f],start_interpolation: 0,interpolation_duration: 1}
$data merge entity $(bone_2) {transformation: [-1f,0f,-0.0058f,0.0082f,0f,1f,0f,-0.1875f,0.0058f,0f,-1f,0.003f,0f,0f,0f,1f],start_interpolation: 0,interpolation_duration: 1}
$data merge entity $(bone_3) {transformation: [-0.9872f,0f,0.1593f,-0.0333f,0f,1f,0f,-0.1875f,-0.1593f,0f,-0.9872f,-0.0015f,0f,0f,0f,1f],start_interpolation: 0,interpolation_duration: 1}
$data merge entity $(bone_4) {transformation: [-0.9996f,0f,0.0291f,0.0057f,0f,1f,0f,-0.1875f,-0.0291f,0f,-0.9996f,0.0092f,0f,0f,0f,1f],start_interpolation: 0,interpolation_duration: 1}