# This file was generated by Animated Java via MC-Build. It is not recommended to edit this file directly.
$data merge entity $(bone_body) {transformation: [-1.0027f,0f,0f,0f,0f,1.0027f,0f,-0.1875f,0f,0f,-1.0027f,0f,0f,0f,0f,1f],start_interpolation: 0,interpolation_duration: 1}
$data merge entity $(bone_head) {transformation: [-0.9999f,-0.0015f,-0.0146f,0f,-0.0013f,0.9999f,-0.0145f,-0.1875f,0.0146f,-0.0145f,-0.9998f,0f,0f,0f,0f,1f],start_interpolation: 0,interpolation_duration: 1}
$data merge entity $(bone_1) {transformation: [-0.9967f,0f,0.0814f,-0.01f,0f,1f,0f,-0.1875f,-0.0814f,0f,-0.9967f,-0.0002f,0f,0f,0f,1f],start_interpolation: 0,interpolation_duration: 1}
$data merge entity $(bone_2) {transformation: [-1f,0f,-0.0047f,0.0066f,0f,1f,0f,-0.1875f,0.0047f,0f,-1f,0.0023f,0f,0f,0f,1f],start_interpolation: 0,interpolation_duration: 1}
$data merge entity $(bone_3) {transformation: [-0.9918f,0f,0.1276f,-0.0266f,0f,1f,0f,-0.1875f,-0.1276f,0f,-0.9918f,-0.0009f,0f,0f,0f,1f],start_interpolation: 0,interpolation_duration: 1}
$data merge entity $(bone_4) {transformation: [-0.9997f,0f,0.0233f,0.0047f,0f,1f,0f,-0.1875f,-0.0233f,0f,-0.9997f,0.0072f,0f,0f,0f,1f],start_interpolation: 0,interpolation_duration: 1}