# This file was generated by Animated Java via MC-Build. It is not recommended to edit this file directly.
$data merge entity $(bone_body) {transformation: [-1.004f,0f,0f,0f,0f,1.004f,0f,-0.1875f,0f,0f,-1.004f,0f,0f,0f,0f,1f],start_interpolation: 0,interpolation_duration: 1}
$data merge entity $(bone_head) {transformation: [-0.9999f,0.0014f,0.0138f,0f,0.0012f,0.9999f,-0.0137f,-0.1875f,-0.0138f,-0.0137f,-0.9998f,0f,0f,0f,0f,1f],start_interpolation: 0,interpolation_duration: 1}
$data merge entity $(bone_1) {transformation: [-0.9925f,0f,-0.1219f,0.0152f,0f,1f,0f,-0.1875f,0.1219f,0f,-0.9925f,0.002f,0f,0f,0f,1f],start_interpolation: 0,interpolation_duration: 1}
$data merge entity $(bone_2) {transformation: [-1f,0f,0.007f,-0.0098f,0f,1f,0f,-0.1875f,-0.007f,0f,-1f,0.0037f,0f,0f,0f,1f],start_interpolation: 0,interpolation_duration: 1}
$data merge entity $(bone_3) {transformation: [-0.9816f,0f,-0.1908f,0.0403f,0f,1f,0f,-0.1875f,0.1908f,0f,-0.9816f,0.0027f,0f,0f,0f,1f],start_interpolation: 0,interpolation_duration: 1}
$data merge entity $(bone_4) {transformation: [-0.9994f,0f,-0.0349f,-0.0068f,0f,1f,0f,-0.1875f,0.0349f,0f,-0.9994f,0.011f,0f,0f,0f,1f],start_interpolation: 0,interpolation_duration: 1}