# This file was generated by Animated Java via MC-Build. It is not recommended to edit this file directly.
$data merge entity $(bone_body) {transformation: [-1.0047f,0f,0f,0f,0f,1.0047f,0f,-0.1875f,0f,0f,-1.0047f,0f,0f,0f,0f,1f],start_interpolation: 0,interpolation_duration: 2}
$data merge entity $(bone_head) {transformation: [-0.9999f,0.0017f,0.0161f,0f,0.0014f,0.9999f,-0.016f,-0.1875f,-0.0161f,-0.016f,-0.9997f,0f,0f,0f,0f,1f],start_interpolation: 0,interpolation_duration: 2}
$data merge entity $(bone_1) {transformation: [-0.9899f,0f,-0.1421f,0.0177f,0f,1f,0f,-0.1875f,0.1421f,0f,-0.9899f,0.0022f,0f,0f,0f,1f],start_interpolation: 0,interpolation_duration: 2}
$data merge entity $(bone_2) {transformation: [-1f,0f,0.0081f,-0.0114f,0f,1f,0f,-0.1875f,-0.0081f,0f,-1f,0.0046f,0f,0f,0f,1f],start_interpolation: 0,interpolation_duration: 2}
$data merge entity $(bone_3) {transformation: [-0.975f,0f,-0.2221f,0.047f,0f,1f,0f,-0.1875f,0.2221f,0f,-0.975f,0.0027f,0f,0f,0f,1f],start_interpolation: 0,interpolation_duration: 2}
$data merge entity $(bone_4) {transformation: [-0.9992f,0f,-0.0407f,-0.0077f,0f,1f,0f,-0.1875f,0.0407f,0f,-0.9992f,0.0131f,0f,0f,0f,1f],start_interpolation: 0,interpolation_duration: 2}