# This file was generated by Animated Java via MC-Build. It is not recommended to edit this file directly.
$data merge entity $(bone_body) {transformation: [-1.0053f,0f,0f,0f,0f,1.0053f,0f,-0.1875f,0f,0f,-1.0053f,0f,0f,0f,0f,1f],start_interpolation: 0,interpolation_duration: 2}
$data merge entity $(bone_head) {transformation: [-0.9998f,0.0019f,0.0184f,0f,0.0016f,0.9998f,-0.0183f,-0.1875f,-0.0184f,-0.0183f,-0.9997f,0f,0f,0f,0f,1f],start_interpolation: 0,interpolation_duration: 2}
$data merge entity $(bone_1) {transformation: [-0.9868f,0f,-0.1622f,0.0203f,0f,1f,0f,-0.1875f,0.1622f,0f,-0.9868f,0.0024f,0f,0f,0f,1f],start_interpolation: 0,interpolation_duration: 2}
$data merge entity $(bone_2) {transformation: [-1f,0f,0.0093f,-0.0129f,0f,1f,0f,-0.1875f,-0.0093f,0f,-1f,0.0055f,0f,0f,0f,1f],start_interpolation: 0,interpolation_duration: 2}
$data merge entity $(bone_3) {transformation: [-0.9674f,0f,-0.2532f,0.0538f,0f,1f,0f,-0.1875f,0.2532f,0f,-0.9674f,0.0026f,0f,0f,0f,1f],start_interpolation: 0,interpolation_duration: 2}
$data merge entity $(bone_4) {transformation: [-0.9989f,0f,-0.0465f,-0.0087f,0f,1f,0f,-0.1875f,0.0465f,0f,-0.9989f,0.0151f,0f,0f,0f,1f],start_interpolation: 0,interpolation_duration: 2}