# This file was generated by Animated Java via MC-Build. It is not recommended to edit this file directly.
$data merge entity $(bone_body) {transformation: [-1.006f,0f,0f,0f,0f,1.006f,0f,-0.1875f,0f,0f,-1.006f,0f,0f,0f,0f,1f],start_interpolation: 0,interpolation_duration: 2}
$data merge entity $(bone_head) {transformation: [-0.9998f,0.0022f,0.0207f,0f,0.0018f,0.9998f,-0.0206f,-0.1875f,-0.0207f,-0.0205f,-0.9996f,0f,0f,0f,0f,1f],start_interpolation: 0,interpolation_duration: 2}
$data merge entity $(bone_1) {transformation: [-0.9833f,0f,-0.1822f,0.0228f,0f,1f,0f,-0.1875f,0.1822f,0f,-0.9833f,0.0026f,0f,0f,0f,1f],start_interpolation: 0,interpolation_duration: 2}
$data merge entity $(bone_2) {transformation: [-0.9999f,0f,0.0105f,-0.0145f,0f,1f,0f,-0.1875f,-0.0105f,0f,-0.9999f,0.0065f,0f,0f,0f,1f],start_interpolation: 0,interpolation_duration: 2}
$data merge entity $(bone_3) {transformation: [-0.9588f,0f,-0.284f,0.0605f,0f,1f,0f,-0.1875f,0.284f,0f,-0.9588f,0.0024f,0f,0f,0f,1f],start_interpolation: 0,interpolation_duration: 2}
$data merge entity $(bone_4) {transformation: [-0.9986f,0f,-0.0523f,-0.0096f,0f,1f,0f,-0.1875f,0.0523f,0f,-0.9986f,0.0173f,0f,0f,0f,1f],start_interpolation: 0,interpolation_duration: 2}