# This file was generated by Animated Java via MC-Build. It is not recommended to edit this file directly.
$data merge entity $(bone_body) { transformation: [-1f,2.336736254364077e-17f,1.2021465881652135e-16f,-3.0616169978683835e-19f,0f,0.981627183447664f,-0.1908089953765448f,-0.16875f,-1.2246467991473532e-16f,-0.1908089953765448f,-0.981627183447664f,0.0025000000000000005f,0f,0f,0f,1f], start_interpolation: 0, interpolation_duration: 1 }
$data merge entity $(bone_head) { transformation: [-1f,1.746700671282549e-17f,1.2121262930533554e-16f,7.654042494670958e-19f,0f,0.989776230907789f,-0.14262893370551166f,-0.16625f,-1.2246467991473532e-16f,-0.14262893370551166f,-0.989776230907789f,-0.00625f,0f,0f,0f,1f], start_interpolation: 0, interpolation_duration: 1 }
$data merge entity $(bone_1) { transformation: [-1f,4.273955692857142e-18f,1.2239007774061617e-16f,-1.5308084989341917e-19f,0f,0.9993908270190958f,-0.03489949670250097f,-0.19125f,-1.2246467991473532e-16f,-0.03489949670250097f,-0.9993908270190958f,0.0012500000000000002f,0f,0f,0f,1f], start_interpolation: 0, interpolation_duration: 1 }
$data merge entity $(bone_2) { transformation: [-1f,-5.128288530166726e-18f,1.2235725758356118e-16f,6.123233995736766e-19f,0f,0.9991228300988584f,0.04187565372919964f,-0.20500000000000002f,-1.2246467991473532e-16f,0.04187565372919964f,-0.9991228300988584f,-0.005f,0f,0f,0f,1f], start_interpolation: 0, interpolation_duration: 1 }
$data merge entity $(bone_3) { transformation: [-1f,-1.577291150929861e-17f,1.2144469148191867e-16f,1.76042977377432e-18f,0f,0.9916711623830904f,0.12879559657756282f,-0.22187500000000002f,-1.2246467991473532e-16f,0.12879559657756282f,-0.9916711623830904f,-0.014374999999999999f,0f,0f,0f,1f], start_interpolation: 0, interpolation_duration: 1 }
$data merge entity $(bone_4) { transformation: [-1f,-2.5461838666528304e-17f,1.1978853283323184e-16f,3.061616997868383e-18f,0f,0.9781476007338057f,0.2079116908177593f,-0.24f,-1.2246467991473532e-16f,0.2079116908177593f,-0.9781476007338057f,-0.025f,0f,0f,0f,1f], start_interpolation: 0, interpolation_duration: 1 }
$data merge entity $(bone_front_right_foot) { transformation: [-0.9876883405951378f,0f,-0.15643446504023076f,-0.016249999999999997f,0f,1f,0f,-0.1625f,0.15643446504023076f,0f,-0.9876883405951378f,-0.022500000000000006f,0f,0f,0f,1f], start_interpolation: 0, interpolation_duration: 1 }
$data merge entity $(bone_front_left_foot) { transformation: [-0.992546151641322f,0f,0.12186934340514759f,0.011250000000000005f,0f,1f,0f,-0.1625f,-0.12186934340514759f,0f,-0.992546151641322f,-0.022500000000000003f,0f,0f,0f,1f], start_interpolation: 0, interpolation_duration: 1 }
$data merge entity $(item_display_item_display) { transformation: [-0.029847631555005322f,-0.002969817084104808f,0.0005468793684272521f,0.0024999999999999927f,-0.002954037321666593f,0.029842563490339726f,0.000833707279112282f,-0.11125f,-0.0006265413464832446f,0.0007756228542295266f,-0.029983426340716057f,0.0625f,0f,0f,0f,1f], start_interpolation: 0, interpolation_duration: 1 }