# This file was generated by Animated Java via MC-Build. It is not recommended to edit this file directly.
$data merge entity $(bone_body) { transformation: [-1f,4.587607655662906e-17f,1.1354727397163214e-16f,-6.123233995736767e-19f,0f,0.9271838545667874f,-0.374606593415912f,-0.15f,-1.2246467991473532e-16f,-0.374606593415912f,-0.9271838545667874f,0.005000000000000001f,0f,0f,0f,1f], start_interpolation: 0, interpolation_duration: 1 }
$data merge entity $(bone_head) { transformation: [-1f,3.457685613892292e-17f,1.174820788297807e-16f,1.5308084989341916e-18f,0f,0.9593139745400575f,-0.2823414568428765f,-0.145f,-1.2246467991473532e-16f,-0.2823414568428765f,-0.9593139745400575f,-0.0125f,0f,0f,0f,1f], start_interpolation: 0, interpolation_duration: 1 }
$data merge entity $(bone_1) { transformation: [-1f,8.542704229054943e-18f,1.221663621095163e-16f,-3.0616169978683835e-19f,0f,0.9975640502598242f,-0.0697564737441253f,-0.19499999999999998f,-1.2246467991473532e-16f,-0.0697564737441253f,-0.9975640502598242f,0.0025000000000000005f,0f,0f,0f,1f], start_interpolation: 0, interpolation_duration: 1 }
$data merge entity $(bone_2) { transformation: [-1f,-1.0247580299647388e-17f,1.2203517904530994e-16f,1.2246467991473532e-18f,0f,0.9964928592495044f,0.08367784333231551f,-0.22249999999999998f,-1.2246467991473532e-16f,0.08367784333231551f,-0.9964928592495044f,-0.01f,0f,0f,0f,1f], start_interpolation: 0, interpolation_duration: 1 }
$data merge entity $(bone_3) { transformation: [-1f,-3.128308298118355e-17f,1.1840171681952488e-16f,3.750480822388769e-18f,0f,0.9668233886044594f,0.25544575793579055f,-0.2625f,-1.2246467991473532e-16f,0.25544575793579055f,-0.9668233886044594f,-0.030625f,0f,0f,0f,1f], start_interpolation: 0, interpolation_duration: 1 }
$data merge entity $(bone_4) { transformation: [-1f,-4.981087280387182e-17f,1.1187705205776151e-16f,7.500961644777537e-18f,0f,0.9135454576426009f,0.4067366430758002f,-0.303125f,-1.2246467991473532e-16f,0.4067366430758002f,-0.9135454576426009f,-0.06125f,0f,0f,0f,1f], start_interpolation: 0, interpolation_duration: 1 }
$data merge entity $(bone_front_right_foot) { transformation: [-0.9510565162951535f,0f,-0.30901699437494734f,-0.032499999999999994f,0f,1f,0f,-0.1375f,0.30901699437494734f,0f,-0.9510565162951535f,-0.04500000000000001f,0f,0f,0f,1f], start_interpolation: 0, interpolation_duration: 1 }
$data merge entity $(bone_front_left_foot) { transformation: [-0.9702957262759965f,0f,0.24192189559966779f,0.02250000000000001f,0f,1f,0f,-0.1375f,-0.24192189559966779f,0f,-0.9702957262759965f,-0.045000000000000005f,0f,0f,0f,1f], start_interpolation: 0, interpolation_duration: 1 }
$data merge entity $(item_display_item_display) { transformation: [-0.058784538841424934f,-0.011815005318386581f,0.002187153978920182f,0.004999999999999993f,-0.011685441914950145f,0.058756693497311364f,0.0033318788266293313f,-0.0975f,-0.0027979350337947197f,0.0028384183253198207f,-0.059867478157653836f,0.0625f,0f,0f,0f,1f], start_interpolation: 0, interpolation_duration: 1 }