# This file was generated by Animated Java via MC-Build. It is not recommended to edit this file directly.
$data merge entity $(bone_body) { transformation: [-1f,6.669904509218561e-17f,1.0270752265734564e-16f,-9.184850993605148e-19f,0f,0.838670567945424f,-0.5446390350150271f,-0.13125f,-1.2246467991473532e-16f,-0.5446390350150271f,-0.838670567945424f,0.0075f,0f,0f,0f,1f], start_interpolation: 0, interpolation_duration: 1 }
$data merge entity $(bone_head) { transformation: [-1f,5.097969397882246e-17f,1.1134930906136863e-16f,2.296212748401287e-18f,0f,0.9092361090470685f,-0.41628079226040116f,-0.12375f,-1.2246467991473532e-16f,-0.41628079226040116f,-0.9092361090470685f,-0.01875f,0f,0f,0f,1f], start_interpolation: 0, interpolation_duration: 1 }
$data merge entity $(bone_1) { transformation: [-1f,1.2801044796052349e-17f,1.217938055844715e-16f,-4.592425496802574e-19f,0f,0.9945218953682733f,-0.10452846326765346f,-0.19874999999999998f,-1.2246467991473532e-16f,-0.10452846326765346f,-0.9945218953682733f,0.00375f,0f,0f,0f,1f], start_interpolation: 0, interpolation_duration: 1 }
$data merge entity $(bone_2) { transformation: [-1f,-1.5348894331131277e-17f,1.2149900933518077e-16f,1.8369701987210296e-18f,0f,0.9921147013144779f,0.1253332335643042f,-0.24f,-1.2246467991473532e-16f,0.1253332335643042f,-0.9921147013144779f,-0.015f,0f,0f,0f,1f], start_interpolation: 0, interpolation_duration: 1 }
$data merge entity $(bone_3) { transformation: [-1f,-4.627215101645531e-17f,1.133864448112248e-16f,6.710043920328205e-18f,0f,0.9258705848099947f,0.37784078681846706f,-0.2947916666666667f,-1.2246467991473532e-16f,0.37784078681846706f,-0.9258705848099947f,-0.05479166666666667f,0f,0f,0f,1f], start_interpolation: 0, interpolation_duration: 1 }
$data merge entity $(bone_4) { transformation: [-1f,-7.198293278059965e-17f,9.907600726170916e-17f,1.3164953090834047e-17f,0f,0.8090169943749475f,0.587785252292473f,-0.348125f,-1.2246467991473532e-16f,0.587785252292473f,-0.8090169943749475f,-0.1075f,0f,0f,0f,1f], start_interpolation: 0, interpolation_duration: 1 }
$data merge entity $(bone_front_right_foot) { transformation: [-0.891006524188368f,0f,-0.45399049973954664f,-0.048749999999999995f,0f,1f,0f,-0.1125f,0.45399049973954664f,0f,-0.891006524188368f,-0.0675f,0f,0f,0f,1f], start_interpolation: 0, interpolation_duration: 1 }
$data merge entity $(bone_front_left_foot) { transformation: [-0.9335804264972017f,0f,0.35836794954530043f,0.03375000000000001f,0f,1f,0f,-0.1125f,-0.35836794954530043f,0f,-0.9335804264972017f,-0.0675f,0f,0f,0f,1f], start_interpolation: 0, interpolation_duration: 1 }
$data merge entity $(item_display_item_display) { transformation: [-0.08591736456318809f,-0.026343930772126496f,0.004919733528315624f,0.007499999999999992f,-0.025899883238219453f,0.08586711097372116f,0.007485673067483591f,-0.08374999999999999f,-0.006884948421217491f,0.005730319755481092f,-0.08955311787278605f,0.0625f,0f,0f,0f,1f], start_interpolation: 0, interpolation_duration: 1 }