# This file was generated by Animated Java via MC-Build. It is not recommended to edit this file directly.
$data merge entity $(bone_head) { transformation: [-0.9999404969947648f,0.010885393394288182f,-0.0007146191393715379f,3.827021247335479e-18f,0.008826645383849955f,0.7688480717535392f,-0.6393705755601617f,-0.08125f,-0.006410366692360834f,-0.6393388387791847f,-0.7688984044900558f,-0.03125f,0f,0f,0f,1f], start_interpolation: 0, interpolation_duration: 1 }
$data merge entity $(bone_front_right_foot) { transformation: [-0.7071067811865476f,-0.023135885337482207f,-0.7067281873603534f,-0.08124999999999999f,0f,0.9994645874763657f,-0.03271908282177618f,-0.0625f,0.7071067811865474f,-0.023135885337482218f,-0.7067281873603536f,-0.11250000000000002f,0f,0f,0f,1f], start_interpolation: 0, interpolation_duration: 1 }
$data merge entity $(bone_front_left_foot) { transformation: [-0.8191520442889917f,0.018766894925589108f,0.5732693363437624f,0.056250000000000015f,-1.734723475976807e-18f,0.9994645874763657f,-0.03271908282177617f,-0.0625f,-0.5735764363510463f,-0.026801903580718784f,-0.8187134600257187f,-0.1125f,0f,0f,0f,1f], start_interpolation: 0, interpolation_duration: 1 }
$data merge entity $(item_display_item_display) { transformation: [-0.131436444630708f,-0.0704986367677268f,0.015950023094997608f,0.012499999999999994f,-0.06893152007183748f,0.13221537121322868f,0.01635668534679369f,-0.0515625f,-0.021746414955681914f,0.007002701538711082f,-0.14824997675458515f,0.0625f,0f,0f,0f,1f], start_interpolation: 0, interpolation_duration: 1 }