# This file was generated by Animated Java via MC-Build. It is not recommended to edit this file directly.
$data merge entity $(bone_head) { transformation: [-0.9997620014635906f,0.02179525772574412f,-0.000952454819808731f,3.827021247335479e-18f,0.01765151493403586f,0.7824862379821331f,-0.6224176342208678f,-0.08125f,-0.01282046996209166f,-0.6222863120053637f,-0.7826847267199701f,-0.03125f,0f,0f,0f,1f], start_interpolation: 0, interpolation_duration: 1 }
$data merge entity $(bone_front_right_foot) { transformation: [-0.7071067811865476f,-0.046246996189454305f,-0.7055928112895231f,-0.08124999999999999f,3.469446951953614e-18f,0.9978589232386035f,-0.06540312923014313f,-0.0625f,0.7071067811865475f,-0.04624699618945432f,-0.7055928112895232f,-0.11250000000000002f,0f,0f,0f,1f], start_interpolation: 0, interpolation_duration: 1 }
$data merge entity $(bone_front_left_foot) { transformation: [-0.8191520442889917f,0.03751369379003244f,0.5723483651722905f,0.056250000000000015f,0f,0.9978589232386035f,-0.06540312923014313f,-0.0625f,-0.5735764363510463f,-0.053575107011768854f,-0.817398176882914f,-0.1125f,0f,0f,0f,1f], start_interpolation: 0, interpolation_duration: 1 }
$data merge entity $(item_display_item_display) { transformation: [-0.13145334691918317f,-0.06990872895867839f,0.01824245595107538f,0.012499999999999994f,-0.06890214029934395f,0.13269570639729578f,0.01201434833406319f,-0.046874999999999986f,-0.02173735600100448f,0.0021492136014661387f,-0.14840103852392975f,0.0625f,0f,0f,0f,1f], start_interpolation: 0, interpolation_duration: 1 }