# This file was generated by Animated Java via MC-Build. It is not recommended to edit this file directly.
$data merge entity $(bone_head) { transformation: [-0.999464553856943f,0.032712320470699795f,-0.0007139138351655181f,3.827021247335479e-18f,0.026472833227596276f,0.7956202838835063f,-0.60521694703142f,-0.08125f,-0.0192300463973876f,-0.6049117852733165f,-0.7960602598754716f,-0.03125f,0f,0f,0f,1f], start_interpolation: 0, interpolation_duration: 1 }
$data merge entity $(bone_front_right_foot) { transformation: [-0.7071067811865476f,-0.06930858459954581f,-0.7037018687631911f,-0.08124999999999999f,0f,0.9951847266721969f,-0.09801714032956073f,-0.0625f,0.7071067811865475f,-0.06930858459954584f,-0.7037018687631913f,-0.11250000000000002f,0f,0f,0f,1f], start_interpolation: 0, interpolation_duration: 1 }
$data merge entity $(bone_front_left_foot) { transformation: [-0.8191520442889917f,0.05622032205154986f,0.5708145090356287f,0.056250000000000015f,3.469446951953614e-18f,0.9951847266721969f,-0.09801714032956074f,-0.0625f,-0.5735764363510463f,-0.08029094087632066f,-0.8152076032987114f,-0.1125f,0f,0f,0f,1f], start_interpolation: 0, interpolation_duration: 1 }
$data merge entity $(item_display_item_display) { transformation: [-0.1314365557092174f,-0.0693031560670539f,0.020530571897620743f,0.012499999999999994f,-0.06893008619520034f,0.1330027571772352f,0.007675272006624367f,-0.04218749999999999f,-0.02175028828360799f,-0.0027090851590511663f,-0.14838997883004418f,0.0625f,0f,0f,0f,1f], start_interpolation: 0, interpolation_duration: 1 }