# This file was generated by Animated Java via MC-Build. It is not recommended to edit this file directly.
$data merge entity $(bone_body) { transformation: [-1f,8.507111498835273e-17f,8.809371839840254e-17f,-1.2246467991473534e-18f,0f,0.7193398003386512f,-0.6946583704589973f,-0.11249999999999999f,-1.2246467991473532e-16f,-0.6946583704589973f,-0.7193398003386512f,0.010000000000000002f,0f,0f,0f,1f], start_interpolation: 0, interpolation_duration: 1 }
$data merge entity $(bone_head) { transformation: [-1f,6.634012257945989e-17f,1.0293972004411521e-16f,3.061616997868383e-18f,0f,0.8405666034956842f,-0.54170821028274f,-0.1025f,-1.2246467991473532e-16f,-0.54170821028274f,-0.8405666034956842f,-0.025f,0f,0f,0f,1f], start_interpolation: 0, interpolation_duration: 1 }
$data merge entity $(bone_1) { transformation: [-1f,1.7043789261815557e-17f,1.2127286206821952e-16f,-6.123233995736767e-19f,0f,0.9902680687415704f,-0.13917310096006544f,-0.2025f,-1.2246467991473532e-16f,-0.13917310096006544f,-0.9902680687415704f,0.005000000000000001f,0f,0f,0f,1f], start_interpolation: 0, interpolation_duration: 1 }
$data merge entity $(bone_2) { transformation: [-1f,-2.0423281186369036e-17f,1.2074968907703688e-16f,2.4492935982947064e-18f,0f,0.9859960370705049f,0.1667687467161023f,-0.2575f,-1.2246467991473532e-16f,0.1667687467161023f,-0.9859960370705049f,-0.02f,0f,0f,0f,1f], start_interpolation: 0, interpolation_duration: 1 }
$data merge entity $(bone_3) { transformation: [-1f,-6.049043258772475e-17f,1.0648241822934199e-16f,9.669607018267645e-18f,0f,0.869494929505219f,0.493941866584231f,-0.32708333333333334f,-1.2246467991473532e-16f,0.493941866584231f,-0.869494929505219f,-0.07895833333333335f,0f,0f,0f,1f], start_interpolation: 0, interpolation_duration: 1 }
$data merge entity $(bone_4) { transformation: [-1f,-9.100899318238091e-17f,8.194486552889033e-17f,1.99770509110912e-17f,0f,0.6691306063588582f,0.7431448254773941f,-0.3834375f,-1.2246467991473532e-16f,0.7431448254773941f,-0.6691306063588582f,-0.16312500000000002f,0f,0f,0f,1f], start_interpolation: 0, interpolation_duration: 1 }
$data merge entity $(bone_front_right_foot) { transformation: [-0.8090169943749476f,0f,-0.5877852522924729f,-0.06499999999999999f,0f,1f,0f,-0.0875f,0.5877852522924729f,0f,-0.8090169943749476f,-0.09000000000000002f,0f,0f,0f,1f], start_interpolation: 0, interpolation_duration: 1 }
$data merge entity $(bone_front_left_foot) { transformation: [-0.8829475928589269f,0f,0.46947156278589086f,0.04500000000000002f,0f,1f,0f,-0.0875f,-0.46947156278589086f,0f,-0.8829475928589269f,-0.09000000000000001f,0f,0f,0f,1f], start_interpolation: 0, interpolation_duration: 1 }
$data merge entity $(item_display_item_display) { transformation: [-0.1103871830084187f,-0.046241034269316875f,0.008742801448605697f,0.009999999999999995f,-0.04518311516257182f,0.1103726301150011f,0.013280384998294354f,-0.06999999999999999f,-0.01315887273559753f,0.00892464403777605f,-0.11894198080210089f,0.0625f,0f,0f,0f,1f], start_interpolation: 0, interpolation_duration: 1 }