# This file was generated by Animated Java via MC-Build. It is not recommended to edit this file directly.
$data merge entity $(bone_head) { transformation: [-0.9998942184333818f,-0.014520150194320881f,0.0008468658872804325f,3.827021247335479e-18f,-0.011768553569698826f,0.773449918141156f,-0.6337481560322809f,-0.08125f,0.008547110059769035f,-0.6336910835460552f,-0.7735389825625162f,-0.03125f,0f,0f,0f,1f], start_interpolation: 0, interpolation_duration: 1 }
$data merge entity $(bone_front_right_foot) { transformation: [-0.7071067811865476f,-0.030843564597232028f,-0.7064337722128922f,-0.08124999999999999f,1.734723475976807e-18f,0.9990482215818578f,-0.04361938736533619f,-0.0625f,0.7071067811865475f,-0.030843564597232035f,-0.7064337722128922f,-0.11250000000000002f,0f,0f,0f,1f], start_interpolation: 0, interpolation_duration: 1 }
$data merge entity $(bone_front_left_foot) { transformation: [-0.8191520442889917f,0.02501905276082538f,0.5730305186777723f,0.056250000000000015f,0f,0.9990482215818578f,-0.04361938736533619f,-0.0625f,-0.5735764363510462f,-0.035730910330948565f,-0.8183723930520603f,-0.1125f,0f,0f,0f,1f], start_interpolation: 0, interpolation_duration: 1 }
$data merge entity $(item_display_item_display) { transformation: [-0.13144581548673231f,-0.07030376436745447f,0.016714613569968326f,0.012499999999999994f,-0.06891544799787426f,0.13239476540474143f,0.014909296451401731f,-0.049999999999999975f,-0.021740713380204908f,0.005385796987348193f,-0.1483183554808064f,0.0625f,0f,0f,0f,1f], start_interpolation: 0, interpolation_duration: 1 }