# This file was generated by Animated Java via MC-Build. It is not recommended to edit this file directly.
$data merge entity $(bone_head) { transformation: [-0.9995769163500234f,0.029073562941170666f,-0.0008463085039946158f,3.827021247335479e-18f,0.023532897945195093f,0.7912984925108343f,-0.6109770032205648f,-0.08125f,-0.017093595715330884f,-0.6107384249316452f,-0.7916478922459997f,-0.03125f,0f,0f,0f,1f], start_interpolation: 0, interpolation_duration: 1 }
$data merge entity $(bone_front_right_foot) { transformation: [-0.7071067811865476f,-0.06162841671621944f,-0.7044160264027587f,-0.08124999999999999f,-3.469446951953614e-18f,0.9961946980917455f,-0.0871557427476583f,-0.0625f,0.7071067811865476f,-0.06162841671621944f,-0.7044160264027587f,-0.11250000000000002f,0f,0f,0f,1f], start_interpolation: 0, interpolation_duration: 1 }
$data merge entity $(bone_front_left_foot) { transformation: [-0.8191520442889917f,0.04999048033273038f,0.5713938048432698f,0.056250000000000015f,3.469446951953614e-18f,0.9961946980917455f,-0.0871557427476583f,-0.0625f,-0.5735764363510463f,-0.07139380484326976f,-0.8160349234517082f,-0.1125f,0f,0f,0f,1f], start_interpolation: 0, interpolation_duration: 1 }
$data merge entity $(item_display_item_display) { transformation: [-0.13144590325369027f,-0.06950673120254552f,0.019768379684703314f,0.012499999999999994f,-0.06891431498091996f,0.1329196271903202f,0.009120849647749467f,-0.04374999999999998f,-0.021743774017682783f,-0.0010895068257635449f,-0.14841166149041174f,0.0625f,0f,0f,0f,1f], start_interpolation: 0, interpolation_duration: 1 }