# This file was generated by Animated Java via MC-Build. It is not recommended to edit this file directly.
$data merge entity $(bone_body) { transformation: [-1f,1.0031719290535246e-16f,7.024285468436544e-17f,-1.5308084989341916e-18f,0f,0.5735764363510463f,-0.8191520442889917f,-0.09375f,-1.2246467991473532e-16f,-0.8191520442889917f,-0.5735764363510463f,0.0125f,0f,0f,0f,1f], start_interpolation: 0, interpolation_duration: 1 }
$data merge entity $(bone_head) { transformation: [-1f,8.034405899049453e-17f,9.242526717056605e-17f,3.827021247335479e-18f,0f,0.7547095802227721f,-0.6560590289905072f,-0.08125f,-1.2246467991473532e-16f,-0.6560590289905072f,-0.7547095802227721f,-0.03125f,0f,0f,0f,1f], start_interpolation: 0, interpolation_duration: 1 }
$data merge entity $(bone_1) { transformation: [-1f,2.1265768495757713e-17f,1.2060416625018976e-16f,-7.654042494670958e-19f,0f,0.984807753012208f,-0.17364817766693033f,-0.20625000000000002f,-1.2246467991473532e-16f,-0.17364817766693033f,-0.984807753012208f,0.00625f,0f,0f,0f,1f], start_interpolation: 0, interpolation_duration: 1 }
$data merge entity $(bone_2) { transformation: [-1f,-2.5461838666528304e-17f,1.1978853283323184e-16f,3.061616997868383e-18f,0f,0.9781476007338057f,0.2079116908177593f,-0.275f,-1.2246467991473532e-16f,0.2079116908177593f,-0.9781476007338057f,-0.025f,0f,0f,0f,1f], start_interpolation: 0, interpolation_duration: 1 }
$data merge entity $(bone_3) { transformation: [-1f,-7.370108417819462e-17f,9.780464210648311e-17f,1.262917011620708e-17f,0f,0.7986355100472928f,0.6018150231520483f,-0.359375f,-1.2246467991473532e-16f,0.6018150231520483f,-0.7986355100472928f,-0.10312500000000001f,0f,0f,0f,1f], start_interpolation: 0, interpolation_duration: 1 }
$data merge entity $(bone_4) { transformation: [-1f,-1.0605752387249068e-16f,6.123233995736767e-17f,2.678914873134835e-17f,0f,0.5000000000000001f,0.8660254037844386f,-0.41875f,-1.2246467991473532e-16f,0.8660254037844386f,-0.5000000000000001f,-0.21875f,0f,0f,0f,1f], start_interpolation: 0, interpolation_duration: 1 }
$data merge entity $(bone_front_right_foot) { transformation: [-0.7071067811865476f,0f,-0.7071067811865475f,-0.08124999999999999f,0f,1f,0f,-0.0625f,0.7071067811865475f,0f,-0.7071067811865476f,-0.11250000000000002f,0f,0f,0f,1f], start_interpolation: 0, interpolation_duration: 1 }
$data merge entity $(bone_front_left_foot) { transformation: [-0.8191520442889917f,0f,0.5735764363510462f,0.056250000000000015f,0f,1f,0f,-0.0625f,-0.5735764363510462f,0f,-0.8191520442889917f,-0.1125f,0f,0f,0f,1f], start_interpolation: 0, interpolation_duration: 1 }
$data merge entity $(item_display_item_display) { transformation: [-0.13138596501902824f,-0.07107250881863938f,0.01365381581255283f,0.012499999999999994f,-0.06901668704771784f,0.13156136780215139f,0.02069549252819146f,-0.056249999999999994f,-0.02178130172822711f,0.011845040829455884f,-0.14793670911160778f,0.0625f,0f,0f,0f,1f], start_interpolation: 0, interpolation_duration: 1 }