# This file was generated by Animated Java via MC-Build. It is not recommended to edit this file directly.
$data merge entity $(bone_head) { transformation: [-0.9995769163500235f,-0.029073562941170424f,0.0008463085039948132f,3.827021247335479e-18f,-0.023532897945195023f,0.7912984925108342f,-0.6109770032205649f,-0.08125f,0.017093595715330586f,-0.6107384249316453f,-0.7916478922459996f,-0.03125f,0f,0f,0f,1f], start_interpolation: 0, interpolation_duration: 1 }
$data merge entity $(bone_front_right_foot) { transformation: [-0.7071067811865476f,-0.06162841671621926f,-0.7044160264027587f,-0.08124999999999999f,3.469446951953614e-18f,0.9961946980917455f,-0.08715574274765805f,-0.0625f,0.7071067811865476f,-0.06162841671621928f,-0.7044160264027587f,-0.11250000000000002f,0f,0f,0f,1f], start_interpolation: 0, interpolation_duration: 1 }
$data merge entity $(bone_front_left_foot) { transformation: [-0.8191520442889917f,0.04999048033273024f,0.5713938048432698f,0.056250000000000015f,0f,0.9961946980917455f,-0.08715574274765805f,-0.0625f,-0.5735764363510463f,-0.07139380484326957f,-0.8160349234517082f,-0.1125f,0f,0f,0f,1f], start_interpolation: 0, interpolation_duration: 1 }
$data merge entity $(item_display_item_display) { transformation: [-0.13144590325369027f,-0.06950673120254552f,0.019768379684703297f,0.012499999999999994f,-0.06891431498091996f,0.1329196271903202f,0.0091208496477495f,-0.043750000000000025f,-0.021743774017682783f,-0.001089506825763507f,-0.14841166149041174f,0.0625f,0f,0f,0f,1f], start_interpolation: 0, interpolation_duration: 1 }