# This file was generated by Animated Java via MC-Build. It is not recommended to edit this file directly.
$data merge entity $(bone_head) { transformation: [-1f,8.034405899049453e-17f,9.242526717056605e-17f,3.827021247335479e-18f,0f,0.7547095802227721f,-0.6560590289905072f,-0.08125f,-1.2246467991473532e-16f,-0.6560590289905072f,-0.7547095802227721f,-0.03125f,0f,0f,0f,1f], start_interpolation: 0, interpolation_duration: 1 }
$data merge entity $(bone_front_right_foot) { transformation: [-0.7071067811865476f,0f,-0.7071067811865475f,-0.08124999999999999f,0f,1f,0f,-0.0625f,0.7071067811865475f,0f,-0.7071067811865476f,-0.11250000000000002f,0f,0f,0f,1f], start_interpolation: 0, interpolation_duration: 1 }
$data merge entity $(bone_front_left_foot) { transformation: [-0.8191520442889917f,0f,0.5735764363510462f,0.056250000000000015f,0f,1f,0f,-0.0625f,-0.5735764363510462f,0f,-0.8191520442889917f,-0.1125f,0f,0f,0f,1f], start_interpolation: 0, interpolation_duration: 1 }
$data merge entity $(item_display_item_display) { transformation: [-0.13138596501902824f,-0.07107250881863938f,0.01365381581255283f,0.012499999999999994f,-0.06901668704771784f,0.13156136780215139f,0.02069549252819146f,-0.056249999999999994f,-0.02178130172822711f,0.011845040829455884f,-0.14793670911160778f,0.0625f,0f,0f,0f,1f], start_interpolation: 0, interpolation_duration: 1 }