# This file was generated by Animated Java via MC-Build. It is not recommended to edit this file directly.
$data merge entity $(bone_head) { transformation: [-0.9990482215818359f,-0.043619387365836634f,-4.888847774010807e-13f,3.827021247335479e-18f,-0.035288825662879594f,0.8082469894593503f,-0.5877852522930732f,-0.08125f,0.02563883260809272f,-0.5872258109754084f,-0.8090169943745114f,-0.03125f,0f,0f,0f,1f], start_interpolation: 0, interpolation_duration: 1 }
$data merge entity $(bone_front_right_foot) { transformation: [-0.7071067811865476f,-0.09229595564125724f,-0.7010573846499778f,-0.08124999999999999f,6.938893903907228e-18f,0.9914448613738104f,-0.13052619222005157f,-0.0625f,0.7071067811865474f,-0.09229595564125725f,-0.701057384649978f,-0.11250000000000002f,0f,0f,0f,1f], start_interpolation: 0, interpolation_duration: 1 }
$data merge entity $(bone_front_left_foot) { transformation: [-0.8191520442889917f,0.07486674818404883f,0.5686694104253472f,0.056250000000000015f,6.938893903907228e-18f,0.9914448613738104f,-0.13052619222005157f,-0.0625f,-0.5735764363510462f,-0.10692079719031314f,-0.8121440849941728f,-0.1125f,0f,0f,0f,1f], start_interpolation: 0, interpolation_duration: 1 }
$data merge entity $(item_display_item_display) { transformation: [-0.1313859650189149f,-0.06868229306614772f,0.02281382947302526f,0.012499999999999994f,-0.06901668704793357f,0.13313714589845893f,0.003346235338415682f,-0.037500000000000006f,-0.02178130172822728f,-0.007565910466577123f,-0.14821717813342578f,0.0625f,0f,0f,0f,1f], start_interpolation: 0, interpolation_duration: 1 }