# This file was generated by Animated Java via MC-Build. It is not recommended to edit this file directly.
$data merge entity $(bone_body) { transformation: [-1f,8.507111498835265e-17f,8.809371839840261e-17f,-1.2246467991473517e-18f,0f,0.7193398003386519f,-0.6946583704589966f,-0.1125000000000001f,-1.2246467991473532e-16f,-0.6946583704589966f,-0.7193398003386519f,0.009999999999999988f,0f,0f,0f,1f], start_interpolation: 0, interpolation_duration: 1 }
$data merge entity $(bone_head) { transformation: [-1f,6.634012257945979e-17f,1.0293972004411526e-16f,3.061616997868379e-18f,0f,0.8405666034956847f,-0.5417082102827392f,-0.10250000000000012f,-1.2246467991473532e-16f,-0.5417082102827392f,-0.8405666034956847f,-0.024999999999999967f,0f,0f,0f,1f], start_interpolation: 0, interpolation_duration: 1 }
$data merge entity $(bone_1) { transformation: [-1f,1.704378926181554e-17f,1.2127286206821952e-16f,-6.123233995736758e-19f,0f,0.9902680687415704f,-0.1391731009600653f,-0.20249999999999996f,-1.2246467991473532e-16f,-0.1391731009600653f,-0.9902680687415704f,0.004999999999999994f,0f,0f,0f,1f], start_interpolation: 0, interpolation_duration: 1 }
$data merge entity $(bone_2) { transformation: [-1f,-2.0423281186369002e-17f,1.207496890770369e-16f,2.4492935982947033e-18f,0f,0.985996037070505f,0.16676874671610203f,-0.2574999999999999f,-1.2246467991473532e-16f,0.16676874671610203f,-0.985996037070505f,-0.019999999999999973f,0f,0f,0f,1f], start_interpolation: 0, interpolation_duration: 1 }
$data merge entity $(bone_3) { transformation: [-1f,-6.049043258772465e-17f,1.0648241822934206e-16f,9.337931843498566e-18f,0f,0.8694949295052194f,0.4939418665842303f,-0.33124999999999993f,-1.2246467991473532e-16f,0.4939418665842303f,-0.8694949295052194f,-0.07624999999999998f,0f,0f,0f,1f], start_interpolation: 0, interpolation_duration: 1 }
$data merge entity $(bone_4) { transformation: [-1f,-9.100899318238084e-17f,8.194486552889043e-17f,1.990051048614449e-17f,0f,0.669130606358859f,0.7431448254773935f,-0.39125f,-1.2246467991473532e-16f,0.7431448254773935f,-0.669130606358859f,-0.1625f,0f,0f,0f,1f], start_interpolation: 0, interpolation_duration: 1 }
$data merge entity $(bone_front_right_foot) { transformation: [-0.809016994374948f,0f,-0.5877852522924724f,-0.0649999999999999f,0f,1f,0f,-0.08750000000000013f,0.5877852522924724f,0f,-0.809016994374948f,-0.0899999999999999f,0f,0f,0f,1f], start_interpolation: 0, interpolation_duration: 1 }
$data merge entity $(bone_front_left_foot) { transformation: [-0.8829475928589271f,0f,0.4694715627858903f,0.04499999999999996f,0f,1f,0f,-0.08750000000000013f,-0.4694715627858903f,0f,-0.8829475928589271f,-0.08999999999999989f,0f,0f,0f,1f], start_interpolation: 0, interpolation_duration: 1 }
$data merge entity $(item_display_item_display) { transformation: [-0.11038718300841861f,-0.04624103426931678f,0.00874280144860568f,0.009999999999999981f,-0.04518311516257172f,0.11037263011500102f,0.013280384998294325f,-0.07000000000000006f,-0.013158872735597498f,0.008924644037776036f,-0.11894198080210078f,0.0625f,0f,0f,0f,1f], start_interpolation: 0, interpolation_duration: 1 }