# This file was generated by Animated Java via MC-Build. It is not recommended to edit this file directly.
$data merge entity $(bone_body) { transformation: [-1f,6.669904509218559e-17f,1.0270752265734565e-16f,-9.184850993605144e-19f,0f,0.8386705679454242f,-0.5446390350150269f,-0.13125000000000003f,-1.2246467991473532e-16f,-0.5446390350150269f,-0.8386705679454242f,0.007499999999999996f,0f,0f,0f,1f], start_interpolation: 0, interpolation_duration: 1 }
$data merge entity $(bone_head) { transformation: [-1f,5.097969397882243e-17f,1.1134930906136865e-16f,2.296212748401286e-18f,0f,0.9092361090470686f,-0.41628079226040093f,-0.12375000000000004f,-1.2246467991473532e-16f,-0.41628079226040093f,-0.9092361090470686f,-0.01874999999999999f,0f,0f,0f,1f], start_interpolation: 0, interpolation_duration: 1 }
$data merge entity $(bone_1) { transformation: [-1f,1.2801044796052341e-17f,1.217938055844715e-16f,-4.592425496802572e-19f,0f,0.9945218953682733f,-0.1045284632676534f,-0.19875f,-1.2246467991473532e-16f,-0.1045284632676534f,-0.9945218953682733f,0.003749999999999998f,0f,0f,0f,1f], start_interpolation: 0, interpolation_duration: 1 }
$data merge entity $(bone_2) { transformation: [-1f,-1.5348894331131267e-17f,1.2149900933518077e-16f,1.836970198721029e-18f,0f,0.9921147013144779f,0.12533323356430415f,-0.24f,-1.2246467991473532e-16f,0.12533323356430415f,-0.9921147013144779f,-0.01499999999999999f,0f,0f,0f,1f], start_interpolation: 0, interpolation_duration: 1 }
$data merge entity $(bone_3) { transformation: [-1f,-4.6272151016455294e-17f,1.1338644481122482e-16f,6.276314845630185e-18f,0f,0.9258705848099948f,0.3778407868184669f,-0.295625f,-1.2246467991473532e-16f,0.3778407868184669f,-0.9258705848099948f,-0.05125f,0f,0f,0f,1f], start_interpolation: 0, interpolation_duration: 1 }
$data merge entity $(bone_4) { transformation: [-1f,-7.198293278059963e-17f,9.90760072617092e-17f,1.2629170116207081e-17f,0f,0.8090169943749477f,0.5877852522924728f,-0.353125f,-1.2246467991473532e-16f,0.5877852522924728f,-0.8090169943749477f,-0.10312500000000001f,0f,0f,0f,1f], start_interpolation: 0, interpolation_duration: 1 }
$data merge entity $(bone_front_right_foot) { transformation: [-0.8910065241883681f,0f,-0.45399049973954647f,-0.04874999999999997f,0f,1f,0f,-0.11250000000000004f,0.45399049973954647f,0f,-0.8910065241883681f,-0.06749999999999996f,0f,0f,0f,1f], start_interpolation: 0, interpolation_duration: 1 }
$data merge entity $(bone_front_left_foot) { transformation: [-0.9335804264972019f,0f,0.3583679495453002f,0.03374999999999999f,0f,1f,0f,-0.11250000000000004f,-0.3583679495453002f,0f,-0.9335804264972019f,-0.06749999999999996f,0f,0f,0f,1f], start_interpolation: 0, interpolation_duration: 1 }
$data merge entity $(item_display_item_display) { transformation: [-0.0859173645631881f,-0.02634393077212648f,0.004919733528315623f,0.0074999999999999884f,-0.02589988323821944f,0.08586711097372117f,0.00748567306748359f,-0.08375000000000002f,-0.006884948421217488f,0.005730319755481091f,-0.08955311787278605f,0.0625f,0f,0f,0f,1f], start_interpolation: 0, interpolation_duration: 1 }