# This file was generated by Animated Java via MC-Build. It is not recommended to edit this file directly.
$data merge entity $(bone_body) { transformation: [-1f,4.5876076556628906e-17f,1.1354727397163219e-16f,-6.123233995736745e-19f,0f,0.9271838545667879f,-0.37460659341591074f,-0.15000000000000013f,-1.2246467991473532e-16f,-0.37460659341591074f,-0.9271838545667879f,0.004999999999999983f,0f,0f,0f,1f], start_interpolation: 0, interpolation_duration: 1 }
$data merge entity $(bone_head) { transformation: [-1f,3.4576856138922805e-17f,1.1748207882978074e-16f,1.530808498934186e-18f,0f,0.9593139745400578f,-0.2823414568428755f,-0.14500000000000016f,-1.2246467991473532e-16f,-0.2823414568428755f,-0.9593139745400578f,-0.012499999999999956f,0f,0f,0f,1f], start_interpolation: 0, interpolation_duration: 1 }
$data merge entity $(bone_1) { transformation: [-1f,8.542704229054912e-18f,1.2216636210951633e-16f,-3.0616169978683724e-19f,0f,0.9975640502598243f,-0.06975647374412505f,-0.19499999999999998f,-1.2246467991473532e-16f,-0.06975647374412505f,-0.9975640502598243f,0.0024999999999999914f,0f,0f,0f,1f], start_interpolation: 0, interpolation_duration: 1 }
$data merge entity $(bone_2) { transformation: [-1f,-1.024758029964735e-17f,1.2203517904530994e-16f,1.224646799147349e-18f,0f,0.9964928592495044f,0.08367784333231519f,-0.22249999999999986f,-1.2246467991473532e-16f,0.08367784333231519f,-0.9964928592495044f,-0.009999999999999966f,0f,0f,0f,1f], start_interpolation: 0, interpolation_duration: 1 }
$data merge entity $(bone_3) { transformation: [-1f,-3.1283082981183434e-17f,1.184017168195249e-16f,3.44431912260193e-18f,0f,0.9668233886044596f,0.2554457579357896f,-0.2593749999999999f,-1.2246467991473532e-16f,0.2554457579357896f,-0.9668233886044596f,-0.02812499999999999f,0f,0f,0f,1f], start_interpolation: 0, interpolation_duration: 1 }
$data merge entity $(bone_4) { transformation: [-1f,-4.9810872803871654e-17f,1.1187705205776159e-16f,6.8886382452038604e-18f,0f,0.9135454576426015f,0.4067366430757989f,-0.2981249999999999f,-1.2246467991473532e-16f,0.4067366430757989f,-0.9135454576426015f,-0.05624999999999999f,0f,0f,0f,1f], start_interpolation: 0, interpolation_duration: 1 }
$data merge entity $(bone_front_right_foot) { transformation: [-0.9510565162951539f,0f,-0.30901699437494623f,-0.032499999999999876f,0f,1f,0f,-0.13750000000000018f,0.30901699437494623f,0f,-0.9510565162951539f,-0.04499999999999985f,0f,0f,0f,1f], start_interpolation: 0, interpolation_duration: 1 }
$data merge entity $(bone_front_left_foot) { transformation: [-0.9702957262759967f,0f,0.241921895599667f,0.02249999999999993f,0f,1f,0f,-0.13750000000000018f,-0.241921895599667f,0f,-0.9702957262759967f,-0.044999999999999846f,0f,0f,0f,1f], start_interpolation: 0, interpolation_duration: 1 }
$data merge entity $(item_display_item_display) { transformation: [-0.058784538841424726f,-0.011815005318386496f,0.002187153978920166f,0.004999999999999975f,-0.011685441914950063f,0.058756693497311156f,0.0033318788266293066f,-0.09750000000000009f,-0.002797935033794697f,0.002838418325319801f,-0.05986747815765362f,0.0625f,0f,0f,0f,1f], start_interpolation: 0, interpolation_duration: 1 }