# This file was generated by Animated Java via MC-Build. It is not recommended to edit this file directly.
$data merge entity $(bone_head) { transformation: [-0.9995769163500234f,0.0290735629411706f,-0.0008463085039946193f,3.827021247335479e-18f,0.02353289794519504f,0.7912984925108342f,-0.6109770032205649f,-0.08125f,-0.01709359571533085f,-0.6107384249316453f,-0.7916478922459996f,-0.03125f,0f,0f,0f,1f], start_interpolation: 0, interpolation_duration: 1 }
$data merge entity $(bone_front_right_foot) { transformation: [-0.7071067811865476f,-0.06162841671621933f,-0.7044160264027587f,-0.08124999999999999f,3.469446951953614e-18f,0.9961946980917455f,-0.08715574274765815f,-0.0625f,0.7071067811865476f,-0.061628416716219346f,-0.7044160264027587f,-0.11250000000000002f,0f,0f,0f,1f], start_interpolation: 0, interpolation_duration: 1 }
$data merge entity $(bone_front_left_foot) { transformation: [-0.8191520442889917f,0.0499904803327303f,0.5713938048432698f,0.056250000000000015f,3.469446951953614e-18f,0.9961946980917455f,-0.08715574274765815f,-0.0625f,-0.5735764363510463f,-0.07139380484326964f,-0.8160349234517082f,-0.1125f,0f,0f,0f,1f], start_interpolation: 0, interpolation_duration: 1 }
$data merge entity $(item_display_item_display) { transformation: [-0.13144590325369027f,-0.06950673120254552f,0.019768379684703293f,0.012499999999999994f,-0.06891431498091996f,0.1329196271903202f,0.009120849647749488f,-0.04375000000000001f,-0.02174377401768278f,-0.0010895068257635167f,-0.14841166149041174f,0.0625f,0f,0f,0f,1f], start_interpolation: 0, interpolation_duration: 1 }