# This file was generated by Animated Java via MC-Build. It is not recommended to edit this file directly.
$data merge entity $(bone_body) { transformation: [-1f,2.336736254364068e-17f,1.2021465881652135e-16f,-3.061616997868373e-19f,0f,0.9816271834476641f,-0.19080899537654405f,-0.16875000000000007f,-1.2246467991473532e-16f,-0.19080899537654405f,-0.9816271834476641f,0.002499999999999992f,0f,0f,0f,1f], start_interpolation: 0, interpolation_duration: 1 }
$data merge entity $(bone_head) { transformation: [-1f,1.7467006712825433e-17f,1.2121262930533554e-16f,7.65404249467093e-19f,0f,0.989776230907789f,-0.1426289337055112f,-0.16625000000000006f,-1.2246467991473532e-16f,-0.1426289337055112f,-0.989776230907789f,-0.006249999999999978f,0f,0f,0f,1f], start_interpolation: 0, interpolation_duration: 1 }
$data merge entity $(bone_1) { transformation: [-1f,4.2739556928571264e-18f,1.2239007774061617e-16f,-1.5308084989341864e-19f,0f,0.9993908270190958f,-0.034899496702500844f,-0.19125f,-1.2246467991473532e-16f,-0.034899496702500844f,-0.9993908270190958f,0.001249999999999996f,0f,0f,0f,1f], start_interpolation: 0, interpolation_duration: 1 }
$data merge entity $(bone_2) { transformation: [-1f,-5.128288530166707e-18f,1.2235725758356118e-16f,6.123233995736744e-19f,0f,0.9991228300988584f,0.04187565372919948f,-0.20499999999999996f,-1.2246467991473532e-16f,0.04187565372919948f,-0.9991228300988584f,-0.004999999999999982f,0f,0f,0f,1f], start_interpolation: 0, interpolation_duration: 1 }
$data merge entity $(bone_3) { transformation: [-1f,-1.5772911509298553e-17f,1.214446914819187e-16f,1.722159561300965e-18f,0f,0.9916711623830905f,0.12879559657756234f,-0.22343749999999998f,-1.2246467991473532e-16f,0.12879559657756234f,-0.9916711623830905f,-0.014062499999999995f,0f,0f,0f,1f], start_interpolation: 0, interpolation_duration: 1 }
$data merge entity $(bone_4) { transformation: [-1f,-2.5461838666528224e-17f,1.1978853283323184e-16f,2.678914873134835e-18f,0f,0.9781476007338058f,0.20791169081775862f,-0.2425f,-1.2246467991473532e-16f,0.20791169081775862f,-0.9781476007338058f,-0.021875f,0f,0f,0f,1f], start_interpolation: 0, interpolation_duration: 1 }
$data merge entity $(bone_front_right_foot) { transformation: [-0.9876883405951378f,0f,-0.15643446504023026f,-0.01624999999999994f,0f,1f,0f,-0.1625000000000001f,0.15643446504023026f,0f,-0.9876883405951378f,-0.022499999999999926f,0f,0f,0f,1f], start_interpolation: 0, interpolation_duration: 1 }
$data merge entity $(bone_front_left_foot) { transformation: [-0.9925461516413221f,0f,0.12186934340514718f,0.011249999999999965f,0f,1f,0f,-0.1625000000000001f,-0.12186934340514718f,0f,-0.9925461516413221f,-0.022499999999999923f,0f,0f,0f,1f], start_interpolation: 0, interpolation_duration: 1 }
$data merge entity $(item_display_item_display) { transformation: [-0.02984763155500521f,-0.0029698170841047857f,0.0005468793684272482f,0.002499999999999984f,-0.0029540373216665706f,0.02984256349033962f,0.0008337072791122762f,-0.11125000000000004f,-0.0006265413464832399f,0.0007756228542295214f,-0.029983426340715946f,0.0625f,0f,0f,0f,1f], start_interpolation: 0, interpolation_duration: 1 }