# This file was generated by Animated Java via MC-Build. It is not recommended to edit this file directly.
$data merge entity $(block_display_block_display3) {transformation: [-0.3976f,0.0197f,-0.0394f,0.2367f,0.0418f,0.2823f,-0.2803f,-0.1974f,0.014f,-0.2827f,-0.2827f,-0.2443f,0f,0f,0f,1f],start_interpolation: 0,interpolation_duration: 1}
$data merge entity $(bone_body) {transformation: [-0.9939f,0.1045f,-0.0347f,0f,0.1045f,0.9945f,0.0036f,-0.625f,0.0349f,0f,-0.9994f,0.025f,0f,0f,0f,1f],start_interpolation: 0,interpolation_duration: 1}
$data merge entity $(block_display_block_display) {transformation: [-0.2991f,0.021f,-0.0112f,0.2047f,0.0214f,0.2991f,-0.0097f,-0.0027f,0.0105f,-0.0105f,-0.2996f,0.2938f,0f,0f,0f,1f],start_interpolation: 0,interpolation_duration: 1}
$data merge entity $(block_display_block_display1) {transformation: [-0.1495f,0.0105f,-0.0056f,0.1334f,0.0107f,0.1495f,-0.0049f,0.0057f,0.0052f,-0.0052f,-0.1498f,0.3901f,0f,0f,0f,1f],start_interpolation: 0,interpolation_duration: 1}
$data merge entity $(block_display_block_display2) {transformation: [-0.1495f,0.0105f,-0.0056f,0.1206f,0.0107f,0.1495f,-0.0049f,-0.0054f,0.0052f,-0.0052f,-0.1498f,0.0467f,0f,0f,0f,1f],start_interpolation: 0,interpolation_duration: 1}
$data merge entity $(bone_upper) {transformation: [-0.9969f,0.07f,-0.0372f,0f,0.0712f,0.9969f,-0.0324f,-0.625f,0.0349f,-0.0349f,-0.9988f,0.015f,0f,0f,0f,1f],start_interpolation: 0,interpolation_duration: 1}
$data merge entity $(bone_lower) {transformation: [-0.9951f,0.0698f,0.0696f,0f,0.0696f,0.9976f,-0.0049f,-0.625f,-0.0698f,0f,-0.9976f,0f,0f,0f,0f,1f],start_interpolation: 0,interpolation_duration: 1}
$data merge entity $(bone_front_left) {transformation: [-1f,0f,0f,0f,0f,0.9903f,0.1392f,-0.625f,0f,0.1392f,-0.9903f,0f,0f,0f,0f,1f],start_interpolation: 0,interpolation_duration: 1}
$data merge entity $(bone_back_left) {transformation: [-1f,0f,0f,0f,0f,0.9976f,-0.0698f,-0.6f,0f,-0.0698f,-0.9976f,0f,0f,0f,0f,1f],start_interpolation: 0,interpolation_duration: 1}
$data merge entity $(bone_front_right) {transformation: [-1f,0f,0f,0f,0f,0.8829f,-0.4695f,-0.625f,0f,-0.4695f,-0.8829f,0.075f,0f,0f,0f,1f],start_interpolation: 0,interpolation_duration: 1}
$data merge entity $(bone_back_right) {transformation: [-1f,0f,0f,0f,0f,0.9945f,0.1045f,-0.625f,0f,0.1045f,-0.9945f,0f,0f,0f,0f,1f],start_interpolation: 0,interpolation_duration: 1}