# This file was generated by Animated Java via MC-Build. It is not recommended to edit this file directly.
$data merge entity $(block_display_block_display3) {transformation: [-0.3998f,-0.0049f,0.0099f,0.1904f,-0.0105f,0.2828f,-0.2827f,-0.1699f,-0.0035f,-0.2828f,-0.2828f,-0.2545f,0f,0f,0f,1f],start_interpolation: 0,interpolation_duration: 2}
$data merge entity $(bone_body) {transformation: [-0.9996f,-0.0262f,0.0087f,0f,-0.0262f,0.9997f,0.0002f,-0.625f,-0.0087f,0f,-1f,0.0062f,0f,0f,0f,1f],start_interpolation: 0,interpolation_duration: 2}
$data merge entity $(block_display_block_display) {transformation: [-0.2999f,-0.0053f,0.0027f,0.1362f,-0.0053f,0.2999f,-0.0026f,0.0052f,-0.0026f,-0.0026f,-0.3f,0.3058f,0f,0f,0f,1f],start_interpolation: 0,interpolation_duration: 2}
$data merge entity $(block_display_block_display1) {transformation: [-0.15f,-0.0027f,0.0013f,0.0603f,-0.0027f,0.15f,-0.0013f,0.0046f,-0.0013f,-0.0013f,-0.15f,0.3989f,0f,0f,0f,1f],start_interpolation: 0,interpolation_duration: 2}
$data merge entity $(block_display_block_display2) {transformation: [-0.15f,-0.0027f,0.0013f,0.0634f,-0.0027f,0.15f,-0.0013f,0.0017f,-0.0013f,-0.0013f,-0.15f,0.0552f,0f,0f,0f,1f],start_interpolation: 0,interpolation_duration: 2}
$data merge entity $(bone_upper) {transformation: [-0.9998f,-0.0178f,0.0089f,0f,-0.0178f,0.9998f,-0.0086f,-0.625f,-0.0087f,-0.0087f,-0.9999f,0.0038f,0f,0f,0f,1f],start_interpolation: 0,interpolation_duration: 2}
$data merge entity $(bone_lower) {transformation: [-0.9997f,-0.0175f,-0.0174f,0f,-0.0174f,0.9998f,-0.0003f,-0.625f,0.0175f,0f,-0.9998f,0f,0f,0f,0f,1f],start_interpolation: 0,interpolation_duration: 2}
$data merge entity $(bone_front_left) {transformation: [-1f,0f,0f,0f,0f,0.9925f,-0.1219f,-0.625f,0f,-0.1219f,-0.9925f,0.025f,0f,0f,0f,1f],start_interpolation: 0,interpolation_duration: 2}
$data merge entity $(bone_back_left) {transformation: [-1f,0f,0f,0f,0f,0.9997f,0.0262f,-0.625f,0f,0.0262f,-0.9997f,0.0062f,0f,0f,0f,1f],start_interpolation: 0,interpolation_duration: 2}
$data merge entity $(bone_front_right) {transformation: [-1f,0f,0f,0f,0f,0.999f,0.0436f,-0.625f,0f,0.0436f,-0.999f,0f,0f,0f,0f,1f],start_interpolation: 0,interpolation_duration: 2}
$data merge entity $(bone_back_right) {transformation: [-1f,0f,0f,0f,0f,1f,-0.0087f,-0.6187f,0f,-0.0087f,-1f,0f,0f,0f,0f,1f],start_interpolation: 0,interpolation_duration: 2}